8 0.3676915322580645 0.243195564516129 0.3639112903225806 0.24672379032258066 0.36491935483870963 0.2522681451612903 0.368195564516129 0.2542842741935484 0.3702116935483871 0.25075604838709675 0.3707157258064516 0.24596774193548385
8 0.4291834677419355 0.26335685483870963 0.4264112903225806 0.265625 0.4254032258064516 0.2701612903225806 0.4291834677419355 0.2699092741935484 0.4314516129032258 0.2673891129032258
8 0.4359879032258064 0.25201612903225806 0.4342237903225806 0.25579637096774194 0.4354838709677419 0.25932459677419356 0.4375 0.2590725806451613 0.4380040322580645 0.2560483870967742
8 0.4745463709677419 0.25856854838709675 0.4717741935483871 0.25982862903225806 0.4722782258064516 0.26360887096774194 0.4750504032258064 0.2643649193548387 0.4763104838709677 0.2615927419354839
8 0.5257056451612903 0.2583165322580645 0.5236895161290323 0.2648689516129032 0.5252016129032258 0.26764112903225806 0.5284778225806451 0.26638104838709675 0.5292338709677419 0.2631048387096774 0.5287298387096774 0.26033266129032256
8 0.5622479838709677 0.26461693548387094 0.5622479838709677 0.2716733870967742 0.5662802419354839 0.2704133064516129 0.5682963709677419 0.2668850806451613 0.5660282258064516 0.2651209677419355
8 0.5199092741935484 0.28805443548387094 0.5231854838709677 0.2951108870967742 0.5289818548387097 0.2935987903225806 0.5272177419354839 0.2872983870967742
8 0.4579133064516129 0.2956149193548387 0.4571572580645161 0.2998991935483871 0.4616935483870968 0.3011592741935484 0.4632056451612903 0.2981350806451613 0.4611895161290322 0.2961189516129032
8 0.3676915322580645 0.26713709677419356 0.3694556451612903 0.2716733870967742 0.37399193548387094 0.27142137096774194 0.3755040322580645 0.26814516129032256 0.37273185483870963 0.2661290322580645
8 0.3858366935483871 0.2121975806451613 0.383820564516129 0.2162298387096774 0.3860887096774194 0.21900201612903225 0.39012096774193544 0.21849798387096775 0.3923891129032258 0.2162298387096774 0.39012096774193544 0.21421370967741934
8 0.3782762096774194 0.29107862903225806 0.3755040322580645 0.2935987903225806 0.376008064516129 0.296875 0.3782762096774194 0.2986391129032258 0.3810483870967742 0.296875 0.3810483870967742 0.29410282258064513
8 0.38482862903225806 0.29410282258064513 0.38230846774193544 0.297883064516129 0.3833165322580645 0.3004032258064516 0.3860887096774194 0.2998991935483871 0.3876008064516129 0.29662298387096775 0.3876008064516129 0.29410282258064513
8 0.37575604838709675 0.2729334677419355 0.376008064516129 0.27595766129032256 0.37651209677419356 0.28024193548387094 0.3797883064516129 0.2817540322580645 0.38130040322580644 0.27847782258064513 0.38054435483870963 0.27545362903225806 0.3782762096774194 0.27419354838709675
8 0.3886088709677419 0.3203125 0.3870967741935484 0.3251008064516129 0.38911290322580644 0.32837701612903225 0.39339717741935487 0.32585685483870963 0.39264112903225806 0.32232862903225806
8 0.4120463709677419 0.31325604838709675 0.4158266129032258 0.32056451612903225 0.4206149193548387 0.3177923387096774 0.4180947580645161 0.31325604838709675
8 0.4768145161290322 0.2991431451612903 0.4790826612903226 0.30317540322580644 0.4821068548387097 0.30493951612903225 0.4846270161290322 0.3004032258064516
8 0.4274193548387097 0.27923387096774194 0.4241431451612903 0.2830141129032258 0.422883064516129 0.28805443548387094 0.4274193548387097 0.28805443548387094 0.4299395161290322 0.2850302419354839 0.4299395161290322 0.28276209677419356
8 0.428679435483871 0.29057459677419356 0.4266633064516129 0.2930947580645161 0.4274193548387097 0.29712701612903225 0.4311995967741935 0.29637096774193544 0.4327116935483871 0.2930947580645161
8 0.4317036290322581 0.31930443548387094 0.4291834677419355 0.3195564516129032 0.4271673387096774 0.3225806451612903 0.4289314516129032 0.3251008064516129 0.4329637096774193 0.3256048387096774 0.4339717741935484 0.3220766129032258
8 0.5128528225806451 0.26411290322580644 0.5093245967741935 0.26461693548387094 0.5085685483870968 0.2673891129032258 0.5115927419354839 0.2699092741935484 0.5136088709677419 0.2686491935483871
8 0.486391129032258 0.2694052419354839 0.4856350806451613 0.2726814516129032 0.4889112903225806 0.27595766129032256 0.491179435483871 0.2746975806451613 0.4909274193548387 0.2709173387096774
8 0.461945564516129 0.3273689516129032 0.4594254032258064 0.3303931451612903 0.4601814516129032 0.33492943548387094 0.4639616935483871 0.3364415322580645 0.467741935483871 0.33316532258064513 0.4672379032258064 0.32963709677419356 0.4652217741935484 0.328125
8 0.41129032258064513 0.3389616935483871 0.4080141129032258 0.3419858870967742 0.4097782258064516 0.3450100806451613 0.413054435483871 0.34652217741935487 0.4140625 0.3429939516129032
8 0.4495967741935484 0.3528225806451613 0.4438004032258064 0.3533266129032258 0.4438004032258064 0.3576108870967742 0.4511088709677419 0.3581149193548387
8 0.4311995967741935 0.36743951612903225 0.4259072580645161 0.36668346774193544 0.4226310483870968 0.3714717741935484 0.4241431451612903 0.375 0.4281754032258064 0.37575604838709675 0.430695564516129 0.3717237903225806
8 0.4367439516129032 0.36214717741935487 0.4352318548387097 0.3646673387096774 0.4382560483870968 0.36869959677419356 0.4417842741935484 0.36693548387096775 0.4410282258064516 0.3639112903225806
8 0.4493447580645161 0.36668346774193544 0.446320564516129 0.368195564516129 0.4460685483870968 0.3717237903225806 0.4483366935483871 0.375 0.4518649193548387 0.37348790322580644 0.4536290322580645 0.3707157258064516 0.4526209677419355 0.36794354838709675
8 0.459929435483871 0.3802923387096774 0.4571572580645161 0.3802923387096774 0.4546370967741935 0.3820564516129032 0.4543850806451613 0.38558467741935487 0.4564012096774193 0.38785282258064513 0.4596774193548387 0.3860887096774194 0.461945564516129 0.383820564516129
8 0.4168346774193548 0.38230846774193544 0.4128024193548387 0.38356854838709675 0.4125504032258064 0.3868447580645161 0.4143145161290322 0.39037298387096775 0.4188508064516129 0.3893649193548387 0.4211189516129032 0.38482862903225806
8 0.4095262096774193 0.3737399193548387 0.4037298387096774 0.3709677419354839 0.4012096774193548 0.37399193548387094 0.4070060483870968 0.37777217741935487
8 0.4080141129032258 0.39037298387096775 0.4012096774193548 0.3898689516129032 0.4009576612903226 0.3928931451612903 0.4087701612903226 0.3936491935483871
8 0.41129032258064513 0.3966733870967742 0.4057459677419355 0.3996975806451613 0.4075100806451613 0.4037298387096774 0.4110383064516129 0.4032258064516129 0.4133064516129032 0.3996975806451613
8 0.25579637096774194 0.4289314516129032 0.2535282258064516 0.4314516129032258 0.2542842741935484 0.4349798387096774 0.2573084677419355 0.4354838709677419 0.2590725806451613 0.4327116935483871 0.25806451612903225 0.4301915322580645
8 0.2716733870967742 0.4090221774193548 0.2691532258064516 0.4105342741935484 0.26764112903225806 0.4135584677419355 0.2694052419354839 0.4165826612903226 0.2729334677419355 0.4153225806451613 0.274445564516129 0.4120463709677419
8 0.28755040322580644 0.4264112903225806 0.2852822580645161 0.4291834677419355 0.2847782258064516 0.4337197580645161 0.2865423387096774 0.4375 0.28931451612903225 0.4357358870967742 0.29057459677419356 0.4322076612903226 0.290070564516129 0.4294354838709677
8 0.27494959677419356 0.4405241935483871 0.2746975806451613 0.4455645161290322 0.2779737903225806 0.4440524193548387 0.27923387096774194 0.4412802419354839 0.2779737903225806 0.438508064516129
8 0.26764112903225806 0.4417842741935484 0.2638608870967742 0.4440524193548387 0.2626008064516129 0.4470766129032258 0.26411290322580644 0.4501008064516129 0.2678931451612903 0.4508568548387097 0.2701612903225806 0.4488407258064516 0.2704133064516129 0.4458165322580645
8 0.2610887096774194 0.4576612903225806 0.2608366935483871 0.4624495967741935 0.26360887096774194 0.4652217741935484 0.2673891129032258 0.4647177419354839 0.2696572580645161 0.4637096774193548 0.26764112903225806 0.4611895161290322 0.26537298387096775 0.4594254032258064
8 0.2623487903225806 0.4745463709677419 0.25982862903225806 0.475554435483871 0.25982862903225806 0.4790826612903226 0.2618447580645161 0.4818548387096774 0.265625 0.4808467741935484 0.266633064516129 0.4778225806451613 0.26537298387096775 0.4753024193548387
8 0.27318548387096775 0.4841229838709677 0.2691532258064516 0.4851310483870968 0.2678931451612903 0.4881552419354839 0.2701612903225806 0.491179435483871 0.2734375 0.4909274193548387 0.2752016129032258 0.4881552419354839
8 0.26839717741935487 0.491179435483871 0.26638104838709675 0.4934475806451613 0.2661290322580645 0.4967237903225806 0.26814516129032256 0.498991935483871 0.27142137096774194 0.4974798387096774 0.27192540322580644 0.4944556451612903 0.27116935483870963 0.4919354838709677
8 0.27973790322580644 0.5070564516129032 0.27620967741935487 0.5080645161290323 0.2739415322580645 0.5110887096774193 0.2752016129032258 0.5141129032258064 0.27847782258064513 0.5136088709677419 0.28099798387096775 0.5120967741935484 0.28150201612903225 0.509828629032258
8 0.27847782258064513 0.4684979838709677 0.27595766129032256 0.4702620967741935 0.2757056451612903 0.4732862903225806 0.2777217741935484 0.475554435483871 0.28074596774193544 0.475554435483871 0.28200604838709675 0.4725302419354839 0.28150201612903225 0.470766129032258
8 0.282258064516129 0.4606854838709677 0.2804939516129032 0.4627016129032258 0.28125 0.4662298387096774 0.28377016129032256 0.4669858870967742 0.2857862903225806 0.4652217741935484 0.2852822580645161 0.462953629032258
8 0.28755040322580644 0.4826108870967742 0.2847782258064516 0.484375 0.2842741935483871 0.4868951612903226 0.28679435483870963 0.4889112903225806 0.29057459677419356 0.4884072580645161 0.2913306451612903 0.4861391129032258 0.29057459677419356 0.4841229838709677
8 0.2787298387096774 0.4879032258064516 0.27595766129032256 0.4886592741935484 0.2757056451612903 0.4919354838709677 0.2777217741935484 0.4944556451612903 0.28074596774193544 0.4936995967741935 0.2825100806451613 0.4909274193548387 0.2817540322580645 0.4886592741935484
8 0.28150201612903225 0.4962197580645161 0.2794858870967742 0.4977318548387097 0.2799899193548387 0.5002520161290323 0.2830141129032258 0.5012600806451613 0.2850302419354839 0.4997479838709677 0.2847782258064516 0.4979838709677419
8 0.2908266129032258 0.5095766129032258 0.2890625 0.506804435483871 0.2857862903225806 0.5073084677419355 0.2842741935483871 0.5103326612903226 0.2850302419354839 0.5133568548387097 0.2878024193548387 0.5133568548387097
8 0.2865423387096774 0.5340221774193548 0.2835181451612903 0.5360383064516129 0.28326612903225806 0.5388104838709677 0.2860383064516129 0.5413306451612903 0.2895665322580645 0.5413306451612903 0.29107862903225806 0.5378024193548387 0.290070564516129 0.5357862903225806
8 0.2872983870967742 0.522429435483871 0.2850302419354839 0.5249495967741935 0.28704637096774194 0.5284778225806451 0.29057459677419356 0.5284778225806451 0.2928427419354839 0.5274697580645161 0.2923387096774194 0.5246975806451613 0.29057459677419356 0.522429435483871
8 0.3001512096774194 0.516633064516129 0.2973790322580645 0.5163810483870968 0.29485887096774194 0.5183971774193548 0.2961189516129032 0.5209173387096774 0.29939516129032256 0.5216733870967742 0.3011592741935484 0.5209173387096774
8 0.266633064516129 0.5234375 0.26360887096774194 0.525453629032258 0.26461693548387094 0.5287298387096774 0.26764112903225806 0.530241935483871 0.2699092741935484 0.5277217741935484 0.2699092741935484 0.5257056451612903
8 0.30493951612903225 0.4987399193548387 0.30191532258064513 0.502016129032258 0.3006552419354839 0.5055443548387097 0.3039314516129032 0.5078125 0.3079637096774194 0.5078125 0.31023185483870963 0.5045362903225806 0.3092237903225806 0.5022681451612903 0.313508064516129 0.5007560483870968 0.3130040322580645 0.4992439516129032
8 0.3339213709677419 0.4236391129032258 0.3314012096774194 0.4256552419354839 0.32963709677419356 0.4296875 0.33014112903225806 0.4332157258064516 0.33366935483870963 0.4327116935483871 0.336945564516129 0.4304435483870968 0.3382056451612903 0.4271673387096774 0.3371975806451613 0.4251512096774193
8 0.31275201612903225 0.4259072580645161 0.3079637096774194 0.4274193548387097 0.3092237903225806 0.4309475806451613 0.3125 0.4324596774193548
8 0.3167842741935484 0.4369959677419355 0.31401209677419356 0.4369959677419355 0.31224798387096775 0.4400201612903226 0.31401209677419356 0.4427923387096774 0.3170362903225806 0.4422883064516129 0.3190524193548387 0.4405241935483871
8 0.3165322580645161 0.4488407258064516 0.3125 0.4516129032258064 0.3125 0.4564012096774193 0.3167842741935484 0.4548891129032258 0.31880040322580644 0.4516129032258064
8 0.33669354838709675 0.4397681451612903 0.3319052419354839 0.4430443548387097 0.3371975806451613 0.4445564516129032
8 0.34223790322580644 0.4621975806451613 0.3389616935483871 0.4624495967741935 0.3364415322580645 0.4647177419354839 0.336945564516129 0.4674899193548387 0.3392137096774194 0.46875 0.3419858870967742 0.4674899193548387 0.34349798387096775 0.4652217741935484
8 0.29536290322580644 0.4763104838709677 0.2923387096774194 0.4763104838709677 0.2903225806451613 0.4798387096774193 0.29183467741935487 0.4823588709677419 0.296875 0.48160282258064513 0.3001512096774194 0.4808467741935484 0.29939516129032256 0.478578629032258
8 0.2986391129032258 0.4876512096774193 0.2961189516129032 0.4851310483870968 0.2935987903225806 0.4866431451612903 0.2935987903225806 0.4909274193548387 0.29637096774193544 0.493195564516129 0.29964717741935487 0.491179435483871
8 0.30418346774193544 0.4821068548387097 0.3021673387096774 0.4823588709677419 0.3006552419354839 0.4851310483870968 0.3016633064516129 0.4876512096774193 0.3046875 0.4889112903225806 0.3064516129032258 0.4868951612903226 0.3069556451612903 0.484375
8 0.3185483870967742 0.5093245967741935 0.31804435483870963 0.5120967741935484 0.3208165322580645 0.5136088709677419 0.3248487903225806 0.5136088709677419 0.3268649193548387 0.5120967741935484 0.32585685483870963 0.508820564516129 0.3235887096774194 0.5070564516129032 0.32106854838709675 0.5070564516129032
8 0.3125 0.5171370967741935 0.3117439516129032 0.5221774193548387 0.3155241935483871 0.5236895161290323 0.3185483870967742 0.5206653225806451 0.31829637096774194 0.5171370967741935 0.3160282258064516 0.5163810483870968
8 0.3137600806451613 0.5438508064516129 0.3084677419354839 0.5491431451612903 0.30493951612903225 0.5521673387096774 0.30367943548387094 0.5564516129032258 0.3092237903225806 0.5561995967741935 0.31224798387096775 0.5539314516129032 0.3130040322580645 0.5509072580645161 0.31527217741935487 0.548891129032258 0.3155241935483871 0.546875
8 0.29964717741935487 0.5340221774193548 0.2951108870967742 0.5357862903225806 0.29939516129032256 0.540070564516129
8 0.27923387096774194 0.4490927419354839 0.27595766129032256 0.4506048387096774 0.27545362903225806 0.4536290322580645 0.2779737903225806 0.4548891129032258 0.28074596774193544 0.453125
8 0.3130040322580645 0.4662298387096774 0.3112399193548387 0.4682459677419355 0.3112399193548387 0.4720262096774193 0.31401209677419356 0.4722782258064516 0.3165322580645161 0.469758064516129 0.3162802419354839 0.4674899193548387
8 0.3162802419354839 0.4831149193548387 0.31451612903225806 0.485383064516129 0.3155241935483871 0.4886592741935484 0.3190524193548387 0.4886592741935484 0.321320564516129 0.4861391129032258 0.3203125 0.4836189516129032
8 0.33366935483870963 0.4813508064516129 0.3314012096774194 0.483366935483871 0.3314012096774194 0.4871471774193548 0.33366935483870963 0.4891633064516129 0.33618951612903225 0.4873991935483871 0.336945564516129 0.4838709677419355
8 0.30367943548387094 0.4727822580645161 0.3001512096774194 0.4732862903225806 0.29889112903225806 0.4758064516129032 0.30267137096774194 0.4770665322580645 0.3064516129032258 0.4773185483870968 0.3084677419354839 0.4747983870967742 0.30720766129032256 0.4732862903225806
8 0.3364415322580645 0.452116935483871 0.3339213709677419 0.4536290322580645 0.33316532258064513 0.4569052419354839 0.33618951612903225 0.4579133064516129 0.3382056451612903 0.4571572580645161 0.33870967741935487 0.4548891129032258
8 0.34652217741935487 0.4435483870967742 0.34576612903225806 0.4495967741935484 0.3497983870967742 0.4506048387096774 0.35181451612903225 0.4495967741935484 0.35131048387096775 0.4470766129032258 0.35005040322580644 0.4448084677419355
8 0.36617943548387094 0.4523689516129032 0.3634072580645161 0.4538810483870968 0.3631552419354839 0.4571572580645161 0.3641633064516129 0.4596774193548387 0.36693548387096775 0.4601814516129032 0.3684475806451613 0.4574092741935484 0.36869959677419356 0.4553931451612903
8 0.37575604838709675 0.4238911290322581 0.37348790322580644 0.4256552419354839 0.37348790322580644 0.4289314516129032 0.37525201612903225 0.4314516129032258 0.3782762096774194 0.4299395161290322 0.3797883064516129 0.4279233870967742 0.3792842741935484 0.4251512096774193
8 0.3598790322580645 0.4488407258064516 0.3560987903225806 0.4493447580645161 0.3553427419354839 0.4523689516129032 0.3568548387096774 0.4556451612903226 0.35962701612903225 0.455141129032258 0.3616431451612903 0.4536290322580645 0.36189516129032256 0.4513608870967742
8 0.3533266129032258 0.4569052419354839 0.35105846774193544 0.45816532258064513 0.3508064516129032 0.4611895161290322 0.35307459677419356 0.4632056451612903 0.3560987903225806 0.4624495967741935 0.3568548387096774 0.459929435483871 0.35660282258064513 0.4584173387096774
8 0.2903225806451613 0.5027721774193548 0.2951108870967742 0.5075604838709677 0.2973790322580645 0.5047883064516129 0.2956149193548387 0.5015120967741935 0.2930947580645161 0.5007560483870968
8 0.29158266129032256 0.5113407258064516 0.2890625 0.5128528225806451 0.28981854838709675 0.515625 0.2920866935483871 0.517641129032258 0.29460685483870963 0.5163810483870968 0.29485887096774194 0.5136088709677419
8 0.3016633064516129 0.5100806451612903 0.29889112903225806 0.5113407258064516 0.2981350806451613 0.5138608870967742 0.2998991935483871 0.5161290322580645 0.3029233870967742 0.5168850806451613 0.30418346774193544 0.514616935483871 0.30418346774193544 0.5123487903225806
8 0.3303931451612903 0.4548891129032258 0.32787298387096775 0.4553931451612903 0.32762096774193544 0.45816532258064513 0.329133064516129 0.4609375 0.3319052419354839 0.4606854838709677 0.33316532258064513 0.4586693548387097 0.3326612903225806 0.4566532258064516
8 0.2890625 0.44254032258064513 0.2850302419354839 0.4453125 0.2860383064516129 0.4498487903225806 0.2908266129032258 0.4478326612903226
8 0.28402217741935487 0.438508064516129 0.2817540322580645 0.4405241935483871 0.28150201612903225 0.4432963709677419 0.2842741935483871 0.4438004032258064 0.2865423387096774 0.4422883064516129 0.28755040322580644 0.4402721774193548
8 0.25630040322580644 0.4576612903225806 0.25252016129032256 0.4611895161290322 0.2512600806451613 0.4662298387096774 0.2535282258064516 0.4705141129032258 0.2560483870967742 0.4695060483870968 0.25756048387096775 0.4649697580645161 0.25756048387096775 0.4621975806451613
8 0.3298891129032258 0.4672379032258064 0.3263608870967742 0.4672379032258064 0.3233366935483871 0.4705141129032258 0.32283266129032256 0.4742943548387097 0.3248487903225806 0.4768145161290322 0.329133064516129 0.4763104838709677 0.3316532258064516 0.4732862903225806 0.3319052419354839 0.4705141129032258
8 0.3717237903225806 0.4740423387096774 0.36869959677419356 0.4747983870967742 0.3671875 0.4778225806451613 0.3689516129032258 0.4808467741935484 0.3712197580645161 0.4800907258064516 0.3729838709677419 0.477570564516129
8 0.39616935483870963 0.4138104838709677 0.3939012096774194 0.4117943548387097 0.39037298387096775 0.4122983870967742 0.39138104838709675 0.4155745967741935 0.3944052419354839 0.4168346774193548
8 0.39339717741935487 0.4435483870967742 0.3923891129032258 0.4470766129032258 0.3944052419354839 0.4490927419354839 0.39742943548387094 0.4478326612903226 0.3976814516129032 0.4455645161290322 0.3964213709677419 0.4432963709677419
8 0.3876008064516129 0.4873991935483871 0.3876008064516129 0.4924395161290322 0.39264112903225806 0.4934475806451613 0.3949092741935484 0.4901713709677419 0.39314516129032256 0.4868951612903226 0.39037298387096775 0.4871471774193548
8 0.3704637096774194 0.4490927419354839 0.36668346774193544 0.4516129032258064 0.36920362903225806 0.4561491935483871 0.3732358870967742 0.4564012096774193 0.37348790322580644 0.4533770161290322
8 0.40625 0.4488407258064516 0.4019657258064516 0.4493447580645161 0.3984375 0.4548891129032258 0.3989415322580645 0.4591733870967742 0.4042338709677419 0.4586693548387097 0.4077620967741935 0.4556451612903226 0.4080141129032258 0.4523689516129032
8 0.407258064516129 0.4256552419354839 0.4042338709677419 0.4271673387096774 0.4044858870967742 0.4309475806451613 0.407258064516129 0.4329637096774193 0.4102822580645161 0.4311995967741935 0.4105342741935484 0.428679435483871
8 0.4498487903225806 0.4049899193548387 0.4465725806451613 0.40625 0.444304435483871 0.4092741935483871 0.4448084677419355 0.4122983870967742 0.4480846774193548 0.4145665322580645 0.4508568548387097 0.4148185483870968
8 0.4314516129032258 0.4049899193548387 0.428679435483871 0.4105342741935484 0.4299395161290322 0.4135584677419355 0.4332157258064516 0.4125504032258064 0.4342237903225806 0.4092741935483871 0.4339717741935484 0.4070060483870968
8 0.4238911290322581 0.4279233870967742 0.4206149193548387 0.4274193548387097 0.4175907258064516 0.4322076612903226 0.4175907258064516 0.4377520161290322 0.420866935483871 0.4390120967741935 0.4243951612903226 0.4352318548387097 0.4254032258064516 0.4319556451612903
8 0.38482862903225806 0.4606854838709677 0.38558467741935487 0.4652217741935484 0.3881048387096774 0.4684979838709677 0.3918850806451613 0.46875 0.3928931451612903 0.4649697580645161 0.39087701612903225 0.4639616935483871 0.3881048387096774 0.4616935483870968
8 0.39138104838709675 0.5118447580645161 0.3876008064516129 0.5108366935483871 0.3868447580645161 0.5178931451612903 0.3918850806451613 0.5173891129032258
8 0.4369959677419355 0.4319556451612903 0.4337197580645161 0.4301915322580645 0.430695564516129 0.4327116935483871 0.4324596774193548 0.4375 0.4375 0.438508064516129 0.4397681451612903 0.4357358870967742
8 0.444304435483871 0.4254032258064516 0.4412802419354839 0.4251512096774193 0.4402721774193548 0.428679435483871 0.4415322580645161 0.4329637096774193 0.444304435483871 0.4339717741935484 0.4450604838709677 0.4299395161290322
8 0.4183467741935484 0.4435483870967742 0.4153225806451613 0.4440524193548387 0.4143145161290322 0.4483366935483871 0.4148185483870968 0.4516129032258064 0.4180947580645161 0.4543850806451613 0.420866935483871 0.4518649193548387 0.4206149193548387 0.4478326612903226
8 0.38180443548387094 0.4395161290322581 0.37525201612903225 0.4412802419354839 0.3737399193548387 0.444304435483871 0.3755040322580645 0.4473286290322581 0.3797883064516129 0.4460685483870968 0.38432459677419356 0.444304435483871 0.3865927419354839 0.44254032258064513 0.38911290322580644 0.4380040322580645 0.3888608870967742 0.4357358870967742 0.3858366935483871 0.4375
8 0.4485887096774193 0.4332157258064516 0.4455645161290322 0.43472782258064513 0.4458165322580645 0.4387600806451613 0.4480846774193548 0.4412802419354839 0.4508568548387097 0.4420362903225806 0.452116935483871 0.438508064516129 0.4511088709677419 0.436491935483871
8 0.4042338709677419 0.4695060483870968 0.4012096774193548 0.4684979838709677 0.39994959677419356 0.4710181451612903 0.4007056451612903 0.4740423387096774
8 0.4153225806451613 0.4682459677419355 0.4107862903225806 0.4753024193548387 0.4198588709677419 0.4740423387096774
8 0.4296875 0.4679939516129032 0.4276713709677419 0.4667338709677419 0.4221270161290322 0.4682459677419355 0.421875 0.4717741935483871 0.4246471774193548 0.47379032258064513
8 0.4506048387096774 0.4692540322580645 0.4468245967741935 0.4684979838709677 0.4478326612903226 0.4740423387096774 0.4523689516129032 0.4735383064516129
8 0.4367439516129032 0.4470766129032258 0.4339717741935484 0.4511088709677419 0.4382560483870968 0.452116935483871
8 0.4566532258064516 0.4231350806451613 0.4561491935483871 0.430695564516129 0.4614415322580645 0.430695564516129 0.4609375 0.4248991935483871
8 0.4495967741935484 0.4460685483870968 0.4488407258064516 0.4501008064516129 0.4546370967741935 0.4508568548387097 0.4548891129032258 0.4473286290322581
8 0.4543850806451613 0.4576612903225806 0.4508568548387097 0.4564012096774193 0.4501008064516129 0.4601814516129032 0.4533770161290322 0.4624495967741935 0.4553931451612903 0.4621975806451613
8 0.4621975806451613 0.4498487903225806 0.4586693548387097 0.4516129032258064 0.4614415322580645 0.4566532258064516 0.4634576612903226 0.4561491935483871
8 0.4609375 0.491179435483871 0.4543850806451613 0.4909274193548387 0.4523689516129032 0.4957157258064516 0.4576612903225806 0.4969758064516129 0.4611895161290322 0.4947076612903226
8 0.444304435483871 0.5083165322580645 0.4422883064516129 0.5126008064516129 0.4445564516129032 0.5178931451612903 0.4480846774193548 0.5161290322580645 0.4480846774193548 0.5126008064516129
8 0.4375 0.5040322580645161 0.4344758064516129 0.5040322580645161 0.4327116935483871 0.5075604838709677 0.4337197580645161 0.5115927419354839 0.4369959677419355 0.5103326612903226 0.4380040322580645 0.5078125
8 0.4601814516129032 0.4674899193548387 0.4569052419354839 0.4652217741935484 0.4533770161290322 0.4674899193548387 0.4548891129032258 0.4720262096774193 0.4586693548387097 0.4742943548387097 0.4634576612903226 0.4732862903225806 0.4647177419354839 0.4700100806451613
8 0.4919354838709677 0.4422883064516129 0.4886592741935484 0.4427923387096774 0.4889112903225806 0.4465725806451613 0.4929435483870968 0.4483366935483871 0.4959677419354839 0.4465725806451613 0.4952116935483871 0.4440524193548387
8 0.4800907258064516 0.4684979838709677 0.4783266129032258 0.4722782258064516 0.4800907258064516 0.4750504032258064 0.4831149193548387 0.4722782258064516 0.4831149193548387 0.4700100806451613
8 0.475554435483871 0.4906754032258064 0.4727822580645161 0.4881552419354839 0.4700100806451613 0.48941532258064513 0.4690020161290322 0.4926915322580645 0.4730342741935484 0.4949596774193548 0.4763104838709677 0.493195564516129
8 0.4627016129032258 0.4332157258064516 0.4584173387096774 0.4342237903225806 0.4566532258064516 0.4380040322580645 0.4632056451612903 0.4382560483870968
8 0.478578629032258 0.4372479838709677 0.4765625 0.4400201612903226 0.4773185483870968 0.444304435483871 0.4803427419354839 0.4422883064516129 0.4808467741935484 0.4392641129032258
8 0.478578629032258 0.4576612903225806 0.4798387096774193 0.4616935483870968 0.4826108870967742 0.4627016129032258 0.4841229838709677 0.4589213709677419 0.4828629032258064 0.4564012096774193 0.4808467741935484 0.4564012096774193
8 0.5042842741935484 0.4639616935483871 0.501008064516129 0.4664818548387097 0.5015120967741935 0.4692540322580645 0.5050403225806451 0.4695060483870968 0.5070564516129032 0.467741935483871 0.506804435483871 0.4657258064516129
8 0.4868951612903226 0.4904233870967742 0.483366935483871 0.4914314516129032 0.4810987903225806 0.493195564516129 0.4818548387096774 0.4964717741935484 0.486391129032258 0.4957157258064516 0.4889112903225806 0.494203629032258
8 0.5085685483870968 0.4803427419354839 0.5057963709677419 0.48160282258064513 0.5057963709677419 0.4848790322580645 0.5080645161290323 0.4871471774193548 0.5100806451612903 0.4868951612903226 0.5103326612903226 0.484375
8 0.5718245967741935 0.4518649193548387 0.5700604838709677 0.4556451612903226 0.5703125 0.4596774193548387 0.5733366935483871 0.461945564516129 0.5756048387096774 0.4606854838709677 0.5756048387096774 0.4574092741935484 0.5751008064516129 0.4553931451612903
8 0.452116935483871 0.502016129032258 0.4495967741935484 0.5047883064516129 0.45035282258064513 0.5090725806451613 0.4536290322580645 0.5075604838709677 0.4538810483870968 0.5045362903225806
8 0.4851310483870968 0.5496471774193548 0.4818548387096774 0.5504032258064516 0.4813508064516129 0.5546875 0.4831149193548387 0.5579637096774193 0.4866431451612903 0.5582157258064516 0.4884072580645161 0.5554435483870968 0.4879032258064516 0.5531754032258064
8 0.5524193548387097 0.5252016129032258 0.5493951612903226 0.5264616935483871 0.5471270161290323 0.5297379032258064 0.5498991935483871 0.5335181451612903 0.5554435483870968 0.5352822580645161 0.5597278225806451 0.5350302419354839 0.5604838709677419 0.5315020161290323 0.5579637096774193 0.5292338709677419 0.5554435483870968 0.5274697580645161
8 0.5269657258064516 0.5055443548387097 0.5236895161290323 0.5037802419354839 0.5209173387096774 0.5070564516129032 0.5241935483870968 0.5095766129032258 0.5241935483870968 0.5136088709677419 0.5282258064516129 0.5131048387096774 0.5304939516129032 0.5103326612903226 0.5299899193548387 0.5083165322580645
8 0.5252016129032258 0.46597782258064513 0.5239415322580645 0.4702620967741935 0.5259576612903226 0.4727822580645161 0.5282258064516129 0.4702620967741935 0.5284778225806451 0.4684979838709677
8 0.5267137096774193 0.4747983870967742 0.5246975806451613 0.4788306451612903 0.5272177419354839 0.4810987903225806 0.5299899193548387 0.4795866935483871 0.5294858870967742 0.4770665322580645
8 0.540070564516129 0.462953629032258 0.538054435483871 0.4654737903225806 0.5390625 0.4690020161290322 0.5420866935483871 0.469758064516129 0.5443548387096774 0.4674899193548387 0.5438508064516129 0.4647177419354839
8 0.546875 0.4732862903225806 0.5446068548387097 0.475554435483871 0.5448588709677419 0.4795866935483871 0.5476310483870968 0.48160282258064513 0.5504032258064516 0.4798387096774193 0.5498991935483871 0.4768145161290322
8 0.5393145161290323 0.4778225806451613 0.5365423387096774 0.4790826612903226 0.5365423387096774 0.4831149193548387 0.5388104838709677 0.4848790322580645 0.5423387096774193 0.4841229838709677 0.5425907258064516 0.4813508064516129
8 0.53125 0.4823588709677419 0.5284778225806451 0.484375 0.5287298387096774 0.4884072580645161 0.53125 0.48941532258064513 0.5335181451612903 0.4873991935483871 0.5337701612903226 0.4851310483870968
8 0.5309979838709677 0.4909274193548387 0.5284778225806451 0.4929435483870968 0.5297379032258064 0.4954637096774193 0.5330141129032258 0.4957157258064516 0.5350302419354839 0.4936995967741935 0.5340221774193548 0.4919354838709677
8 0.5486391129032258 0.4818548387096774 0.5476310483870968 0.4858870967741935 0.5504032258064516 0.4879032258064516 0.5531754032258064 0.4873991935483871 0.5536794354838709 0.4848790322580645 0.5516633064516129 0.483366935483871
8 0.5625 0.47379032258064513 0.5561995967741935 0.4740423387096774 0.5551915322580645 0.4780745967741935 0.5569556451612903 0.4810987903225806 0.5609879032258064 0.4808467741935484 0.5632560483870968 0.478578629032258 0.5657762096774193 0.475554435483871
8 0.5541834677419355 0.4959677419354839 0.5501512096774193 0.4974798387096774 0.5493951612903226 0.5017641129032258 0.5521673387096774 0.5030241935483871 0.555695564516129 0.501008064516129 0.556703629032258 0.4987399193548387
8 0.491179435483871 0.5229334677419355 0.4836189516129032 0.5199092741935484 0.4803427419354839 0.5189012096774193 0.4821068548387097 0.5264616935483871 0.4881552419354839 0.5264616935483871 0.4934475806451613 0.5264616935483871
8 0.5035282258064516 0.5340221774193548 0.498991935483871 0.5350302419354839 0.4994959677419355 0.5393145161290323 0.5027721774193548 0.5423387096774193 0.5063004032258064 0.5441028225806451 0.5083165322580645 0.5398185483870968 0.5075604838709677 0.5360383064516129
8 0.4909274193548387 0.486391129032258 0.4884072580645161 0.4884072580645161 0.4896673387096774 0.4926915322580645 0.4936995967741935 0.494203629032258 0.4954637096774193 0.4909274193548387 0.4944556451612903 0.4879032258064516
8 0.4495967741935484 0.5786290322580645 0.4516129032258064 0.5836693548387097 0.4553931451612903 0.5851814516129032 0.4566532258064516 0.5808971774193548 0.4543850806451613 0.5778729838709677
8 0.5448588709677419 0.5730846774193548 0.5423387096774193 0.5768649193548387 0.5441028225806451 0.5819052419354839 0.5491431451612903 0.5819052419354839 0.5511592741935484 0.5773689516129032 0.5491431451612903 0.5738407258064516
8 0.5367943548387097 0.5435987903225806 0.5327620967741935 0.5433467741935484 0.532258064516129 0.5471270161290323 0.5360383064516129 0.5529233870967742
8 0.6300403225806451 0.5430947580645161 0.6265120967741935 0.5443548387096774 0.6247479838709677 0.5473790322580645 0.6257560483870968 0.5526713709677419 0.6305443548387097 0.5549395161290323 0.6335685483870968 0.5501512096774193 0.633820564516129 0.545866935483871
8 0.6360887096774193 0.5682963709677419 0.6323084677419355 0.5700604838709677 0.6315524193548387 0.5748487903225806 0.6350806451612903 0.5761088709677419 0.6383568548387097 0.5740927419354839
8 0.5 0.5534274193548387 0.4962197580645161 0.5549395161290323 0.494203629032258 0.5592237903225806 0.4962197580645161 0.5630040322580645 0.5017641129032258 0.5625 0.5027721774193548 0.5597278225806451 0.5005040322580645 0.5572076612903226
8 0.5173891129032258 0.5501512096774193 0.5120967741935484 0.5496471774193548 0.5115927419354839 0.5546875 0.5143649193548387 0.5584677419354839 0.5194052419354839 0.5549395161290323
8 0.524445564516129 0.5703125 0.5209173387096774 0.5718245967741935 0.5211693548387097 0.5761088709677419 0.524445564516129 0.5771169354838709 0.5264616935483871 0.5743447580645161
8 0.5219254032258064 0.6038306451612903 0.5189012096774193 0.6055947580645161 0.5194052419354839 0.6096270161290323 0.5234375 0.610383064516129 0.5262096774193548 0.6071068548387097
8 0.5461189516129032 0.6038306451612903 0.5433467741935484 0.6055947580645161 0.5433467741935484 0.6091229838709677 0.5476310483870968 0.6098790322580645 0.5504032258064516 0.6063508064516129
8 0.5622479838709677 0.6244959677419355 0.5572076612903226 0.6242439516129032 0.5569556451612903 0.6285282258064516 0.5609879032258064 0.6305443548387097 0.563508064516129 0.6285282258064516
8 0.5826612903225806 0.5866935483870968 0.5763608870967742 0.587953629032258 0.5776209677419355 0.5924899193548387 0.5819052419354839 0.5927419354838709 0.5831653225806451 0.5899697580645161
8 0.6131552419354839 0.4682459677419355 0.6081149193548387 0.46875 0.6073588709677419 0.4730342741935484 0.6101310483870968 0.4841229838709677 0.6126512096774193 0.4768145161290322
8 0.6640625 0.477570564516129 0.6612903225806451 0.4798387096774193 0.6592741935483871 0.4823588709677419 0.6610383064516129 0.4846270161290322 0.6630544354838709 0.4879032258064516 0.6680947580645161 0.4868951612903226 0.6673387096774193 0.4821068548387097
8 0.6549899193548387 0.4740423387096774 0.6519657258064516 0.4747983870967742 0.6522177419354838 0.4788306451612903 0.6552419354838709 0.4805947580645161 0.6575100806451613 0.4778225806451613
8 0.6358366935483871 0.4997479838709677 0.6328125 0.5085685483870968 0.6376008064516129 0.5085685483870968 0.6383568548387097 0.5045362903225806 0.6431451612903226 0.5040322580645161 0.6421370967741935 0.5012600806451613
8 0.594758064516129 0.5199092741935484 0.5912298387096774 0.5211693548387097 0.5917338709677419 0.5259576612903226 0.5960181451612903 0.5269657258064516 0.5985383064516129 0.524445564516129 0.5975302419354839 0.5206653225806451
8 0.5637600806451613 0.506804435483871 0.5609879032258064 0.5075604838709677 0.5582157258064516 0.5090725806451613 0.5589717741935484 0.5126008064516129 0.5630040322580645 0.5128528225806451 0.564516129032258 0.509828629032258
8 0.5698084677419355 0.5100806451612903 0.5680443548387097 0.5080645161290323 0.5660282258064516 0.5090725806451613 0.5652721774193548 0.5128528225806451 0.5677923387096774 0.5143649193548387 0.5703125 0.5128528225806451
8 0.5735887096774193 0.5682963709677419 0.5698084677419355 0.5685483870967742 0.5680443548387097 0.571320564516129 0.5695564516129032 0.5751008064516129 0.5733366935483871 0.5751008064516129 0.5753528225806451 0.5720766129032258
8 0.6123991935483871 0.5655241935483871 0.6096270161290323 0.5667842741935484 0.6088709677419355 0.5698084677419355 0.6121471774193548 0.572328629032258 0.6144153225806451 0.5700604838709677
8 0.619203629032258 0.564516129032258 0.6166834677419355 0.5665322580645161 0.6174395161290323 0.5698084677419355 0.6204637096774193 0.5703125 0.6217237903225806 0.5675403225806451
8 0.6340725806451613 0.5844254032258064 0.6318044354838709 0.5856854838709677 0.6310483870967742 0.5894657258064516 0.6328125 0.5922379032258064 0.6363407258064516 0.5909778225806451 0.6376008064516129 0.5877016129032258
8 0.6123991935483871 0.5834173387096774 0.6098790322580645 0.5839213709677419 0.6088709677419355 0.5874495967741935 0.611391129032258 0.5884576612903226 0.6136592741935484 0.5882056451612903
8 0.626008064516129 0.5972782258064516 0.6219758064516129 0.5997983870967742 0.6222278225806451 0.602570564516129 0.626008064516129 0.6018145161290323 0.6277721774193548 0.6005544354838709
8 0.6645665322580645 0.5498991935483871 0.6607862903225806 0.5498991935483871 0.6617943548387097 0.5546875 0.6645665322580645 0.555695564516129 0.6668346774193548 0.5529233870967742 0.6678427419354838 0.5506552419354839
8 0.6539818548387097 0.5894657258064516 0.6512096774193548 0.5942540322580645 0.6479334677419355 0.5982862903225806 0.6512096774193548 0.5995463709677419 0.6547379032258064 0.5965221774193548 0.6559979838709677 0.5929939516129032
8 0.6693548387096774 0.5627520161290323 0.6668346774193548 0.5665322580645161 0.6675907258064516 0.5703125 0.6708669354838709 0.5688004032258064 0.6716229838709677 0.5660282258064516
8 0.5874495967741935 0.5514112903225806 0.5861895161290323 0.5551915322580645 0.5856854838709677 0.5612399193548387 0.5882056451612903 0.5607358870967742 0.5899697580645161 0.5569556451612903 0.5902217741935484 0.5544354838709677
8 0.6786794354838709 0.563508064516129 0.6759072580645161 0.5637600806451613 0.6761592741935484 0.5667842741935484 0.6794354838709677 0.5677923387096774 0.6819556451612903 0.5657762096774193
8 0.5778729838709677 0.4808467741935484 0.5738407258064516 0.4808467741935484 0.5738407258064516 0.485383064516129 0.5773689516129032 0.4861391129032258 0.5811491935483871 0.484375
8 0.6353326612903226 0.524445564516129 0.6313004032258064 0.5246975806451613 0.6305443548387097 0.5294858870967742 0.6363407258064516 0.5304939516129032
8 0.6149193548387097 0.5526713709677419 0.611391129032258 0.5506552419354839 0.6086189516129032 0.5539314516129032 0.6091229838709677 0.5587197580645161 0.6123991935483871 0.5612399193548387 0.6151713709677419 0.5582157258064516
8 0.5992943548387097 0.5534274193548387 0.5987903225806451 0.5607358870967742 0.6030745967741935 0.5599798387096774 0.6038306451612903 0.5559475806451613
8 0.6685987903225806 0.5113407258064516 0.666078629032258 0.5136088709677419 0.6653225806451613 0.5178931451612903 0.6675907258064516 0.5201612903225806 0.6703629032258064 0.5186491935483871 0.6706149193548387 0.515625
8 0.5027721774193548 0.506804435483871 0.4997479838709677 0.5118447580645161 0.5065524193548387 0.5123487903225806
8 0.6255040322580645 0.44254032258064513 0.6199596774193548 0.4435483870967742 0.6219758064516129 0.4483366935483871 0.6277721774193548 0.4506048387096774 0.6275201612903226 0.4478326612903226
8 0.5844254032258064 0.4642137096774193 0.5806451612903226 0.4649697580645161 0.5796370967741935 0.4679939516129032 0.5824092741935484 0.470766129032258 0.5851814516129032 0.4700100806451613 0.5864415322580645 0.4674899193548387
8 0.59375 0.4624495967741935 0.5902217741935484 0.4627016129032258 0.5884576612903226 0.46597782258064513 0.5904737903225806 0.4700100806451613 0.594758064516129 0.4684979838709677
8 0.6290322580645161 0.454133064516129 0.626008064516129 0.4548891129032258 0.6242439516129032 0.45816532258064513 0.6262600806451613 0.4606854838709677 0.6295362903225806 0.4604334677419355 0.6313004032258064 0.45816532258064513
8 0.6365927419354839 0.4642137096774193 0.6315524193548387 0.4664818548387097 0.6313004032258064 0.469758064516129 0.6370967741935484 0.4715221774193548
8 0.6363407258064516 0.4564012096774193 0.6330645161290323 0.4594254032258064 0.6318044354838709 0.4634576612903226 0.6358366935483871 0.4637096774193548 0.6381048387096774 0.461945564516129
8 0.5705645161290323 0.5151209677419355 0.5680443548387097 0.5163810483870968 0.5695564516129032 0.5196572580645161 0.5761088709677419 0.5226814516129032 0.5738407258064516 0.5189012096774193
8 0.6008064516129032 0.4813508064516129 0.5962701612903226 0.4861391129032258 0.6015625 0.4873991935483871
8 0.5995463709677419 0.4992439516129032 0.5945060483870968 0.5 0.5997983870967742 0.5057963709677419
8 0.5756048387096774 0.53125 0.5753528225806451 0.5357862903225806 0.5806451612903226 0.5362903225806451 0.5836693548387097 0.5335181451612903 0.5808971774193548 0.5309979838709677
8 0.538054435483871 0.5133568548387097 0.5372983870967742 0.5191532258064516 0.5413306451612903 0.5204133064516129 0.5438508064516129 0.5181451612903226 0.5418346774193548 0.5148689516129032
8 0.5126008064516129 0.5259576612903226 0.5118447580645161 0.53125 0.5158770161290323 0.5307459677419355 0.516633064516129 0.5282258064516129
8 0.6058467741935484 0.571320564516129 0.6010584677419355 0.5725806451612903 0.6013104838709677 0.5758568548387097 0.6048387096774193 0.5761088709677419 0.6086189516129032 0.5748487903225806
8 0.6383568548387097 0.5597278225806451 0.6358366935483871 0.5614919354838709 0.6373487903225806 0.5640120967741935 0.6386088709677419 0.5670362903225806 0.6398689516129032 0.5640120967741935 0.641633064516129 0.5622479838709677
8 0.5972782258064516 0.5924899193548387 0.594758064516129 0.594758064516129 0.5945060483870968 0.5987903225806451 0.5967741935483871 0.6000504032258064 0.6003024193548387 0.5975302419354839 0.6003024193548387 0.5950100806451613
8 0.5688004032258064 0.6076108870967742 0.5657762096774193 0.6078629032258064 0.5662802419354839 0.611391129032258 0.5703125 0.6116431451612903
8 0.5317540322580645 0.5544354838709677 0.5282258064516129 0.5549395161290323 0.5259576612903226 0.5579637096774193 0.5269657258064516 0.5614919354838709 0.530241935483871 0.5602318548387097 0.5327620967741935 0.5572076612903226
8 0.633820564516129 0.4868951612903226 0.6302923387096774 0.4871471774193548 0.6297883064516129 0.4914314516129032 0.6315524193548387 0.4944556451612903 0.6350806451612903 0.4944556451612903 0.6373487903225806 0.4924395161290322 0.6370967741935484 0.4896673387096774
8 0.6159274193548387 0.4798387096774193 0.6129032258064516 0.4810987903225806 0.6129032258064516 0.485383064516129 0.6166834677419355 0.4871471774193548 0.6199596774193548 0.4851310483870968 0.6204637096774193 0.4805947580645161
8 0.6219758064516129 0.4873991935483871 0.6189516129032258 0.4884072580645161 0.6189516129032258 0.4919354838709677 0.6217237903225806 0.4934475806451613 0.6239919354838709 0.4919354838709677 0.6242439516129032 0.4896673387096774
8 0.6244959677419355 0.5115927419354839 0.6209677419354839 0.5123487903225806 0.6207157258064516 0.5153729838709677 0.6237399193548387 0.5173891129032258 0.6257560483870968 0.5163810483870968
8 0.6154233870967742 0.5408266129032258 0.6118951612903226 0.5418346774193548 0.6116431451612903 0.5453629032258064 0.6144153225806451 0.547883064516129 0.6174395161290323 0.5463709677419355 0.618195564516129 0.5435987903225806
8 0.6091229838709677 0.5325100806451613 0.6060987903225806 0.5342741935483871 0.6055947580645161 0.5378024193548387 0.6083669354838709 0.540070564516129 0.611391129032258 0.540070564516129 0.6129032258064516 0.5370463709677419 0.6121471774193548 0.5342741935483871
8 0.5619959677419355 0.4984879032258064 0.5582157258064516 0.4992439516129032 0.5584677419354839 0.5025201612903226 0.5614919354838709 0.5045362903225806 0.5642641129032258 0.5035282258064516 0.5650201612903226 0.501008064516129
8 0.6642836919592299 0.5006016421291053 0.6614524348810872 0.4993629671574179 0.6596828992072481 0.501309456398641 0.6603907134767837 0.5046715741789354 0.6626911098527747 0.5043176670441676
8 0.6713618346545867 0.5016633635334088 0.6678227633069083 0.5018403171007927 0.6655223669309173 0.5034328992072481 0.6658762740656852 0.5071489241223104 0.6688844847112118 0.5076797848244621 0.670830973952435 0.505556342015855
8 0.6522508493771235 0.5305067950169875 0.6494195922989807 0.5312146092865232 0.6485348244620612 0.5347536806342016 0.6497734994337485 0.5374079841449604 0.6533125707814269 0.5372310305775765 0.6550821064552661 0.5351075877689694 0.6543742921857304 0.5326302378255946
8 0.6389793318233296 0.5158196489241222 0.6347324462061155 0.5177661381653454 0.6331398640996603 0.5198895809739524 0.6345554926387316 0.5221899773499434 0.6370328425821065 0.5234286523216307 0.6395101925254812 0.5213052095130238 0.640218006795017 0.5190048131370328
8 0.6805634201585504 0.5308607021517553 0.6775552095130238 0.531745469988675 0.6777321630804077 0.5345767270668176 0.6800325594563986 0.5363462627406569 0.6825099093997735 0.5352845413363533 0.6825099093997735 0.5331610985277464
8 0.6656993204983013 0.5204204416761041 0.6633989241223104 0.5216591166477916 0.6635758776896943 0.5243134201585504 0.6658762740656852 0.5248442808607021 0.6676458097395244 0.5237825594563986
8 0.5927944507361269 0.5119266704416761 0.5894323329558324 0.51210362400906 0.588016704416761 0.5147579275198189 0.5885475651189128 0.5170583238958097 0.5908479614949037 0.5168813703284258 0.5933253114382786 0.516350509626274 0.5936792185730464 0.5135192525481314
8 0.6584442242355606 0.5156426953567383 0.6536664779161947 0.5156426953567383 0.6522508493771235 0.5179430917327293 0.6540203850509626 0.5204204416761041 0.6584442242355606 0.520774348810872 0.6616293884484711 0.5200665345413363 0.661983295583239 0.5168813703284258
8 0.648888731596829 0.5579345979614949 0.646588335220838 0.5591732729331823 0.6462344280860701 0.562181483578709 0.6485348244620612 0.564127972819932 0.6504813137032842 0.5632432049830125 0.6504813137032842 0.5602349943374858
8 0.6209300679501698 0.5904940543601359 0.6182757644394111 0.5912018686296716 0.6168601359003397 0.5936792185730464 0.6179218573046432 0.5959796149490374 0.620576160815402 0.5970413363533409 0.6226996036240091 0.5956257078142695 0.6230535107587769 0.5927944507361269
8 0.6219917893544734 0.5717369762174405 0.6200453001132502 0.5731526047565119 0.6195144394110985 0.5758069082672707 0.6221687429218573 0.5779303510758778 0.6237613250283125 0.5766916761041903 0.6241152321630804 0.5747451868629672
8 0.6416336353340883 0.5368771234428087 0.6388023782559455 0.5377618912797282 0.6375637032842583 0.5407701019252549 0.6389793318233296 0.5428935447338619 0.6414566817667045 0.5432474518686297 0.6430492638731596 0.5414779161947905 0.6434031710079275 0.5397083805209513
8 0.6494195922989807 0.540593148357871 0.646588335220838 0.5407701019252549 0.6455266138165345 0.5434244054360136 0.6469422423556058 0.5451939411098528 0.6501274065685164 0.544840033975085 0.6506582672706681 0.5434244054360136
8 0.6740161381653454 0.4931695922989808 0.6761395809739524 0.4906922423556058 0.6738391845979615 0.4889227066817667 0.6704770668176671 0.49016138165345413 0.66835362400906 0.49281568516421287 0.6681766704416761 0.4956469422423556 0.670654020385051 0.4984781993204983 0.6740161381653454 0.4990090600226501 0.6756087202718006 0.49617780294450736
8 0.6572055492638731 0.5798768403171007 0.6543742921857304 0.5805846545866364 0.6533125707814269 0.583769818799547 0.6543742921857304 0.5867780294450736 0.657382502831257 0.5874858437146093 0.659859852774632 0.5851854473386183 0.659859852774632 0.5827080973952434
8 0.6370328425821065 0.6053581540203851 0.6342015855039638 0.6060659682899207 0.633847678369196 0.6087202718006794 0.6361480747451869 0.6097819932049829 0.6382715175537939 0.6087202718006794
8 0.5473173839184599 0.6612754813137033 0.5427165911664779 0.6621602491506229 0.5450169875424689 0.6672919026047566 0.5487330124575311 0.6667610419026048 0.5505025481313703 0.6637528312570782
8 0.5282063986409966 0.6625141562853907 0.5244903737259343 0.6626911098527747 0.5236056058890147 0.6676458097395244 0.5244903737259343 0.6713618346545867 0.527321630804077 0.6690614382785957 0.5287372593431484 0.6651684597961495
8 0.45742497168742924 0.6994974518686297 0.451408550396376 0.6994974518686297 0.45105464326160816 0.7035673839184599 0.45370894677236695 0.7056908267270667 0.45742497168742924 0.7035673839184599
8 0.35974660249150625 0.7628468289920725 0.35620753114382786 0.7623159682899207 0.35426104190260477 0.7653241789354474 0.3556766704416761 0.7685093431483578 0.3595696489241223 0.76815543601359 0.36098527746319364 0.7665628539071347
8 0.312244271685761 0.6472483633387889 0.30508387888707034 0.6495499181669394 0.3038052373158756 0.6546644844517184 0.30712970540098194 0.6600347790507365 0.3114770867430442 0.6615691489361701 0.31198854337152204 0.6574774959083469 0.3140343698854337 0.6541530278232406 0.3142900981996727 0.6505728314238952
8 0.6472479423868313 0.42219650205761317 0.6451045953360769 0.42498285322359397 0.6451045953360769 0.4286265432098766 0.6481052812071331 0.4281978737997257 0.6500342935528121 0.4258401920438958
8 0.6532493141289437 0.4258401920438958 0.6502486282578875 0.426911865569273 0.6493912894375857 0.4311985596707819 0.6515346364883402 0.43355624142661175 0.6553926611796983 0.43269890260631005 0.656678669410151 0.42969821673525377
9 0.3676915322580645 0.243195564516129 0.3639112903225806 0.24672379032258066 0.36491935483870963 0.2522681451612903 0.368195564516129 0.2542842741935484 0.3702116935483871 0.25075604838709675 0.3707157258064516 0.24596774193548385
9 0.4291834677419355 0.26335685483870963 0.4264112903225806 0.265625 0.4254032258064516 0.2701612903225806 0.4291834677419355 0.2699092741935484 0.4314516129032258 0.2673891129032258
9 0.4359879032258064 0.25201612903225806 0.4342237903225806 0.25579637096774194 0.4354838709677419 0.25932459677419356 0.4375 0.2590725806451613 0.4380040322580645 0.2560483870967742
9 0.4745463709677419 0.25856854838709675 0.4717741935483871 0.25982862903225806 0.4722782258064516 0.26360887096774194 0.4750504032258064 0.2643649193548387 0.4763104838709677 0.2615927419354839
9 0.5257056451612903 0.2583165322580645 0.5236895161290323 0.2648689516129032 0.5252016129032258 0.26764112903225806 0.5284778225806451 0.26638104838709675 0.5292338709677419 0.2631048387096774 0.5287298387096774 0.26033266129032256
9 0.5622479838709677 0.26461693548387094 0.5622479838709677 0.2716733870967742 0.5662802419354839 0.2704133064516129 0.5682963709677419 0.2668850806451613 0.5660282258064516 0.2651209677419355
9 0.5199092741935484 0.28805443548387094 0.5231854838709677 0.2951108870967742 0.5289818548387097 0.2935987903225806 0.5272177419354839 0.2872983870967742
9 0.4579133064516129 0.2956149193548387 0.4571572580645161 0.2998991935483871 0.4616935483870968 0.3011592741935484 0.4632056451612903 0.2981350806451613 0.4611895161290322 0.2961189516129032
9 0.3676915322580645 0.26713709677419356 0.3694556451612903 0.2716733870967742 0.37399193548387094 0.27142137096774194 0.3755040322580645 0.26814516129032256 0.37273185483870963 0.2661290322580645
9 0.3858366935483871 0.2121975806451613 0.383820564516129 0.2162298387096774 0.3860887096774194 0.21900201612903225 0.39012096774193544 0.21849798387096775 0.3923891129032258 0.2162298387096774 0.39012096774193544 0.21421370967741934
9 0.3782762096774194 0.29107862903225806 0.3755040322580645 0.2935987903225806 0.376008064516129 0.296875 0.3782762096774194 0.2986391129032258 0.3810483870967742 0.296875 0.3810483870967742 0.29410282258064513
9 0.38482862903225806 0.29410282258064513 0.38230846774193544 0.297883064516129 0.3833165322580645 0.3004032258064516 0.3860887096774194 0.2998991935483871 0.3876008064516129 0.29662298387096775 0.3876008064516129 0.29410282258064513
9 0.37575604838709675 0.2729334677419355 0.376008064516129 0.27595766129032256 0.37651209677419356 0.28024193548387094 0.3797883064516129 0.2817540322580645 0.38130040322580644 0.27847782258064513 0.38054435483870963 0.27545362903225806 0.3782762096774194 0.27419354838709675
9 0.3886088709677419 0.3203125 0.3870967741935484 0.3251008064516129 0.38911290322580644 0.32837701612903225 0.39339717741935487 0.32585685483870963 0.39264112903225806 0.32232862903225806
9 0.4120463709677419 0.31325604838709675 0.4158266129032258 0.32056451612903225 0.4206149193548387 0.3177923387096774 0.4180947580645161 0.31325604838709675
9 0.4768145161290322 0.2991431451612903 0.4790826612903226 0.30317540322580644 0.4821068548387097 0.30493951612903225 0.4846270161290322 0.3004032258064516
9 0.4274193548387097 0.27923387096774194 0.4241431451612903 0.2830141129032258 0.422883064516129 0.28805443548387094 0.4274193548387097 0.28805443548387094 0.4299395161290322 0.2850302419354839 0.4299395161290322 0.28276209677419356
9 0.428679435483871 0.29057459677419356 0.4266633064516129 0.2930947580645161 0.4274193548387097 0.29712701612903225 0.4311995967741935 0.29637096774193544 0.4327116935483871 0.2930947580645161
9 0.4317036290322581 0.31930443548387094 0.4291834677419355 0.3195564516129032 0.4271673387096774 0.3225806451612903 0.4289314516129032 0.3251008064516129 0.4329637096774193 0.3256048387096774 0.4339717741935484 0.3220766129032258
9 0.5128528225806451 0.26411290322580644 0.5093245967741935 0.26461693548387094 0.5085685483870968 0.2673891129032258 0.5115927419354839 0.2699092741935484 0.5136088709677419 0.2686491935483871
9 0.486391129032258 0.2694052419354839 0.4856350806451613 0.2726814516129032 0.4889112903225806 0.27595766129032256 0.491179435483871 0.2746975806451613 0.4909274193548387 0.2709173387096774
9 0.461945564516129 0.3273689516129032 0.4594254032258064 0.3303931451612903 0.4601814516129032 0.33492943548387094 0.4639616935483871 0.3364415322580645 0.467741935483871 0.33316532258064513 0.4672379032258064 0.32963709677419356 0.4652217741935484 0.328125
9 0.41129032258064513 0.3389616935483871 0.4080141129032258 0.3419858870967742 0.4097782258064516 0.3450100806451613 0.413054435483871 0.34652217741935487 0.4140625 0.3429939516129032
9 0.4495967741935484 0.3528225806451613 0.4438004032258064 0.3533266129032258 0.4438004032258064 0.3576108870967742 0.4511088709677419 0.3581149193548387
9 0.4311995967741935 0.36743951612903225 0.4259072580645161 0.36668346774193544 0.4226310483870968 0.3714717741935484 0.4241431451612903 0.375 0.4281754032258064 0.37575604838709675 0.430695564516129 0.3717237903225806
9 0.4367439516129032 0.36214717741935487 0.4352318548387097 0.3646673387096774 0.4382560483870968 0.36869959677419356 0.4417842741935484 0.36693548387096775 0.4410282258064516 0.3639112903225806
9 0.4493447580645161 0.36668346774193544 0.446320564516129 0.368195564516129 0.4460685483870968 0.3717237903225806 0.4483366935483871 0.375 0.4518649193548387 0.37348790322580644 0.4536290322580645 0.3707157258064516 0.4526209677419355 0.36794354838709675
9 0.459929435483871 0.3802923387096774 0.4571572580645161 0.3802923387096774 0.4546370967741935 0.3820564516129032 0.4543850806451613 0.38558467741935487 0.4564012096774193 0.38785282258064513 0.4596774193548387 0.3860887096774194 0.461945564516129 0.383820564516129
9 0.4168346774193548 0.38230846774193544 0.4128024193548387 0.38356854838709675 0.4125504032258064 0.3868447580645161 0.4143145161290322 0.39037298387096775 0.4188508064516129 0.3893649193548387 0.4211189516129032 0.38482862903225806
9 0.4095262096774193 0.3737399193548387 0.4037298387096774 0.3709677419354839 0.4012096774193548 0.37399193548387094 0.4070060483870968 0.37777217741935487
9 0.4080141129032258 0.39037298387096775 0.4012096774193548 0.3898689516129032 0.4009576612903226 0.3928931451612903 0.4087701612903226 0.3936491935483871
9 0.41129032258064513 0.3966733870967742 0.4057459677419355 0.3996975806451613 0.4075100806451613 0.4037298387096774 0.4110383064516129 0.4032258064516129 0.4133064516129032 0.3996975806451613
9 0.25579637096774194 0.4289314516129032 0.2535282258064516 0.4314516129032258 0.2542842741935484 0.4349798387096774 0.2573084677419355 0.4354838709677419 0.2590725806451613 0.4327116935483871 0.25806451612903225 0.4301915322580645
9 0.2716733870967742 0.4090221774193548 0.2691532258064516 0.4105342741935484 0.26764112903225806 0.4135584677419355 0.2694052419354839 0.4165826612903226 0.2729334677419355 0.4153225806451613 0.274445564516129 0.4120463709677419
9 0.28755040322580644 0.4264112903225806 0.2852822580645161 0.4291834677419355 0.2847782258064516 0.4337197580645161 0.2865423387096774 0.4375 0.28931451612903225 0.4357358870967742 0.29057459677419356 0.4322076612903226 0.290070564516129 0.4294354838709677
9 0.27494959677419356 0.4405241935483871 0.2746975806451613 0.4455645161290322 0.2779737903225806 0.4440524193548387 0.27923387096774194 0.4412802419354839 0.2779737903225806 0.438508064516129
9 0.26764112903225806 0.4417842741935484 0.2638608870967742 0.4440524193548387 0.2626008064516129 0.4470766129032258 0.26411290322580644 0.4501008064516129 0.2678931451612903 0.4508568548387097 0.2701612903225806 0.4488407258064516 0.2704133064516129 0.4458165322580645
9 0.2610887096774194 0.4576612903225806 0.2608366935483871 0.4624495967741935 0.26360887096774194 0.4652217741935484 0.2673891129032258 0.4647177419354839 0.2696572580645161 0.4637096774193548 0.26764112903225806 0.4611895161290322 0.26537298387096775 0.4594254032258064
9 0.2623487903225806 0.4745463709677419 0.25982862903225806 0.475554435483871 0.25982862903225806 0.4790826612903226 0.2618447580645161 0.4818548387096774 0.265625 0.4808467741935484 0.266633064516129 0.4778225806451613 0.26537298387096775 0.4753024193548387
9 0.27318548387096775 0.4841229838709677 0.2691532258064516 0.4851310483870968 0.2678931451612903 0.4881552419354839 0.2701612903225806 0.491179435483871 0.2734375 0.4909274193548387 0.2752016129032258 0.4881552419354839
9 0.26839717741935487 0.491179435483871 0.26638104838709675 0.4934475806451613 0.2661290322580645 0.4967237903225806 0.26814516129032256 0.498991935483871 0.27142137096774194 0.4974798387096774 0.27192540322580644 0.4944556451612903 0.27116935483870963 0.4919354838709677
9 0.27973790322580644 0.5070564516129032 0.27620967741935487 0.5080645161290323 0.2739415322580645 0.5110887096774193 0.2752016129032258 0.5141129032258064 0.27847782258064513 0.5136088709677419 0.28099798387096775 0.5120967741935484 0.28150201612903225 0.509828629032258
9 0.27847782258064513 0.4684979838709677 0.27595766129032256 0.4702620967741935 0.2757056451612903 0.4732862903225806 0.2777217741935484 0.475554435483871 0.28074596774193544 0.475554435483871 0.28200604838709675 0.4725302419354839 0.28150201612903225 0.470766129032258
9 0.282258064516129 0.4606854838709677 0.2804939516129032 0.4627016129032258 0.28125 0.4662298387096774 0.28377016129032256 0.4669858870967742 0.2857862903225806 0.4652217741935484 0.2852822580645161 0.462953629032258
9 0.28755040322580644 0.4826108870967742 0.2847782258064516 0.484375 0.2842741935483871 0.4868951612903226 0.28679435483870963 0.4889112903225806 0.29057459677419356 0.4884072580645161 0.2913306451612903 0.4861391129032258 0.29057459677419356 0.4841229838709677
9 0.2787298387096774 0.4879032258064516 0.27595766129032256 0.4886592741935484 0.2757056451612903 0.4919354838709677 0.2777217741935484 0.4944556451612903 0.28074596774193544 0.4936995967741935 0.2825100806451613 0.4909274193548387 0.2817540322580645 0.4886592741935484
9 0.28150201612903225 0.4962197580645161 0.2794858870967742 0.4977318548387097 0.2799899193548387 0.5002520161290323 0.2830141129032258 0.5012600806451613 0.2850302419354839 0.4997479838709677 0.2847782258064516 0.4979838709677419
9 0.2908266129032258 0.5095766129032258 0.2890625 0.506804435483871 0.2857862903225806 0.5073084677419355 0.2842741935483871 0.5103326612903226 0.2850302419354839 0.5133568548387097 0.2878024193548387 0.5133568548387097
9 0.2865423387096774 0.5340221774193548 0.2835181451612903 0.5360383064516129 0.28326612903225806 0.5388104838709677 0.2860383064516129 0.5413306451612903 0.2895665322580645 0.5413306451612903 0.29107862903225806 0.5378024193548387 0.290070564516129 0.5357862903225806
9 0.2872983870967742 0.522429435483871 0.2850302419354839 0.5249495967741935 0.28704637096774194 0.5284778225806451 0.29057459677419356 0.5284778225806451 0.2928427419354839 0.5274697580645161 0.2923387096774194 0.5246975806451613 0.29057459677419356 0.522429435483871
9 0.3001512096774194 0.516633064516129 0.2973790322580645 0.5163810483870968 0.29485887096774194 0.5183971774193548 0.2961189516129032 0.5209173387096774 0.29939516129032256 0.5216733870967742 0.3011592741935484 0.5209173387096774
9 0.266633064516129 0.5234375 0.26360887096774194 0.525453629032258 0.26461693548387094 0.5287298387096774 0.26764112903225806 0.530241935483871 0.2699092741935484 0.5277217741935484 0.2699092741935484 0.5257056451612903
9 0.30493951612903225 0.4987399193548387 0.30191532258064513 0.502016129032258 0.3006552419354839 0.5055443548387097 0.3039314516129032 0.5078125 0.3079637096774194 0.5078125 0.31023185483870963 0.5045362903225806 0.3092237903225806 0.5022681451612903 0.313508064516129 0.5007560483870968 0.3130040322580645 0.4992439516129032
9 0.3339213709677419 0.4236391129032258 0.3314012096774194 0.4256552419354839 0.32963709677419356 0.4296875 0.33014112903225806 0.4332157258064516 0.33366935483870963 0.4327116935483871 0.336945564516129 0.4304435483870968 0.3382056451612903 0.4271673387096774 0.3371975806451613 0.4251512096774193
9 0.31275201612903225 0.4259072580645161 0.3079637096774194 0.4274193548387097 0.3092237903225806 0.4309475806451613 0.3125 0.4324596774193548
9 0.3167842741935484 0.4369959677419355 0.31401209677419356 0.4369959677419355 0.31224798387096775 0.4400201612903226 0.31401209677419356 0.4427923387096774 0.3170362903225806 0.4422883064516129 0.3190524193548387 0.4405241935483871
9 0.3165322580645161 0.4488407258064516 0.3125 0.4516129032258064 0.3125 0.4564012096774193 0.3167842741935484 0.4548891129032258 0.31880040322580644 0.4516129032258064
9 0.33669354838709675 0.4397681451612903 0.3319052419354839 0.4430443548387097 0.3371975806451613 0.4445564516129032
9 0.34223790322580644 0.4621975806451613 0.3389616935483871 0.4624495967741935 0.3364415322580645 0.4647177419354839 0.336945564516129 0.4674899193548387 0.3392137096774194 0.46875 0.3419858870967742 0.4674899193548387 0.34349798387096775 0.4652217741935484
9 0.29536290322580644 0.4763104838709677 0.2923387096774194 0.4763104838709677 0.2903225806451613 0.4798387096774193 0.29183467741935487 0.4823588709677419 0.296875 0.48160282258064513 0.3001512096774194 0.4808467741935484 0.29939516129032256 0.478578629032258
9 0.2986391129032258 0.4876512096774193 0.2961189516129032 0.4851310483870968 0.2935987903225806 0.4866431451612903 0.2935987903225806 0.4909274193548387 0.29637096774193544 0.493195564516129 0.29964717741935487 0.491179435483871
9 0.30418346774193544 0.4821068548387097 0.3021673387096774 0.4823588709677419 0.3006552419354839 0.4851310483870968 0.3016633064516129 0.4876512096774193 0.3046875 0.4889112903225806 0.3064516129032258 0.4868951612903226 0.3069556451612903 0.484375
9 0.3185483870967742 0.5093245967741935 0.31804435483870963 0.5120967741935484 0.3208165322580645 0.5136088709677419 0.3248487903225806 0.5136088709677419 0.3268649193548387 0.5120967741935484 0.32585685483870963 0.508820564516129 0.3235887096774194 0.5070564516129032 0.32106854838709675 0.5070564516129032
9 0.3125 0.5171370967741935 0.3117439516129032 0.5221774193548387 0.3155241935483871 0.5236895161290323 0.3185483870967742 0.5206653225806451 0.31829637096774194 0.5171370967741935 0.3160282258064516 0.5163810483870968
9 0.3137600806451613 0.5438508064516129 0.3084677419354839 0.5491431451612903 0.30493951612903225 0.5521673387096774 0.30367943548387094 0.5564516129032258 0.3092237903225806 0.5561995967741935 0.31224798387096775 0.5539314516129032 0.3130040322580645 0.5509072580645161 0.31527217741935487 0.548891129032258 0.3155241935483871 0.546875
9 0.29964717741935487 0.5340221774193548 0.2951108870967742 0.5357862903225806 0.29939516129032256 0.540070564516129
9 0.27923387096774194 0.4490927419354839 0.27595766129032256 0.4506048387096774 0.27545362903225806 0.4536290322580645 0.2779737903225806 0.4548891129032258 0.28074596774193544 0.453125
9 0.3130040322580645 0.4662298387096774 0.3112399193548387 0.4682459677419355 0.3112399193548387 0.4720262096774193 0.31401209677419356 0.4722782258064516 0.3165322580645161 0.469758064516129 0.3162802419354839 0.4674899193548387
9 0.3162802419354839 0.4831149193548387 0.31451612903225806 0.485383064516129 0.3155241935483871 0.4886592741935484 0.3190524193548387 0.4886592741935484 0.321320564516129 0.4861391129032258 0.3203125 0.4836189516129032
9 0.33366935483870963 0.4813508064516129 0.3314012096774194 0.483366935483871 0.3314012096774194 0.4871471774193548 0.33366935483870963 0.4891633064516129 0.33618951612903225 0.4873991935483871 0.336945564516129 0.4838709677419355
9 0.30367943548387094 0.4727822580645161 0.3001512096774194 0.4732862903225806 0.29889112903225806 0.4758064516129032 0.30267137096774194 0.4770665322580645 0.3064516129032258 0.4773185483870968 0.3084677419354839 0.4747983870967742 0.30720766129032256 0.4732862903225806
9 0.3364415322580645 0.452116935483871 0.3339213709677419 0.4536290322580645 0.33316532258064513 0.4569052419354839 0.33618951612903225 0.4579133064516129 0.3382056451612903 0.4571572580645161 0.33870967741935487 0.4548891129032258
9 0.34652217741935487 0.4435483870967742 0.34576612903225806 0.4495967741935484 0.3497983870967742 0.4506048387096774 0.35181451612903225 0.4495967741935484 0.35131048387096775 0.4470766129032258 0.35005040322580644 0.4448084677419355
9 0.36617943548387094 0.4523689516129032 0.3634072580645161 0.4538810483870968 0.3631552419354839 0.4571572580645161 0.3641633064516129 0.4596774193548387 0.36693548387096775 0.4601814516129032 0.3684475806451613 0.4574092741935484 0.36869959677419356 0.4553931451612903
9 0.37575604838709675 0.4238911290322581 0.37348790322580644 0.4256552419354839 0.37348790322580644 0.4289314516129032 0.37525201612903225 0.4314516129032258 0.3782762096774194 0.4299395161290322 0.3797883064516129 0.4279233870967742 0.3792842741935484 0.4251512096774193
9 0.3598790322580645 0.4488407258064516 0.3560987903225806 0.4493447580645161 0.3553427419354839 0.4523689516129032 0.3568548387096774 0.4556451612903226 0.35962701612903225 0.455141129032258 0.3616431451612903 0.4536290322580645 0.36189516129032256 0.4513608870967742
9 0.3533266129032258 0.4569052419354839 0.35105846774193544 0.45816532258064513 0.3508064516129032 0.4611895161290322 0.35307459677419356 0.4632056451612903 0.3560987903225806 0.4624495967741935 0.3568548387096774 0.459929435483871 0.35660282258064513 0.4584173387096774
9 0.2903225806451613 0.5027721774193548 0.2951108870967742 0.5075604838709677 0.2973790322580645 0.5047883064516129 0.2956149193548387 0.5015120967741935 0.2930947580645161 0.5007560483870968
9 0.29158266129032256 0.5113407258064516 0.2890625 0.5128528225806451 0.28981854838709675 0.515625 0.2920866935483871 0.517641129032258 0.29460685483870963 0.5163810483870968 0.29485887096774194 0.5136088709677419
9 0.3016633064516129 0.5100806451612903 0.29889112903225806 0.5113407258064516 0.2981350806451613 0.5138608870967742 0.2998991935483871 0.5161290322580645 0.3029233870967742 0.5168850806451613 0.30418346774193544 0.514616935483871 0.30418346774193544 0.5123487903225806
9 0.3303931451612903 0.4548891129032258 0.32787298387096775 0.4553931451612903 0.32762096774193544 0.45816532258064513 0.329133064516129 0.4609375 0.3319052419354839 0.4606854838709677 0.33316532258064513 0.4586693548387097 0.3326612903225806 0.4566532258064516
9 0.2890625 0.44254032258064513 0.2850302419354839 0.4453125 0.2860383064516129 0.4498487903225806 0.2908266129032258 0.4478326612903226
9 0.28402217741935487 0.438508064516129 0.2817540322580645 0.4405241935483871 0.28150201612903225 0.4432963709677419 0.2842741935483871 0.4438004032258064 0.2865423387096774 0.4422883064516129 0.28755040322580644 0.4402721774193548
9 0.25630040322580644 0.4576612903225806 0.25252016129032256 0.4611895161290322 0.2512600806451613 0.4662298387096774 0.2535282258064516 0.4705141129032258 0.2560483870967742 0.4695060483870968 0.25756048387096775 0.4649697580645161 0.25756048387096775 0.4621975806451613
9 0.3298891129032258 0.4672379032258064 0.3263608870967742 0.4672379032258064 0.3233366935483871 0.4705141129032258 0.32283266129032256 0.4742943548387097 0.3248487903225806 0.4768145161290322 0.329133064516129 0.4763104838709677 0.3316532258064516 0.4732862903225806 0.3319052419354839 0.4705141129032258
9 0.3717237903225806 0.4740423387096774 0.36869959677419356 0.4747983870967742 0.3671875 0.4778225806451613 0.3689516129032258 0.4808467741935484 0.3712197580645161 0.4800907258064516 0.3729838709677419 0.477570564516129
9 0.39616935483870963 0.4138104838709677 0.3939012096774194 0.4117943548387097 0.39037298387096775 0.4122983870967742 0.39138104838709675 0.4155745967741935 0.3944052419354839 0.4168346774193548
9 0.39339717741935487 0.4435483870967742 0.3923891129032258 0.4470766129032258 0.3944052419354839 0.4490927419354839 0.39742943548387094 0.4478326612903226 0.3976814516129032 0.4455645161290322 0.3964213709677419 0.4432963709677419
9 0.3876008064516129 0.4873991935483871 0.3876008064516129 0.4924395161290322 0.39264112903225806 0.4934475806451613 0.3949092741935484 0.4901713709677419 0.39314516129032256 0.4868951612903226 0.39037298387096775 0.4871471774193548
9 0.3704637096774194 0.4490927419354839 0.36668346774193544 0.4516129032258064 0.36920362903225806 0.4561491935483871 0.3732358870967742 0.4564012096774193 0.37348790322580644 0.4533770161290322
9 0.40625 0.4488407258064516 0.4019657258064516 0.4493447580645161 0.3984375 0.4548891129032258 0.3989415322580645 0.4591733870967742 0.4042338709677419 0.4586693548387097 0.4077620967741935 0.4556451612903226 0.4080141129032258 0.4523689516129032
9 0.407258064516129 0.4256552419354839 0.4042338709677419 0.4271673387096774 0.4044858870967742 0.4309475806451613 0.407258064516129 0.4329637096774193 0.4102822580645161 0.4311995967741935 0.4105342741935484 0.428679435483871
9 0.4498487903225806 0.4049899193548387 0.4465725806451613 0.40625 0.444304435483871 0.4092741935483871 0.4448084677419355 0.4122983870967742 0.4480846774193548 0.4145665322580645 0.4508568548387097 0.4148185483870968
9 0.4314516129032258 0.4049899193548387 0.428679435483871 0.4105342741935484 0.4299395161290322 0.4135584677419355 0.4332157258064516 0.4125504032258064 0.4342237903225806 0.4092741935483871 0.4339717741935484 0.4070060483870968
9 0.4238911290322581 0.4279233870967742 0.4206149193548387 0.4274193548387097 0.4175907258064516 0.4322076612903226 0.4175907258064516 0.4377520161290322 0.420866935483871 0.4390120967741935 0.4243951612903226 0.4352318548387097 0.4254032258064516 0.4319556451612903
9 0.38482862903225806 0.4606854838709677 0.38558467741935487 0.4652217741935484 0.3881048387096774 0.4684979838709677 0.3918850806451613 0.46875 0.3928931451612903 0.4649697580645161 0.39087701612903225 0.4639616935483871 0.3881048387096774 0.4616935483870968
9 0.39138104838709675 0.5118447580645161 0.3876008064516129 0.5108366935483871 0.3868447580645161 0.5178931451612903 0.3918850806451613 0.5173891129032258
9 0.4369959677419355 0.4319556451612903 0.4337197580645161 0.4301915322580645 0.430695564516129 0.4327116935483871 0.4324596774193548 0.4375 0.4375 0.438508064516129 0.4397681451612903 0.4357358870967742
9 0.444304435483871 0.4254032258064516 0.4412802419354839 0.4251512096774193 0.4402721774193548 0.428679435483871 0.4415322580645161 0.4329637096774193 0.444304435483871 0.4339717741935484 0.4450604838709677 0.4299395161290322
9 0.4183467741935484 0.4435483870967742 0.4153225806451613 0.4440524193548387 0.4143145161290322 0.4483366935483871 0.4148185483870968 0.4516129032258064 0.4180947580645161 0.4543850806451613 0.420866935483871 0.4518649193548387 0.4206149193548387 0.4478326612903226
9 0.38180443548387094 0.4395161290322581 0.37525201612903225 0.4412802419354839 0.3737399193548387 0.444304435483871 0.3755040322580645 0.4473286290322581 0.3797883064516129 0.4460685483870968 0.38432459677419356 0.444304435483871 0.3865927419354839 0.44254032258064513 0.38911290322580644 0.4380040322580645 0.3888608870967742 0.4357358870967742 0.3858366935483871 0.4375
9 0.4485887096774193 0.4332157258064516 0.4455645161290322 0.43472782258064513 0.4458165322580645 0.4387600806451613 0.4480846774193548 0.4412802419354839 0.4508568548387097 0.4420362903225806 0.452116935483871 0.438508064516129 0.4511088709677419 0.436491935483871
9 0.4042338709677419 0.4695060483870968 0.4012096774193548 0.4684979838709677 0.39994959677419356 0.4710181451612903 0.4007056451612903 0.4740423387096774
9 0.4153225806451613 0.4682459677419355 0.4107862903225806 0.4753024193548387 0.4198588709677419 0.4740423387096774
9 0.4296875 0.4679939516129032 0.4276713709677419 0.4667338709677419 0.4221270161290322 0.4682459677419355 0.421875 0.4717741935483871 0.4246471774193548 0.47379032258064513
9 0.4506048387096774 0.4692540322580645 0.4468245967741935 0.4684979838709677 0.4478326612903226 0.4740423387096774 0.4523689516129032 0.4735383064516129
9 0.4367439516129032 0.4470766129032258 0.4339717741935484 0.4511088709677419 0.4382560483870968 0.452116935483871
9 0.4566532258064516 0.4231350806451613 0.4561491935483871 0.430695564516129 0.4614415322580645 0.430695564516129 0.4609375 0.4248991935483871
9 0.4495967741935484 0.4460685483870968 0.4488407258064516 0.4501008064516129 0.4546370967741935 0.4508568548387097 0.4548891129032258 0.4473286290322581
9 0.4543850806451613 0.4576612903225806 0.4508568548387097 0.4564012096774193 0.4501008064516129 0.4601814516129032 0.4533770161290322 0.4624495967741935 0.4553931451612903 0.4621975806451613
9 0.4621975806451613 0.4498487903225806 0.4586693548387097 0.4516129032258064 0.4614415322580645 0.4566532258064516 0.4634576612903226 0.4561491935483871
9 0.4609375 0.491179435483871 0.4543850806451613 0.4909274193548387 0.4523689516129032 0.4957157258064516 0.4576612903225806 0.4969758064516129 0.4611895161290322 0.4947076612903226
9 0.444304435483871 0.5083165322580645 0.4422883064516129 0.5126008064516129 0.4445564516129032 0.5178931451612903 0.4480846774193548 0.5161290322580645 0.4480846774193548 0.5126008064516129
9 0.4375 0.5040322580645161 0.4344758064516129 0.5040322580645161 0.4327116935483871 0.5075604838709677 0.4337197580645161 0.5115927419354839 0.4369959677419355 0.5103326612903226 0.4380040322580645 0.5078125
9 0.4601814516129032 0.4674899193548387 0.4569052419354839 0.4652217741935484 0.4533770161290322 0.4674899193548387 0.4548891129032258 0.4720262096774193 0.4586693548387097 0.4742943548387097 0.4634576612903226 0.4732862903225806 0.4647177419354839 0.4700100806451613
9 0.4919354838709677 0.4422883064516129 0.4886592741935484 0.4427923387096774 0.4889112903225806 0.4465725806451613 0.4929435483870968 0.4483366935483871 0.4959677419354839 0.4465725806451613 0.4952116935483871 0.4440524193548387
9 0.4800907258064516 0.4684979838709677 0.4783266129032258 0.4722782258064516 0.4800907258064516 0.4750504032258064 0.4831149193548387 0.4722782258064516 0.4831149193548387 0.4700100806451613
9 0.475554435483871 0.4906754032258064 0.4727822580645161 0.4881552419354839 0.4700100806451613 0.48941532258064513 0.4690020161290322 0.4926915322580645 0.4730342741935484 0.4949596774193548 0.4763104838709677 0.493195564516129
9 0.4627016129032258 0.4332157258064516 0.4584173387096774 0.4342237903225806 0.4566532258064516 0.4380040322580645 0.4632056451612903 0.4382560483870968
9 0.478578629032258 0.4372479838709677 0.4765625 0.4400201612903226 0.4773185483870968 0.444304435483871 0.4803427419354839 0.4422883064516129 0.4808467741935484 0.4392641129032258
9 0.478578629032258 0.4576612903225806 0.4798387096774193 0.4616935483870968 0.4826108870967742 0.4627016129032258 0.4841229838709677 0.4589213709677419 0.4828629032258064 0.4564012096774193 0.4808467741935484 0.4564012096774193
9 0.5042842741935484 0.4639616935483871 0.501008064516129 0.4664818548387097 0.5015120967741935 0.4692540322580645 0.5050403225806451 0.4695060483870968 0.5070564516129032 0.467741935483871 0.506804435483871 0.4657258064516129
9 0.4868951612903226 0.4904233870967742 0.483366935483871 0.4914314516129032 0.4810987903225806 0.493195564516129 0.4818548387096774 0.4964717741935484 0.486391129032258 0.4957157258064516 0.4889112903225806 0.494203629032258
9 0.5085685483870968 0.4803427419354839 0.5057963709677419 0.48160282258064513 0.5057963709677419 0.4848790322580645 0.5080645161290323 0.4871471774193548 0.5100806451612903 0.4868951612903226 0.5103326612903226 0.484375
9 0.5718245967741935 0.4518649193548387 0.5700604838709677 0.4556451612903226 0.5703125 0.4596774193548387 0.5733366935483871 0.461945564516129 0.5756048387096774 0.4606854838709677 0.5756048387096774 0.4574092741935484 0.5751008064516129 0.4553931451612903
9 0.452116935483871 0.502016129032258 0.4495967741935484 0.5047883064516129 0.45035282258064513 0.5090725806451613 0.4536290322580645 0.5075604838709677 0.4538810483870968 0.5045362903225806
9 0.4851310483870968 0.5496471774193548 0.4818548387096774 0.5504032258064516 0.4813508064516129 0.5546875 0.4831149193548387 0.5579637096774193 0.4866431451612903 0.5582157258064516 0.4884072580645161 0.5554435483870968 0.4879032258064516 0.5531754032258064
9 0.5524193548387097 0.5252016129032258 0.5493951612903226 0.5264616935483871 0.5471270161290323 0.5297379032258064 0.5498991935483871 0.5335181451612903 0.5554435483870968 0.5352822580645161 0.5597278225806451 0.5350302419354839 0.5604838709677419 0.5315020161290323 0.5579637096774193 0.5292338709677419 0.5554435483870968 0.5274697580645161
9 0.5269657258064516 0.5055443548387097 0.5236895161290323 0.5037802419354839 0.5209173387096774 0.5070564516129032 0.5241935483870968 0.5095766129032258 0.5241935483870968 0.5136088709677419 0.5282258064516129 0.5131048387096774 0.5304939516129032 0.5103326612903226 0.5299899193548387 0.5083165322580645
9 0.5252016129032258 0.46597782258064513 0.5239415322580645 0.4702620967741935 0.5259576612903226 0.4727822580645161 0.5282258064516129 0.4702620967741935 0.5284778225806451 0.4684979838709677
9 0.5267137096774193 0.4747983870967742 0.5246975806451613 0.4788306451612903 0.5272177419354839 0.4810987903225806 0.5299899193548387 0.4795866935483871 0.5294858870967742 0.4770665322580645
9 0.540070564516129 0.462953629032258 0.538054435483871 0.4654737903225806 0.5390625 0.4690020161290322 0.5420866935483871 0.469758064516129 0.5443548387096774 0.4674899193548387 0.5438508064516129 0.4647177419354839
9 0.546875 0.4732862903225806 0.5446068548387097 0.475554435483871 0.5448588709677419 0.4795866935483871 0.5476310483870968 0.48160282258064513 0.5504032258064516 0.4798387096774193 0.5498991935483871 0.4768145161290322
9 0.5393145161290323 0.4778225806451613 0.5365423387096774 0.4790826612903226 0.5365423387096774 0.4831149193548387 0.5388104838709677 0.4848790322580645 0.5423387096774193 0.4841229838709677 0.5425907258064516 0.4813508064516129
9 0.53125 0.4823588709677419 0.5284778225806451 0.484375 0.5287298387096774 0.4884072580645161 0.53125 0.48941532258064513 0.5335181451612903 0.4873991935483871 0.5337701612903226 0.4851310483870968
9 0.5309979838709677 0.4909274193548387 0.5284778225806451 0.4929435483870968 0.5297379032258064 0.4954637096774193 0.5330141129032258 0.4957157258064516 0.5350302419354839 0.4936995967741935 0.5340221774193548 0.4919354838709677
9 0.5486391129032258 0.4818548387096774 0.5476310483870968 0.4858870967741935 0.5504032258064516 0.4879032258064516 0.5531754032258064 0.4873991935483871 0.5536794354838709 0.4848790322580645 0.5516633064516129 0.483366935483871
9 0.5625 0.47379032258064513 0.5561995967741935 0.4740423387096774 0.5551915322580645 0.4780745967741935 0.5569556451612903 0.4810987903225806 0.5609879032258064 0.4808467741935484 0.5632560483870968 0.478578629032258 0.5657762096774193 0.475554435483871
9 0.5541834677419355 0.4959677419354839 0.5501512096774193 0.4974798387096774 0.5493951612903226 0.5017641129032258 0.5521673387096774 0.5030241935483871 0.555695564516129 0.501008064516129 0.556703629032258 0.4987399193548387
9 0.491179435483871 0.5229334677419355 0.4836189516129032 0.5199092741935484 0.4803427419354839 0.5189012096774193 0.4821068548387097 0.5264616935483871 0.4881552419354839 0.5264616935483871 0.4934475806451613 0.5264616935483871
9 0.5035282258064516 0.5340221774193548 0.498991935483871 0.5350302419354839 0.4994959677419355 0.5393145161290323 0.5027721774193548 0.5423387096774193 0.5063004032258064 0.5441028225806451 0.5083165322580645 0.5398185483870968 0.5075604838709677 0.5360383064516129
9 0.4909274193548387 0.486391129032258 0.4884072580645161 0.4884072580645161 0.4896673387096774 0.4926915322580645 0.4936995967741935 0.494203629032258 0.4954637096774193 0.4909274193548387 0.4944556451612903 0.4879032258064516
9 0.4495967741935484 0.5786290322580645 0.4516129032258064 0.5836693548387097 0.4553931451612903 0.5851814516129032 0.4566532258064516 0.5808971774193548 0.4543850806451613 0.5778729838709677
9 0.5448588709677419 0.5730846774193548 0.5423387096774193 0.5768649193548387 0.5441028225806451 0.5819052419354839 0.5491431451612903 0.5819052419354839 0.5511592741935484 0.5773689516129032 0.5491431451612903 0.5738407258064516
9 0.5367943548387097 0.5435987903225806 0.5327620967741935 0.5433467741935484 0.532258064516129 0.5471270161290323 0.5360383064516129 0.5529233870967742
9 0.6300403225806451 0.5430947580645161 0.6265120967741935 0.5443548387096774 0.6247479838709677 0.5473790322580645 0.6257560483870968 0.5526713709677419 0.6305443548387097 0.5549395161290323 0.6335685483870968 0.5501512096774193 0.633820564516129 0.545866935483871
9 0.6360887096774193 0.5682963709677419 0.6323084677419355 0.5700604838709677 0.6315524193548387 0.5748487903225806 0.6350806451612903 0.5761088709677419 0.6383568548387097 0.5740927419354839
9 0.5 0.5534274193548387 0.4962197580645161 0.5549395161290323 0.494203629032258 0.5592237903225806 0.4962197580645161 0.5630040322580645 0.5017641129032258 0.5625 0.5027721774193548 0.5597278225806451 0.5005040322580645 0.5572076612903226
9 0.5173891129032258 0.5501512096774193 0.5120967741935484 0.5496471774193548 0.5115927419354839 0.5546875 0.5143649193548387 0.5584677419354839 0.5194052419354839 0.5549395161290323
9 0.524445564516129 0.5703125 0.5209173387096774 0.5718245967741935 0.5211693548387097 0.5761088709677419 0.524445564516129 0.5771169354838709 0.5264616935483871 0.5743447580645161
9 0.5219254032258064 0.6038306451612903 0.5189012096774193 0.6055947580645161 0.5194052419354839 0.6096270161290323 0.5234375 0.610383064516129 0.5262096774193548 0.6071068548387097
9 0.5461189516129032 0.6038306451612903 0.5433467741935484 0.6055947580645161 0.5433467741935484 0.6091229838709677 0.5476310483870968 0.6098790322580645 0.5504032258064516 0.6063508064516129
9 0.5622479838709677 0.6244959677419355 0.5572076612903226 0.6242439516129032 0.5569556451612903 0.6285282258064516 0.5609879032258064 0.6305443548387097 0.563508064516129 0.6285282258064516
9 0.5826612903225806 0.5866935483870968 0.5763608870967742 0.587953629032258 0.5776209677419355 0.5924899193548387 0.5819052419354839 0.5927419354838709 0.5831653225806451 0.5899697580645161
9 0.6131552419354839 0.4682459677419355 0.6081149193548387 0.46875 0.6073588709677419 0.4730342741935484 0.6101310483870968 0.4841229838709677 0.6126512096774193 0.4768145161290322
9 0.6640625 0.477570564516129 0.6612903225806451 0.4798387096774193 0.6592741935483871 0.4823588709677419 0.6610383064516129 0.4846270161290322 0.6630544354838709 0.4879032258064516 0.6680947580645161 0.4868951612903226 0.6673387096774193 0.4821068548387097
9 0.6549899193548387 0.4740423387096774 0.6519657258064516 0.4747983870967742 0.6522177419354838 0.4788306451612903 0.6552419354838709 0.4805947580645161 0.6575100806451613 0.4778225806451613
9 0.6358366935483871 0.4997479838709677 0.6328125 0.5085685483870968 0.6376008064516129 0.5085685483870968 0.6383568548387097 0.5045362903225806 0.6431451612903226 0.5040322580645161 0.6421370967741935 0.5012600806451613
9 0.594758064516129 0.5199092741935484 0.5912298387096774 0.5211693548387097 0.5917338709677419 0.5259576612903226 0.5960181451612903 0.5269657258064516 0.5985383064516129 0.524445564516129 0.5975302419354839 0.5206653225806451
9 0.5637600806451613 0.506804435483871 0.5609879032258064 0.5075604838709677 0.5582157258064516 0.5090725806451613 0.5589717741935484 0.5126008064516129 0.5630040322580645 0.5128528225806451 0.564516129032258 0.509828629032258
9 0.5698084677419355 0.5100806451612903 0.5680443548387097 0.5080645161290323 0.5660282258064516 0.5090725806451613 0.5652721774193548 0.5128528225806451 0.5677923387096774 0.5143649193548387 0.5703125 0.5128528225806451
9 0.5735887096774193 0.5682963709677419 0.5698084677419355 0.5685483870967742 0.5680443548387097 0.571320564516129 0.5695564516129032 0.5751008064516129 0.5733366935483871 0.5751008064516129 0.5753528225806451 0.5720766129032258
9 0.6123991935483871 0.5655241935483871 0.6096270161290323 0.5667842741935484 0.6088709677419355 0.5698084677419355 0.6121471774193548 0.572328629032258 0.6144153225806451 0.5700604838709677
9 0.619203629032258 0.564516129032258 0.6166834677419355 0.5665322580645161 0.6174395161290323 0.5698084677419355 0.6204637096774193 0.5703125 0.6217237903225806 0.5675403225806451
9 0.6340725806451613 0.5844254032258064 0.6318044354838709 0.5856854838709677 0.6310483870967742 0.5894657258064516 0.6328125 0.5922379032258064 0.6363407258064516 0.5909778225806451 0.6376008064516129 0.5877016129032258
9 0.6123991935483871 0.5834173387096774 0.6098790322580645 0.5839213709677419 0.6088709677419355 0.5874495967741935 0.611391129032258 0.5884576612903226 0.6136592741935484 0.5882056451612903
9 0.626008064516129 0.5972782258064516 0.6219758064516129 0.5997983870967742 0.6222278225806451 0.602570564516129 0.626008064516129 0.6018145161290323 0.6277721774193548 0.6005544354838709
9 0.6645665322580645 0.5498991935483871 0.6607862903225806 0.5498991935483871 0.6617943548387097 0.5546875 0.6645665322580645 0.555695564516129 0.6668346774193548 0.5529233870967742 0.6678427419354838 0.5506552419354839
9 0.6539818548387097 0.5894657258064516 0.6512096774193548 0.5942540322580645 0.6479334677419355 0.5982862903225806 0.6512096774193548 0.5995463709677419 0.6547379032258064 0.5965221774193548 0.6559979838709677 0.5929939516129032
9 0.6693548387096774 0.5627520161290323 0.6668346774193548 0.5665322580645161 0.6675907258064516 0.5703125 0.6708669354838709 0.5688004032258064 0.6716229838709677 0.5660282258064516
9 0.5874495967741935 0.5514112903225806 0.5861895161290323 0.5551915322580645 0.5856854838709677 0.5612399193548387 0.5882056451612903 0.5607358870967742 0.5899697580645161 0.5569556451612903 0.5902217741935484 0.5544354838709677
9 0.6786794354838709 0.563508064516129 0.6759072580645161 0.5637600806451613 0.6761592741935484 0.5667842741935484 0.6794354838709677 0.5677923387096774 0.6819556451612903 0.5657762096774193
9 0.5778729838709677 0.4808467741935484 0.5738407258064516 0.4808467741935484 0.5738407258064516 0.485383064516129 0.5773689516129032 0.4861391129032258 0.5811491935483871 0.484375
9 0.6353326612903226 0.524445564516129 0.6313004032258064 0.5246975806451613 0.6305443548387097 0.5294858870967742 0.6363407258064516 0.5304939516129032
9 0.6149193548387097 0.5526713709677419 0.611391129032258 0.5506552419354839 0.6086189516129032 0.5539314516129032 0.6091229838709677 0.5587197580645161 0.6123991935483871 0.5612399193548387 0.6151713709677419 0.5582157258064516
9 0.5992943548387097 0.5534274193548387 0.5987903225806451 0.5607358870967742 0.6030745967741935 0.5599798387096774 0.6038306451612903 0.5559475806451613
9 0.6685987903225806 0.5113407258064516 0.666078629032258 0.5136088709677419 0.6653225806451613 0.5178931451612903 0.6675907258064516 0.5201612903225806 0.6703629032258064 0.5186491935483871 0.6706149193548387 0.515625
9 0.5027721774193548 0.506804435483871 0.4997479838709677 0.5118447580645161 0.5065524193548387 0.5123487903225806
9 0.6255040322580645 0.44254032258064513 0.6199596774193548 0.4435483870967742 0.6219758064516129 0.4483366935483871 0.6277721774193548 0.4506048387096774 0.6275201612903226 0.4478326612903226
9 0.5844254032258064 0.4642137096774193 0.5806451612903226 0.4649697580645161 0.5796370967741935 0.4679939516129032 0.5824092741935484 0.470766129032258 0.5851814516129032 0.4700100806451613 0.5864415322580645 0.4674899193548387
9 0.59375 0.4624495967741935 0.5902217741935484 0.4627016129032258 0.5884576612903226 0.46597782258064513 0.5904737903225806 0.4700100806451613 0.594758064516129 0.4684979838709677
9 0.6290322580645161 0.454133064516129 0.626008064516129 0.4548891129032258 0.6242439516129032 0.45816532258064513 0.6262600806451613 0.4606854838709677 0.6295362903225806 0.4604334677419355 0.6313004032258064 0.45816532258064513
9 0.6365927419354839 0.4642137096774193 0.6315524193548387 0.4664818548387097 0.6313004032258064 0.469758064516129 0.6370967741935484 0.4715221774193548
9 0.6363407258064516 0.4564012096774193 0.6330645161290323 0.4594254032258064 0.6318044354838709 0.4634576612903226 0.6358366935483871 0.4637096774193548 0.6381048387096774 0.461945564516129
9 0.5705645161290323 0.5151209677419355 0.5680443548387097 0.5163810483870968 0.5695564516129032 0.5196572580645161 0.5761088709677419 0.5226814516129032 0.5738407258064516 0.5189012096774193
9 0.6008064516129032 0.4813508064516129 0.5962701612903226 0.4861391129032258 0.6015625 0.4873991935483871
9 0.5995463709677419 0.4992439516129032 0.5945060483870968 0.5 0.5997983870967742 0.5057963709677419
9 0.5756048387096774 0.53125 0.5753528225806451 0.5357862903225806 0.5806451612903226 0.5362903225806451 0.5836693548387097 0.5335181451612903 0.5808971774193548 0.5309979838709677
9 0.538054435483871 0.5133568548387097 0.5372983870967742 0.5191532258064516 0.5413306451612903 0.5204133064516129 0.5438508064516129 0.5181451612903226 0.5418346774193548 0.5148689516129032
9 0.5126008064516129 0.5259576612903226 0.5118447580645161 0.53125 0.5158770161290323 0.5307459677419355 0.516633064516129 0.5282258064516129
9 0.6058467741935484 0.571320564516129 0.6010584677419355 0.5725806451612903 0.6013104838709677 0.5758568548387097 0.6048387096774193 0.5761088709677419 0.6086189516129032 0.5748487903225806
9 0.6383568548387097 0.5597278225806451 0.6358366935483871 0.5614919354838709 0.6373487903225806 0.5640120967741935 0.6386088709677419 0.5670362903225806 0.6398689516129032 0.5640120967741935 0.641633064516129 0.5622479838709677
9 0.5972782258064516 0.5924899193548387 0.594758064516129 0.594758064516129 0.5945060483870968 0.5987903225806451 0.5967741935483871 0.6000504032258064 0.6003024193548387 0.5975302419354839 0.6003024193548387 0.5950100806451613
9 0.5688004032258064 0.6076108870967742 0.5657762096774193 0.6078629032258064 0.5662802419354839 0.611391129032258 0.5703125 0.6116431451612903
9 0.5317540322580645 0.5544354838709677 0.5282258064516129 0.5549395161290323 0.5259576612903226 0.5579637096774193 0.5269657258064516 0.5614919354838709 0.530241935483871 0.5602318548387097 0.5327620967741935 0.5572076612903226
9 0.633820564516129 0.4868951612903226 0.6302923387096774 0.4871471774193548 0.6297883064516129 0.4914314516129032 0.6315524193548387 0.4944556451612903 0.6350806451612903 0.4944556451612903 0.6373487903225806 0.4924395161290322 0.6370967741935484 0.4896673387096774
9 0.6159274193548387 0.4798387096774193 0.6129032258064516 0.4810987903225806 0.6129032258064516 0.485383064516129 0.6166834677419355 0.4871471774193548 0.6199596774193548 0.4851310483870968 0.6204637096774193 0.4805947580645161
9 0.6219758064516129 0.4873991935483871 0.6189516129032258 0.4884072580645161 0.6189516129032258 0.4919354838709677 0.6217237903225806 0.4934475806451613 0.6239919354838709 0.4919354838709677 0.6242439516129032 0.4896673387096774
9 0.6244959677419355 0.5115927419354839 0.6209677419354839 0.5123487903225806 0.6207157258064516 0.5153729838709677 0.6237399193548387 0.5173891129032258 0.6257560483870968 0.5163810483870968
9 0.6154233870967742 0.5408266129032258 0.6118951612903226 0.5418346774193548 0.6116431451612903 0.5453629032258064 0.6144153225806451 0.547883064516129 0.6174395161290323 0.5463709677419355 0.618195564516129 0.5435987903225806
9 0.6091229838709677 0.5325100806451613 0.6060987903225806 0.5342741935483871 0.6055947580645161 0.5378024193548387 0.6083669354838709 0.540070564516129 0.611391129032258 0.540070564516129 0.6129032258064516 0.5370463709677419 0.6121471774193548 0.5342741935483871
9 0.5619959677419355 0.4984879032258064 0.5582157258064516 0.4992439516129032 0.5584677419354839 0.5025201612903226 0.5614919354838709 0.5045362903225806 0.5642641129032258 0.5035282258064516 0.5650201612903226 0.501008064516129
9 0.6642836919592299 0.5006016421291053 0.6614524348810872 0.4993629671574179 0.6596828992072481 0.501309456398641 0.6603907134767837 0.5046715741789354 0.6626911098527747 0.5043176670441676
9 0.6713618346545867 0.5016633635334088 0.6678227633069083 0.5018403171007927 0.6655223669309173 0.5034328992072481 0.6658762740656852 0.5071489241223104 0.6688844847112118 0.5076797848244621 0.670830973952435 0.505556342015855
9 0.6522508493771235 0.5305067950169875 0.6494195922989807 0.5312146092865232 0.6485348244620612 0.5347536806342016 0.6497734994337485 0.5374079841449604 0.6533125707814269 0.5372310305775765 0.6550821064552661 0.5351075877689694 0.6543742921857304 0.5326302378255946
9 0.6389793318233296 0.5158196489241222 0.6347324462061155 0.5177661381653454 0.6331398640996603 0.5198895809739524 0.6345554926387316 0.5221899773499434 0.6370328425821065 0.5234286523216307 0.6395101925254812 0.5213052095130238 0.640218006795017 0.5190048131370328
9 0.6805634201585504 0.5308607021517553 0.6775552095130238 0.531745469988675 0.6777321630804077 0.5345767270668176 0.6800325594563986 0.5363462627406569 0.6825099093997735 0.5352845413363533 0.6825099093997735 0.5331610985277464
9 0.6656993204983013 0.5204204416761041 0.6633989241223104 0.5216591166477916 0.6635758776896943 0.5243134201585504 0.6658762740656852 0.5248442808607021 0.6676458097395244 0.5237825594563986
9 0.5927944507361269 0.5119266704416761 0.5894323329558324 0.51210362400906 0.588016704416761 0.5147579275198189 0.5885475651189128 0.5170583238958097 0.5908479614949037 0.5168813703284258 0.5933253114382786 0.516350509626274 0.5936792185730464 0.5135192525481314
9 0.6584442242355606 0.5156426953567383 0.6536664779161947 0.5156426953567383 0.6522508493771235 0.5179430917327293 0.6540203850509626 0.5204204416761041 0.6584442242355606 0.520774348810872 0.6616293884484711 0.5200665345413363 0.661983295583239 0.5168813703284258
9 0.648888731596829 0.5579345979614949 0.646588335220838 0.5591732729331823 0.6462344280860701 0.562181483578709 0.6485348244620612 0.564127972819932 0.6504813137032842 0.5632432049830125 0.6504813137032842 0.5602349943374858
9 0.6209300679501698 0.5904940543601359 0.6182757644394111 0.5912018686296716 0.6168601359003397 0.5936792185730464 0.6179218573046432 0.5959796149490374 0.620576160815402 0.5970413363533409 0.6226996036240091 0.5956257078142695 0.6230535107587769 0.5927944507361269
9 0.6219917893544734 0.5717369762174405 0.6200453001132502 0.5731526047565119 0.6195144394110985 0.5758069082672707 0.6221687429218573 0.5779303510758778 0.6237613250283125 0.5766916761041903 0.6241152321630804 0.5747451868629672
9 0.6416336353340883 0.5368771234428087 0.6388023782559455 0.5377618912797282 0.6375637032842583 0.5407701019252549 0.6389793318233296 0.5428935447338619 0.6414566817667045 0.5432474518686297 0.6430492638731596 0.5414779161947905 0.6434031710079275 0.5397083805209513
9 0.6494195922989807 0.540593148357871 0.646588335220838 0.5407701019252549 0.6455266138165345 0.5434244054360136 0.6469422423556058 0.5451939411098528 0.6501274065685164 0.544840033975085 0.6506582672706681 0.5434244054360136
9 0.6740161381653454 0.4931695922989808 0.6761395809739524 0.4906922423556058 0.6738391845979615 0.4889227066817667 0.6704770668176671 0.49016138165345413 0.66835362400906 0.49281568516421287 0.6681766704416761 0.4956469422423556 0.670654020385051 0.4984781993204983 0.6740161381653454 0.4990090600226501 0.6756087202718006 0.49617780294450736
9 0.6572055492638731 0.5798768403171007 0.6543742921857304 0.5805846545866364 0.6533125707814269 0.583769818799547 0.6543742921857304 0.5867780294450736 0.657382502831257 0.5874858437146093 0.659859852774632 0.5851854473386183 0.659859852774632 0.5827080973952434
9 0.6370328425821065 0.6053581540203851 0.6342015855039638 0.6060659682899207 0.633847678369196 0.6087202718006794 0.6361480747451869 0.6097819932049829 0.6382715175537939 0.6087202718006794
9 0.5473173839184599 0.6612754813137033 0.5427165911664779 0.6621602491506229 0.5450169875424689 0.6672919026047566 0.5487330124575311 0.6667610419026048 0.5505025481313703 0.6637528312570782
9 0.5282063986409966 0.6625141562853907 0.5244903737259343 0.6626911098527747 0.5236056058890147 0.6676458097395244 0.5244903737259343 0.6713618346545867 0.527321630804077 0.6690614382785957 0.5287372593431484 0.6651684597961495
9 0.45742497168742924 0.6994974518686297 0.451408550396376 0.6994974518686297 0.45105464326160816 0.7035673839184599 0.45370894677236695 0.7056908267270667 0.45742497168742924 0.7035673839184599
9 0.35974660249150625 0.7628468289920725 0.35620753114382786 0.7623159682899207 0.35426104190260477 0.7653241789354474 0.3556766704416761 0.7685093431483578 0.3595696489241223 0.76815543601359 0.36098527746319364 0.7665628539071347
9 0.312244271685761 0.6472483633387889 0.30508387888707034 0.6495499181669394 0.3038052373158756 0.6546644844517184 0.30712970540098194 0.6600347790507365 0.3114770867430442 0.6615691489361701 0.31198854337152204 0.6574774959083469 0.3140343698854337 0.6541530278232406 0.3142900981996727 0.6505728314238952
9 0.6472479423868313 0.42219650205761317 0.6451045953360769 0.42498285322359397 0.6451045953360769 0.4286265432098766 0.6481052812071331 0.4281978737997257 0.6500342935528121 0.4258401920438958
9 0.6532493141289437 0.4258401920438958 0.6502486282578875 0.426911865569273 0.6493912894375857 0.4311985596707819 0.6515346364883402 0.43355624142661175 0.6553926611796983 0.43269890260631005 0.656678669410151 0.42969821673525377
