8 0.761904761904762 0.4618055555555555 0.753968253968254 0.46130952380952384 0.7554563492063492 0.4717261904761905 0.7594246031746031 0.4766865079365079 0.7693452380952381 0.4737103174603175 0.7678571428571429 0.4637896825396825
8 0.7807539682539683 0.5386904761904762 0.7748015873015873 0.5476190476190477 0.78125 0.5525793650793651
8 0.7882543103448276 0.4622844827586207 0.7842133620689655 0.4626212284482759 0.7838766163793104 0.4683459051724138 0.7879175646551724 0.47103987068965514
8 0.6969962284482759 0.4845096982758621 0.6929552801724138 0.48417295258620696 0.6926185344827587 0.49090786637931033 0.6983432112068966 0.4925915948275862 0.7003636853448276 0.4868669181034483
8 0.7744477370689655 0.5356950431034483 0.769396551724138 0.5360317887931034 0.7683863146551724 0.5434401939655172 0.769396551724138 0.5474811422413793 0.7751212284482759 0.5444504310344828
8 0.7579471982758621 0.5457974137931034 0.7518857758620691 0.546807650862069 0.7522225215517242 0.5521955818965518 0.7566002155172414 0.5558997844827587 0.7586206896551724 0.552532327586207
8 0.724609375 0.5380522629310345 0.7172009698275862 0.537042025862069 0.7141702586206897 0.542766702586207 0.7161907327586208 0.5478178879310345 0.720568426724138 0.5451239224137931 0.7252828663793104 0.5441136853448276
8 0.7569369612068966 0.5235721982758621 0.7512122844827587 0.5202047413793104 0.747844827586207 0.5242456896551724 0.7518857758620691 0.5286233836206897 0.757610452586207 0.5276131465517242
8 0.7562634698275862 0.5680226293103449 0.7512122844827587 0.5680226293103449 0.7502020474137931 0.5774515086206897 0.7515490301724138 0.581829202586207 0.7552532327586208 0.5825026939655172 0.7566002155172414 0.5777882543103449 0.759630926724138 0.5727370689655172
8 0.7555899784482759 0.5868803879310345 0.7515490301724138 0.589911099137931 0.7522225215517242 0.5952990301724138 0.7569369612068966 0.5963092672413793 0.7589574353448276 0.5932785560344828
8 0.7731007543103449 0.6027074353448276 0.7687230603448276 0.6050646551724138 0.7653556034482759 0.6114628232758621 0.7714170258620691 0.6107893318965518
8 0.6862203663793104 0.5498383620689655 0.6828529094827587 0.5495016163793104 0.6808324353448276 0.5532058189655172 0.681505926724138 0.5582570043103449 0.685546875 0.5609509698275862 0.6882408405172413 0.5575835129310345 0.6882408405172413 0.5538793103448276
8 0.6953125 0.5609509698275862 0.6919450431034483 0.5596039870689655 0.689251077586207 0.5636449353448276 0.6899245689655172 0.5697063577586208 0.6943022629310345 0.5730738146551724 0.699016702586207 0.5710533405172413 0.6993534482758621 0.5670123922413793 0.6980064655172413 0.5636449353448276
8 0.6980064655172413 0.5380522629310345 0.6943022629310345 0.5383890086206897 0.6936287715517242 0.5420932112068966 0.6976697198275862 0.5434401939655172 0.7003636853448276 0.541082974137931
8 0.6963227370689655 0.544787176724138 0.6922817887931034 0.5478178879310345 0.6943022629310345 0.5528690732758621 0.6983432112068966 0.552532327586207 0.7000269396551724 0.5491648706896551
8 0.5811557112068966 0.509765625 0.5771147629310345 0.5255926724137931 0.5912580818965518 0.525255926724138 0.5872171336206897 0.5165005387931034
8 0.5911615779927448 0.45588346432889965 0.5879496674727932 0.4587175030229746 0.586627116082225 0.46344090084643286 0.5873828597339783 0.46740855501813783 0.5909726420798065 0.4662749395405078 0.5930509371221282 0.46174047762998793
8 0.6863852781136639 0.4781779020556227 0.6837401753325272 0.480634068923821 0.6835512394195888 0.484601723095526 0.6867631499395406 0.4861132103990326 0.6903529322853688 0.482901299879081 0.6899750604594922 0.47874470979443773
8 0.6480312877871826 0.5314578295042321 0.6448193772672309 0.5335361245465537 0.6444415054413544 0.5373148428053204 0.6474644800483675 0.5397710096735187 0.6510542623941958 0.5382595223700121 0.6527546856106409 0.5352365477629988 0.6516210701330108 0.5324025090689238
8 0.7294626662636035 0.46136260580411126 0.7260618198307134 0.46551919588875446 0.724739268440145 0.46986472188633616 0.7262507557436517 0.4749659915356711 0.7305962817412334 0.4736434401451028 0.73324138452237 0.47080940145102784 0.7345639359129383 0.4672196191051995 0.7345639359129383 0.46344090084643286 0.7324856408706167 0.46174047762998793
8 0.737209038694075 0.48365704353083433 0.73324138452237 0.48365704353083433 0.7307852176541717 0.4855464026602176 0.7305962817412334 0.48913618500604594 0.731540961305925 0.4929149032648126 0.73550861547763 0.4934817110036276 0.73777584643289 0.490836608222491 0.7381537182587666 0.4876246977025393
8 0.7364532950423216 0.5053846735187424 0.7326745767835551 0.5063293530834341 0.7305962817412334 0.5095412636033857 0.7311630894800484 0.5133199818621523 0.7334303204353083 0.515398276904474 0.7370201027811366 0.5140757255139057 0.73777584643289 0.5106748790810157
8 0.7185043833131801 0.514831469165659 0.7128363059250302 0.5123753022974606 0.7132141777509069 0.517665507859734 0.7164260882708585 0.5221999697702538 0.7188822551390568 0.5210663542926239 0.7196379987908101 0.518232315598549
8 0.7685724002418379 0.5029285066505441 0.7653604897218863 0.5025506348246674 0.7636600665054414 0.505195737605804 0.7647936819830713 0.5093523276904474 0.7681945284159613 0.5123753022974606 0.7723511185006047 0.5127531741233373 0.7721621825876663 0.5101080713422007 0.7691392079806529 0.5084076481257557 0.7689502720677146 0.5059514812575574
8 0.7927561970979443 0.515965084643289 0.7891664147521161 0.5178544437726723 0.7874659915356711 0.5220110338573156 0.7874659915356711 0.5250340084643288 0.7910557738814994 0.5257897521160821 0.7938898125755743 0.5240893288996372 0.794267684401451 0.5201216747279322
8 0.7621485792019347 0.537692714631197 0.7600702841596131 0.5395820737605803 0.7598813482466747 0.542793984280532 0.7625264510278114 0.5458169588875453 0.7642268742442563 0.5433607920193471 0.7644158101571946 0.5407156892382103
8 0.7602592200725514 0.5545080108827085 0.7585587968561064 0.5565863059250302 0.7587477327690447 0.5594203446191052 0.7613928355501813 0.5624433192261185 0.762904322853688 0.5603650241837969 0.762904322853688 0.5569641777509069
8 0.6920533555018138 0.5745352176541717 0.6903529322853688 0.57699138452237 0.6901639963724304 0.5822815900846432 0.6922422914147521 0.5870049879081016 0.6958320737605803 0.5881386033857315 0.6977214328899637 0.5849266928657799 0.6977214328899637 0.580959038694075 0.696776753325272 0.5779360640870617 0.6952652660217654 0.5756688331318017
8 0.4279209492140266 0.5057625453446191 0.42414223095525994 0.5044399939540508 0.4199856408706166 0.5061404171704957 0.42055244860943164 0.5116195586457073 0.4243311668681983 0.5157761487303507 0.42905456469165654 0.5199327388149939 0.43132179564691653 0.5218220979443773 0.4332111547762999 0.5180433796856106 0.43151073155985487 0.513131045949214
8 0.39976949818621516 0.5067072249093107 0.39542397218863357 0.5089744558645707 0.39296780532043524 0.5138867896009673 0.3935346130592502 0.5201216747279322 0.3946682285368802 0.5246561366384522 0.4005252418379685 0.5244672007255139 0.40071417775090684 0.5178544437726723 0.4010920495767835 0.5118084945586456
8 0.4124282043530834 0.5562084340991535 0.40978310157194675 0.5594203446191052 0.4037371523579202 0.5584756650544136 0.40298140870616683 0.5656552297460701 0.4048707678355502 0.5698118198307134 0.4101609733978234 0.56905607617896 0.4143175634824667 0.5660331015719468 0.4143175634824667 0.5614986396614269 0.41564011487303504 0.5571531136638452
8 0.48422385126964934 0.549595677146312 0.4802561970979443 0.5520518440145102 0.4791225816203144 0.5565863059250302 0.48327917170495766 0.5594203446191052 0.4870578899637243 0.5590424727932286 0.48686895405078595 0.5550748186215235
8 0.46873110640870613 0.5518629081015719 0.4662749395405078 0.5526186517533253 0.46797536275695284 0.5563973700120919 0.4706204655380895 0.5603650241837969 0.4740213119709794 0.5592314087061668 0.47383237605804107 0.5562084340991535 0.4715651451027811 0.5548858827085852
8 0.5082187122128173 0.5133199818621523 0.5034953143893591 0.5127531741233373 0.5000944679564692 0.5161540205562274 0.5004723397823458 0.5206884824667473 0.5038731862152358 0.5235225211608222 0.5076519044740024 0.5220110338573156 0.511430622732769 0.5193659310761789 0.5118084945586456 0.5163429564691657 0.509730199516324 0.5146425332527207
8 0.5067072249093107 0.45550559250302297 0.5038731862152358 0.45645027206771466 0.5033063784764208 0.4609847339782346 0.5050068016928658 0.4651413240628779 0.5087855199516323 0.4653302599758161 0.5121863663845223 0.4630630290205562 0.5106748790810157 0.45890643893591293
8 0.517098700120919 0.4672196191051995 0.5133199818621523 0.4696757859733978 0.5116195586457073 0.4732655683192261 0.5140757255139057 0.4760996070133011 0.5178544437726723 0.4749659915356711 0.5204995465538089 0.4711872732769044 0.5195548669891172 0.46835323458282946
8 0.5220110338573156 0.3846546251511487 0.5140757255139057 0.382576330108827 0.5110527509068923 0.3872997279322853 0.5121863663845223 0.3935346130592502 0.515398276904474 0.3963686517533252 0.5199327388149939 0.39523503627569523 0.5235225211608222 0.39258993349455856 0.5252229443772671 0.38862227932285365
8 0.5227667775090689 0.39655758766626353 0.518799123337364 0.3980690749697702 0.5184212515114873 0.40222566505441354 0.5206884824667473 0.40468183192261187 0.5242782648125756 0.4024146009673519 0.5248450725513906 0.3995805622732768
8 0.5036842503022975 0.4124282043530834 0.4993387243047159 0.4111056529625151 0.4951821342200725 0.4165847944377267 0.5000944679564692 0.4194188331318017 0.5050068016928658 0.4192298972188634 0.5059514812575574 0.4154511789600967
8 0.42754307738814995 0.4165847944377267 0.4228196795646916 0.42470903869407495 0.4245201027811366 0.4284877569528415 0.4288656287787182 0.4282988210399032 0.4320775392986699 0.42546478234582824 0.4335890266021766 0.4209303204353083 0.43188860338573154 0.41790734582829503
8 0.546761638452237 0.4876246977025393 0.5435497279322854 0.4898919286577993 0.5443054715840387 0.49593787787182586 0.5478952539298669 0.4974493651753325 0.549595677146312 0.49272596735187424 0.5492178053204353 0.4895140568319226
8 0.6527546856106409 0.5522407799274486 0.6518100060459492 0.5588535368802903 0.6485980955259976 0.5618765114873036 0.6493538391777509 0.5654662938331317 0.6538883010882708 0.5664109733978234 0.6561555320435308 0.5639548065296252 0.6557776602176542 0.5586646009673519
8 0.6128892079806529 0.4904587363966143 0.607787938331318 0.4895140568319226 0.6041981559854898 0.49121448004836754 0.6032534764207981 0.4955600060459492 0.608354746070133 0.4955600060459492 0.6115666565900846 0.49669362152357915 0.6153453748488513 0.4968825574365175 0.6159121825876663 0.4936706469165659
8 0.6040092200725514 0.5172876360338573 0.5989079504232164 0.5133199818621523 0.596451783555018 0.5174765719467956 0.5958849758162031 0.5212552902055623 0.5987190145102781 0.5235225211608222 0.6040092200725514 0.5239003929866989 0.607787938331318 0.5237114570737605 0.608354746070133 0.5201216747279322
8 0.6344279020556227 0.48101194074969766 0.6287598246674728 0.47931151753325274 0.6280040810157195 0.4830902357920193 0.6314049274486094 0.4851685308343409 0.6338610943168077 0.4904587363966143 0.6395291717049576 0.48781363361547764 0.637450876662636 0.4844127871825877 0.637450876662636 0.47950045344619097 0.6349947097944377 0.47874470979443773
8 0.6489759673518742 0.49385958282950415 0.645952992744861 0.4995276602176541 0.6493538391777509 0.5034953143893591 0.6523768137847642 0.5038731862152358 0.6527546856106409 0.508029776299879 0.6495427750906893 0.509163391777509 0.6516210701330108 0.5104859431680774 0.6565334038694075 0.5099191354292624 0.6563444679564692 0.5017948911729142 0.6527546856106409 0.5002834038694075
8 0.671648276904474 0.545628022974607 0.6684363663845223 0.5477063180169287 0.6720261487303507 0.5509182285368802 0.6714593409915357 0.5558305622732769 0.675049123337364 0.5556416263603385 0.6758048669891173 0.5503514207980653
8 0.6861963422007256 0.5675445888754534 0.6839291112454655 0.5701896916565901 0.6833623035066505 0.5749130894800484 0.6852516626360339 0.577558192261185 0.6875188935912938 0.57699138452237 0.6888414449818622 0.5737794740024184 0.6888414449818622 0.5711343712212817
8 0.6873299576783555 0.6331053506650545 0.6843069830713422 0.6351836457073761 0.6854405985489722 0.6391512998790809 0.6877078295042321 0.6406627871825876 0.6899750604594922 0.6378287484885127
8 0.6376398125755743 0.537125906892382 0.6342389661426844 0.5392042019347038 0.634050030229746 0.5446833434099154 0.6361283252720676 0.549028869407497 0.6391512998790809 0.547328446191052 0.6410406590084643 0.5437386638452237 0.640851723095526 0.540526753325272
8 0.4111056529625151 0.35196871221281734 0.40713799879081014 0.35555849455864563 0.4052486396614269 0.35971508464328894 0.40619331922611845 0.36368273881499386 0.40883842200725506 0.36500529020556216 0.41205033252720674 0.3634938029020556 0.4112945888754534 0.3606597642079806 0.4137507557436518 0.35820359733978224 0.4143175634824667 0.35518062273276896
8 0.379175483675937 0.35385807134220065 0.37558570133010877 0.3576367896009673 0.37464102176541714 0.36292699516324056 0.3723737908101571 0.3655720979443772 0.3710512394195888 0.3684061366384522 0.37369634220072545 0.37048443168077383 0.3778529322853687 0.3697286880290205 0.37860867593712205 0.36500529020556216 0.3812537787182587 0.3614155078597339 0.382009522370012 0.35782572551390557
8 0.36198231559854893 0.3693508162031438 0.35933721281741227 0.37142911124546546 0.3585814691656589 0.37558570133010877 0.3600929564691656 0.37804186819830704 0.36330486698911724 0.37728612454655375 0.36462741837968554 0.3738852781136638 0.3638716747279322 0.3697286880290205
8 0.37936441958887535 0.40184779322853686 0.3770971886336154 0.4033592805320435 0.37634144498186206 0.4069490628778718 0.3778529322853687 0.4101609733978234 0.38087590689238204 0.4095941656590084 0.38219845828295035 0.4060043833131801 0.38182058645707373 0.4033592805320435
8 0.3712401753325271 0.3999584340991535 0.3685950725513905 0.40128098548972185 0.36821720072551384 0.40468183192261187 0.37142911124546546 0.40619331922611845 0.3735074062877871 0.4048707678355502 0.3735074062877871 0.40298140870616683
8 0.3655720979443772 0.40562651148730344 0.3638716747279322 0.4078937424425635 0.3648163542926239 0.4111056529625151 0.36783932889963716 0.4111056529625151 0.3693508162031438 0.40827161426844016 0.3684061366384522 0.4063822551390568
8 0.3723737908101571 0.41526224304715836 0.3691618802902055 0.41507330713422 0.3685950725513905 0.4192298972188634 0.37142911124546546 0.4222528718258767 0.3740742140266021 0.42017457678355496 0.37464102176541714 0.41752947400241835
8 0.47817560728744934 0.38012398785425106 0.4743800607287449 0.3984691295546559 0.48197115384615385 0.39910172064777333 0.48386892712550605 0.3889802631578948
8 0.46489119433198384 0.41301872469635625 0.4591978744939271 0.4161816801619433 0.4610956477732794 0.42377277327935226 0.46678896761133604 0.4244053643724697 0.46931933198380565 0.4193446356275303
8 0.5249873481781376 0.47817560728744934 0.5136007085020242 0.4826037449392713 0.5129681174089069 0.48892965587044535 0.5199266194331984 0.4927252024291498 0.525619939271255 0.4857667004048583
8 0.5800227732793523 0.5389043522267206 0.5730642712550608 0.5313132591093117 0.5648405870445343 0.5382717611336032 0.5629428137651822 0.5313132591093117 0.5623102226720648 0.5237221659919029 0.5566169028340081 0.5319458502024291 0.5572494939271255 0.5426998987854251 0.5680035425101215 0.5477606275303644 0.5743294534412955 0.5433324898785424 0.5768598178137652 0.5509235829959513 0.5825531376518218 0.5464954453441295
8 0.5344762145748987 0.45223937246963564 0.5414347165991903 0.4471786437246964 0.547128036437247 0.45793269230769235 0.5540865384615384 0.46236082995951416 0.5490258097165992 0.46425860323886636 0.5464954453441295 0.46931933198380565 0.54375 0.46281249999999996
8 0.36022167487684725 0.4110221674876847 0.35637315270935954 0.39562807881773393 0.36483990147783246 0.39793719211822653
8 0.31788793103448276 0.3448275862068965 0.3132697044334975 0.3571428571428571 0.3248152709359605 0.355603448275862
8 0.32808603491271826 0.36237531172069826 0.3261377805486284 0.3701683291770574 0.33042394014962595 0.37640274314214467 0.3335411471321696 0.37601309226932667 0.33237219451371575 0.3682200748129676 0.3343204488778055 0.36237531172069826
8 0.3074345386533666 0.38692331670822944 0.3047069825436409 0.390819825436409 0.3066552369077307 0.39471633416458857 0.31055174563591026 0.39354738154613467 0.3125 0.3904301745635911
8 0.31016209476309226 0.36588216957605985 0.31016209476309226 0.3709476309226933 0.3156172069825437 0.373675187032419 0.31756546134663344 0.3674407730673317 0.3144482543640898 0.36510286783042395
8 0.33237219451371575 0.44809850374064836 0.32808603491271826 0.451995012468828 0.33120324189526185 0.4593983790523691 0.3362687032418953 0.459788029925187 0.3382169576059851 0.4543329177057357 0.3378273067331671 0.4504364089775561
8 0.4629052369077307 0.46134663341645893 0.4590087281795512 0.4617362842892768 0.45861907730673324 0.46641209476309226 0.4617362842892768 0.4699189526184539 0.4644638403990025 0.46758104738154616
8 0.625 0.5420043640897756 0.6187655860349127 0.5416147132169576 0.6129208229426435 0.5435629675810474 0.6121415211970075 0.5505766832917706 0.6148690773067332 0.555252493765586 0.6222724438902744 0.5544731920199502 0.6234413965087282 0.5517456359102245 0.6199345386533667 0.5497973815461348 0.6175966334164589 0.5459008728179551
8 0.5540835411471322 0.5061564837905237 0.5486284289276808 0.5084943890274315 0.5486284289276808 0.5147288029925188 0.5525249376558603 0.5155081047381547 0.5568110972568578 0.5127805486284289 0.5583697007481297 0.5088840399002494
8 0.29925187032418954 0.3978335411471322 0.29574501246882795 0.4040679551122195 0.29847256857855364 0.4095230673316708 0.3004208229426434 0.4040679551122195 0.30314837905236913 0.4013403990024938
8 0.3456203241895262 0.3904301745635911 0.3409445137157107 0.39393703241895267 0.3421134663341646 0.3978335411471322 0.34600997506234416 0.3970542394014963 0.34795822942643395 0.39393703241895267 0.35224438902743144 0.3951059850374065 0.3545822942643392 0.390819825436409 0.35029613466334164 0.38887157107231923
8 0.504208229426434 0.43991583541147133 0.49992206982543647 0.4406951371571073 0.4983634663341646 0.4457605985037406 0.5007013715710723 0.4504364089775561 0.5061564837905237 0.44848815461346636 0.5081047381546135 0.44498129675810477
8 0.5874297752808989 0.5316011235955056 0.5814606741573034 0.5291432584269662 0.5797050561797753 0.5323033707865168 0.586376404494382 0.5379213483146067 0.59375 0.53125 0.5905898876404494 0.528441011235955
8 0.45646067415730335 0.3686797752808989 0.45821629213483145 0.37464887640449435 0.4617275280898876 0.3735955056179775 0.4624297752808989 0.36657303370786515
8 0.49543539325842695 0.40203651685393255 0.4905196629213483 0.41046348314606745 0.49613764044943814 0.4122191011235955 0.4985955056179775 0.4087078651685393
8 0.4768258426966292 0.41046348314606745 0.47401685393258425 0.4153792134831461 0.4789325842696629 0.4220505617977528 0.4849016853932584 0.41853932584269665
8 0.33146067415730335 0.4058988764044944 0.32935393258426965 0.40941011235955055 0.33181179775280895 0.4122191011235955 0.3360252808988764 0.41081460674157305 0.33181179775280895 0.41748595505617975 0.3286516853932584 0.422752808988764 0.33146067415730335 0.430126404494382 0.336376404494382 0.4294241573033708 0.336376404494382 0.4234550561797753 0.34058988764044945 0.4157303370786517 0.34094101123595505 0.40976123595505615 0.3374297752808989 0.4066011235955056
8 0.34094101123595505 0.4231039325842697 0.33918539325842695 0.4283707865168539 0.3360252808988764 0.43258426966292135 0.33953651685393255 0.43504213483146065 0.3455056179775281 0.4311797752808989 0.34691011235955055 0.4238061797752809 0.34445224719101125 0.41818820224719094 0.34094101123595505 0.41924157303370785
8 0.4076544943820225 0.46418539325842695 0.40344101123595505 0.4676966292134831 0.4044943820224719 0.47155898876404495 0.4080056179775281 0.47191011235955055 0.41186797752808985 0.4683988764044944
8 0.7183988764044943 0.5031601123595506 0.7134831460674157 0.504564606741573 0.7138342696629214 0.5094803370786517 0.7183988764044943 0.5133426966292134 0.7222612359550562 0.5115870786516854 0.7222612359550562 0.5080758426966292
8 0.6274578651685393 0.4863061797752809 0.6260533707865168 0.4915730337078651 0.6306179775280898 0.49543539325842695 0.6327247191011236 0.4929775280898876 0.6323735955056179 0.49016853932584264
8 0.4334677419354839 0.3707787298387097 0.4243321572580645 0.3890498991935484 0.4296875 0.3972404233870968 0.4337827620967742 0.4019657258064516 0.438508064516129 0.39692540322580644 0.4407132056451613 0.3899949596774194 0.4375630040322581 0.38400957661290325 0.4369329637096774 0.3751890120967742
8 0.4211819556451613 0.5254536290322581 0.4136214717741936 0.5311239919354839 0.4129914314516129 0.5408896169354839 0.4205519153225806 0.537109375 0.4224420362903226 0.5320690524193548 0.4246471774193548 0.5270287298387097
8 0.6952494959677419 0.5982232862903226 0.6971396169354839 0.6023185483870968 0.6977696572580645 0.606413810483871 0.7037550403225807 0.606413810483871 0.7043850806451613 0.6007434475806452 0.6999747983870968 0.5982232862903226 0.6968245967741936 0.5941280241935484
8 0.4557291666666667 0.499465811965812 0.45272435897435903 0.5011351495726496 0.45205662393162394 0.5054754273504274 0.4567307692307693 0.5061431623931625 0.4597355769230769 0.5041399572649573 0.45873397435897434 0.5014690170940171
8 0.4797676282051282 0.5275106837606838 0.47576121794871795 0.5305154914529915 0.4777644230769231 0.5345219017094017 0.48177083333333337 0.5335202991452992
8 0.42984375 0.45093750000000005 0.42750000000000005 0.4525 0.42796874999999995 0.45609374999999996 0.43062500000000004 0.4578125 0.43359375 0.45546875 0.43359375 0.45234375
8 0.45093750000000005 0.42671875000000004 0.44828124999999996 0.428125 0.44734375000000004 0.43125 0.44859375 0.43328125 0.45109374999999996 0.43218750000000006 0.4528125 0.42984375
8 0.46187500000000004 0.4296875 0.45999999999999996 0.43203125 0.460625 0.43484375000000003 0.46390624999999996 0.43499999999999994 0.46421875 0.4325
8 0.47484374999999995 0.52296875 0.4715625 0.5248437499999999 0.47171874999999996 0.52796875 0.47531249999999997 0.5287499999999999 0.47828125000000005 0.526875 0.47796874999999994 0.52421875
8 0.49359374999999994 0.53359375 0.49140625 0.5340625 0.490625 0.53671875 0.49296875 0.5378125 0.4953125 0.5371875 0.49625 0.5353125000000001 0.4953125 0.53390625
8 0.49812500000000004 0.5275000000000001 0.49578125 0.525625 0.49328125 0.52734375 0.49406249999999996 0.53046875 0.496875 0.5334375 0.4996875 0.53453125 0.50046875 0.5315624999999999 0.499375 0.52890625
8 0.49992487980769235 0.615234375 0.4954176682692307 0.6189903846153846 0.4991736778846153 0.625 0.5006760817307693 0.6212439903846153 0.5036808894230769 0.6182391826923077
8 0.595703125 0.5408653846153846 0.5908203125 0.5419921875 0.5889423076923077 0.5476262019230769 0.5949519230769231 0.5502554086538461 0.5987079326923077 0.5464993990384615
8 0.33165564903846156 0.3955078125 0.32752403846153844 0.39701021634615385 0.3290264423076923 0.40076622596153844 0.33503605769230765 0.40076622596153844 0.33578725961538464 0.3977614182692307
8 0.3410456730769231 0.3797325721153846 0.33653846153846156 0.37898137019230765 0.33578725961538464 0.38386418269230765 0.33804086538461536 0.38912259615384615 0.34067007211538464 0.38536658653846156
8 0.5310997596153846 0.46687199519230765 0.52734375 0.4649939903846153 0.5250901442307693 0.4683743990384615 0.52734375 0.4736328125 0.5322265625 0.4732572115384615 0.5344801682692307 0.47025240384615385
8 0.7399338942307692 0.5314753605769231 0.7342998798076923 0.5329777644230769 0.7342998798076923 0.5386117788461539 0.7395582932692307 0.5438701923076923 0.7418118990384615 0.5393629807692307
8 0.5739182692307693 0.4845252403846153 0.5712890625 0.4811448317307693 0.5660306490384615 0.4781400240384615 0.5652794471153846 0.4822716346153846 0.5712890625 0.4879056490384615 0.5776742788461539 0.4894080528846153
8 0.5671574519230769 0.46912560096153844 0.5705378605769231 0.4747596153846153 0.5750450721153846 0.4710036057692307 0.5746694711538461 0.4646183894230769
8 0.5712890625 0.5138221153846153 0.5660306490384615 0.5157001201923077 0.5645282451923077 0.5205829326923077 0.56640625 0.5250901442307693 0.5727914663461539 0.5254657451923077 0.5742938701923077 0.5209585336538461 0.5742938701923077 0.5172025240384615
8 0.7301682692307692 0.6002103365384615 0.7305438701923077 0.60546875 0.7361778846153846 0.6043419471153846 0.7358022836538461 0.6009615384615384
8 0.7294170673076923 0.6096003605769231 0.7312950721153846 0.6141075721153846 0.7373046875 0.6118539663461539 0.7373046875 0.6088491586538461
8 0.4373282967032967 0.4708104395604395 0.4338942307692307 0.47381524725274726 0.4351820054945055 0.48197115384615385 0.4373282967032967 0.48154189560439564 0.43861607142857145 0.4763907967032967
8 0.4257383241758242 0.48755151098901095 0.4257383241758242 0.48240041208791207 0.4214457417582418 0.4806833791208791 0.4158653846153846 0.48282967032967034 0.4158653846153846 0.48712225274725274 0.42058722527472525 0.4866929945054945
8 0.39526098901098894 0.4862637362637362 0.3926854395604395 0.4922733516483516 0.3905391483516483 0.49785370879120877 0.3926854395604395 0.5021462912087913 0.3995535714285714 0.5012877747252747 0.40084134615384615 0.4944196428571429 0.3995535714285714 0.4896978021978022
8 0.40899725274725274 0.4896978021978022 0.4068509615384615 0.4944196428571429 0.40942651098901095 0.5004292582417582 0.41500686813186816 0.4995707417582418 0.41543612637362637 0.4944196428571429 0.4137190934065934 0.4905563186813187
8 0.48755151098901095 0.44805975274725274 0.48154189560439564 0.4476304945054945 0.47939560439560436 0.45364010989010983 0.4841174450549451 0.45836195054945056 0.4888392857142857 0.4566449175824176
8 0.6146119505494505 0.5030048076923077 0.6090315934065934 0.5064388736263736 0.606456043956044 0.5124484890109889 0.6137534340659341 0.5115899725274725 0.6171875 0.5090144230769231 0.6240556318681318 0.5103021978021978 0.6231971153846153 0.5055803571428571
8 0.4944196428571429 0.41929945054945056 0.48926854395604397 0.42015796703296704 0.4888392857142857 0.42487980769230765 0.4939903846153846 0.4278846153846154 0.49742445054945056 0.42445054945054944
8 0.7227850274725275 0.4862637362637362 0.7197802197802198 0.4896978021978022 0.7223557692307693 0.4944196428571429 0.7270776098901098 0.4948489010989011
8 0.6860556722689075 0.7510504201680672 0.6788340336134454 0.7490808823529412 0.6729254201680672 0.7536764705882353 0.6709558823529412 0.7595850840336135 0.6781775210084034 0.7602415966386555 0.6827731092436975 0.7569590336134454
8 0.6952468487394958 0.7379201680672269 0.6893382352941176 0.7366071428571429 0.6840861344537815 0.738576680672269 0.6847426470588236 0.7438287815126051 0.6926207983193278 0.7451418067226891 0.6985294117647058 0.7444852941176471
8 0.4648109243697479 0.39719012605042014 0.4589023109243698 0.39915966386554624 0.45627626050420167 0.40638130252100846 0.46218487394957986 0.4116334033613446 0.46875 0.41032037815126055 0.4713760504201681 0.40375525210084034
8 0.7375270172910662 0.6722352305475504 0.7253692363112392 0.6834924351585014 0.7253692363112392 0.6965507925072046 0.7303224063400576 0.6947496397694525 0.7303224063400576 0.6870947406340058 0.7339247118155618 0.6857438760806917 0.7375270172910662 0.6798901296829971
8 0.7523865273775215 0.6857438760806917 0.7483339337175792 0.690246757925072 0.7523865273775215 0.6947496397694525 0.7568894092219021 0.6929484870317003 0.7568894092219021 0.689346181556196
8 0.5889913069544365 0.6957808752997602 0.5822467026378897 0.7118929856115108 0.5882419064748201 0.7115182853717027 0.5882419064748201 0.7212604916067147 0.5852443045563549 0.7265062949640287 0.595361211031175 0.7283797961630696 0.5972347122302158 0.7190122901678657 0.5957359112709832 0.7085206834532374 0.5942371103117506 0.7006519784172662
8 0.6368570826306914 0.5678225126475549 0.6339586846543002 0.5691399662731872 0.6347491568296796 0.5733558178752108 0.6381745362563238 0.5752002529510961 0.6397554806070826 0.572301854974705 0.6394919898819562 0.5694034569983136
8 0.6450252951096122 0.5746732715008431 0.6408094435075886 0.5749367622259697 0.641599915682968 0.5778351602023609 0.6463427487352446 0.5799430860033727 0.6492411467116358 0.5765177065767285 0.6492411467116358 0.5744097807757167
8 0.6099810286677909 0.5535940134907251 0.6070826306913997 0.5509591062394603 0.6036572512647556 0.5499051433389546 0.6007588532883643 0.5522765598650927 0.5999683811129849 0.5567559021922428 0.6031302698145026 0.5541209949409781 0.6062921585160203 0.5549114671163575 0.6026032883642496 0.5578098650927488 0.6023397976391232 0.5614987352445194 0.6057651770657674 0.560181281618887 0.609454047217538 0.5578098650927488 0.6118254637436762 0.5591273187183812 0.6107715008431703 0.5646606239460371 0.6136698988195616 0.5651876053962901 0.6147238617200675 0.560181281618887 0.6136698988195616 0.5564924114671164
8 0.6956155143338955 0.5082736087689714 0.6935075885328836 0.5109085160202361 0.6900822091062395 0.5122259696458685 0.6945615514333896 0.5159148397976392 0.6977234401349073 0.513016441821248 0.6985139123102867 0.5098545531197302
8 0.5161783305227656 0.5372575885328836 0.512489460370995 0.5362036256323778 0.5098545531197302 0.5393655143338955 0.5095910623946037 0.5427908937605397 0.5156513490725126 0.5438448566610455 0.5182862563237775 0.5412099494097808
8 0.47928962900505906 0.42632799325463744 0.4758642495784149 0.4265914839797639 0.4745467959527825 0.4305438448566611 0.47770868465430016 0.43502318718381117 0.48192453625632375 0.43291526138279934 0.48376897133220914 0.4292263912310287 0.48324198988195616 0.426064502529511
8 0.5311973018549747 0.45478499156829677 0.5293528667790894 0.4590008431703204 0.5306703204047218 0.4629532040472176 0.534095699831366 0.4616357504215852 0.534095699831366 0.45794688026981456
8 0.5506956155143339 0.495362563237774 0.5493781618887016 0.500368887015177 0.5562289207419899 0.5006323777403036 0.5554384485666104 0.4977339797639123
8 0.49061973018549754 0.39391863406408095 0.4911467116357504 0.398924957841484 0.4969435075885329 0.3978709949409781 0.4982609612141653 0.3954995784148398 0.4964165261382799 0.39365514333895446 0.4940451096121417 0.3923376897133221
8 0.6126159359190557 0.5309338111298483 0.6126159359190557 0.5372575885328836 0.6168317875210793 0.5377845699831366 0.6189397133220911 0.5359401349072513 0.6186762225969646 0.5327782462057336
8 0.6803330522765598 0.5931176222596964 0.6776981450252951 0.5957525295109612 0.6803330522765598 0.6002318718381113 0.6848123946037099 0.6026032883642496 0.6863933389544689 0.5986509274873525 0.6850758853288365 0.5952255480607083
8 0.5327200303490137 0.5782435508345979 0.5327200303490137 0.5874905159332322 0.5395959787556904 0.5910470409711686 0.5379362670713203 0.5853566009104705
9 0.761904761904762 0.4618055555555555 0.753968253968254 0.46130952380952384 0.7554563492063492 0.4717261904761905 0.7594246031746031 0.4766865079365079 0.7693452380952381 0.4737103174603175 0.7678571428571429 0.4637896825396825
9 0.7807539682539683 0.5386904761904762 0.7748015873015873 0.5476190476190477 0.78125 0.5525793650793651
9 0.7882543103448276 0.4622844827586207 0.7842133620689655 0.4626212284482759 0.7838766163793104 0.4683459051724138 0.7879175646551724 0.47103987068965514
9 0.6969962284482759 0.4845096982758621 0.6929552801724138 0.48417295258620696 0.6926185344827587 0.49090786637931033 0.6983432112068966 0.4925915948275862 0.7003636853448276 0.4868669181034483
9 0.7744477370689655 0.5356950431034483 0.769396551724138 0.5360317887931034 0.7683863146551724 0.5434401939655172 0.769396551724138 0.5474811422413793 0.7751212284482759 0.5444504310344828
9 0.7579471982758621 0.5457974137931034 0.7518857758620691 0.546807650862069 0.7522225215517242 0.5521955818965518 0.7566002155172414 0.5558997844827587 0.7586206896551724 0.552532327586207
9 0.724609375 0.5380522629310345 0.7172009698275862 0.537042025862069 0.7141702586206897 0.542766702586207 0.7161907327586208 0.5478178879310345 0.720568426724138 0.5451239224137931 0.7252828663793104 0.5441136853448276
9 0.7569369612068966 0.5235721982758621 0.7512122844827587 0.5202047413793104 0.747844827586207 0.5242456896551724 0.7518857758620691 0.5286233836206897 0.757610452586207 0.5276131465517242
9 0.7562634698275862 0.5680226293103449 0.7512122844827587 0.5680226293103449 0.7502020474137931 0.5774515086206897 0.7515490301724138 0.581829202586207 0.7552532327586208 0.5825026939655172 0.7566002155172414 0.5777882543103449 0.759630926724138 0.5727370689655172
9 0.7555899784482759 0.5868803879310345 0.7515490301724138 0.589911099137931 0.7522225215517242 0.5952990301724138 0.7569369612068966 0.5963092672413793 0.7589574353448276 0.5932785560344828
9 0.7731007543103449 0.6027074353448276 0.7687230603448276 0.6050646551724138 0.7653556034482759 0.6114628232758621 0.7714170258620691 0.6107893318965518
9 0.6862203663793104 0.5498383620689655 0.6828529094827587 0.5495016163793104 0.6808324353448276 0.5532058189655172 0.681505926724138 0.5582570043103449 0.685546875 0.5609509698275862 0.6882408405172413 0.5575835129310345 0.6882408405172413 0.5538793103448276
9 0.6953125 0.5609509698275862 0.6919450431034483 0.5596039870689655 0.689251077586207 0.5636449353448276 0.6899245689655172 0.5697063577586208 0.6943022629310345 0.5730738146551724 0.699016702586207 0.5710533405172413 0.6993534482758621 0.5670123922413793 0.6980064655172413 0.5636449353448276
9 0.6980064655172413 0.5380522629310345 0.6943022629310345 0.5383890086206897 0.6936287715517242 0.5420932112068966 0.6976697198275862 0.5434401939655172 0.7003636853448276 0.541082974137931
9 0.6963227370689655 0.544787176724138 0.6922817887931034 0.5478178879310345 0.6943022629310345 0.5528690732758621 0.6983432112068966 0.552532327586207 0.7000269396551724 0.5491648706896551
9 0.5811557112068966 0.509765625 0.5771147629310345 0.5255926724137931 0.5912580818965518 0.525255926724138 0.5872171336206897 0.5165005387931034
9 0.5911615779927448 0.45588346432889965 0.5879496674727932 0.4587175030229746 0.586627116082225 0.46344090084643286 0.5873828597339783 0.46740855501813783 0.5909726420798065 0.4662749395405078 0.5930509371221282 0.46174047762998793
9 0.6863852781136639 0.4781779020556227 0.6837401753325272 0.480634068923821 0.6835512394195888 0.484601723095526 0.6867631499395406 0.4861132103990326 0.6903529322853688 0.482901299879081 0.6899750604594922 0.47874470979443773
9 0.6480312877871826 0.5314578295042321 0.6448193772672309 0.5335361245465537 0.6444415054413544 0.5373148428053204 0.6474644800483675 0.5397710096735187 0.6510542623941958 0.5382595223700121 0.6527546856106409 0.5352365477629988 0.6516210701330108 0.5324025090689238
9 0.7294626662636035 0.46136260580411126 0.7260618198307134 0.46551919588875446 0.724739268440145 0.46986472188633616 0.7262507557436517 0.4749659915356711 0.7305962817412334 0.4736434401451028 0.73324138452237 0.47080940145102784 0.7345639359129383 0.4672196191051995 0.7345639359129383 0.46344090084643286 0.7324856408706167 0.46174047762998793
9 0.737209038694075 0.48365704353083433 0.73324138452237 0.48365704353083433 0.7307852176541717 0.4855464026602176 0.7305962817412334 0.48913618500604594 0.731540961305925 0.4929149032648126 0.73550861547763 0.4934817110036276 0.73777584643289 0.490836608222491 0.7381537182587666 0.4876246977025393
9 0.7364532950423216 0.5053846735187424 0.7326745767835551 0.5063293530834341 0.7305962817412334 0.5095412636033857 0.7311630894800484 0.5133199818621523 0.7334303204353083 0.515398276904474 0.7370201027811366 0.5140757255139057 0.73777584643289 0.5106748790810157
9 0.7185043833131801 0.514831469165659 0.7128363059250302 0.5123753022974606 0.7132141777509069 0.517665507859734 0.7164260882708585 0.5221999697702538 0.7188822551390568 0.5210663542926239 0.7196379987908101 0.518232315598549
9 0.7685724002418379 0.5029285066505441 0.7653604897218863 0.5025506348246674 0.7636600665054414 0.505195737605804 0.7647936819830713 0.5093523276904474 0.7681945284159613 0.5123753022974606 0.7723511185006047 0.5127531741233373 0.7721621825876663 0.5101080713422007 0.7691392079806529 0.5084076481257557 0.7689502720677146 0.5059514812575574
9 0.7927561970979443 0.515965084643289 0.7891664147521161 0.5178544437726723 0.7874659915356711 0.5220110338573156 0.7874659915356711 0.5250340084643288 0.7910557738814994 0.5257897521160821 0.7938898125755743 0.5240893288996372 0.794267684401451 0.5201216747279322
9 0.7621485792019347 0.537692714631197 0.7600702841596131 0.5395820737605803 0.7598813482466747 0.542793984280532 0.7625264510278114 0.5458169588875453 0.7642268742442563 0.5433607920193471 0.7644158101571946 0.5407156892382103
9 0.7602592200725514 0.5545080108827085 0.7585587968561064 0.5565863059250302 0.7587477327690447 0.5594203446191052 0.7613928355501813 0.5624433192261185 0.762904322853688 0.5603650241837969 0.762904322853688 0.5569641777509069
9 0.6920533555018138 0.5745352176541717 0.6903529322853688 0.57699138452237 0.6901639963724304 0.5822815900846432 0.6922422914147521 0.5870049879081016 0.6958320737605803 0.5881386033857315 0.6977214328899637 0.5849266928657799 0.6977214328899637 0.580959038694075 0.696776753325272 0.5779360640870617 0.6952652660217654 0.5756688331318017
9 0.4279209492140266 0.5057625453446191 0.42414223095525994 0.5044399939540508 0.4199856408706166 0.5061404171704957 0.42055244860943164 0.5116195586457073 0.4243311668681983 0.5157761487303507 0.42905456469165654 0.5199327388149939 0.43132179564691653 0.5218220979443773 0.4332111547762999 0.5180433796856106 0.43151073155985487 0.513131045949214
9 0.39976949818621516 0.5067072249093107 0.39542397218863357 0.5089744558645707 0.39296780532043524 0.5138867896009673 0.3935346130592502 0.5201216747279322 0.3946682285368802 0.5246561366384522 0.4005252418379685 0.5244672007255139 0.40071417775090684 0.5178544437726723 0.4010920495767835 0.5118084945586456
9 0.4124282043530834 0.5562084340991535 0.40978310157194675 0.5594203446191052 0.4037371523579202 0.5584756650544136 0.40298140870616683 0.5656552297460701 0.4048707678355502 0.5698118198307134 0.4101609733978234 0.56905607617896 0.4143175634824667 0.5660331015719468 0.4143175634824667 0.5614986396614269 0.41564011487303504 0.5571531136638452
9 0.48422385126964934 0.549595677146312 0.4802561970979443 0.5520518440145102 0.4791225816203144 0.5565863059250302 0.48327917170495766 0.5594203446191052 0.4870578899637243 0.5590424727932286 0.48686895405078595 0.5550748186215235
9 0.46873110640870613 0.5518629081015719 0.4662749395405078 0.5526186517533253 0.46797536275695284 0.5563973700120919 0.4706204655380895 0.5603650241837969 0.4740213119709794 0.5592314087061668 0.47383237605804107 0.5562084340991535 0.4715651451027811 0.5548858827085852
9 0.5082187122128173 0.5133199818621523 0.5034953143893591 0.5127531741233373 0.5000944679564692 0.5161540205562274 0.5004723397823458 0.5206884824667473 0.5038731862152358 0.5235225211608222 0.5076519044740024 0.5220110338573156 0.511430622732769 0.5193659310761789 0.5118084945586456 0.5163429564691657 0.509730199516324 0.5146425332527207
9 0.5067072249093107 0.45550559250302297 0.5038731862152358 0.45645027206771466 0.5033063784764208 0.4609847339782346 0.5050068016928658 0.4651413240628779 0.5087855199516323 0.4653302599758161 0.5121863663845223 0.4630630290205562 0.5106748790810157 0.45890643893591293
9 0.517098700120919 0.4672196191051995 0.5133199818621523 0.4696757859733978 0.5116195586457073 0.4732655683192261 0.5140757255139057 0.4760996070133011 0.5178544437726723 0.4749659915356711 0.5204995465538089 0.4711872732769044 0.5195548669891172 0.46835323458282946
9 0.5220110338573156 0.3846546251511487 0.5140757255139057 0.382576330108827 0.5110527509068923 0.3872997279322853 0.5121863663845223 0.3935346130592502 0.515398276904474 0.3963686517533252 0.5199327388149939 0.39523503627569523 0.5235225211608222 0.39258993349455856 0.5252229443772671 0.38862227932285365
9 0.5227667775090689 0.39655758766626353 0.518799123337364 0.3980690749697702 0.5184212515114873 0.40222566505441354 0.5206884824667473 0.40468183192261187 0.5242782648125756 0.4024146009673519 0.5248450725513906 0.3995805622732768
9 0.5036842503022975 0.4124282043530834 0.4993387243047159 0.4111056529625151 0.4951821342200725 0.4165847944377267 0.5000944679564692 0.4194188331318017 0.5050068016928658 0.4192298972188634 0.5059514812575574 0.4154511789600967
9 0.42754307738814995 0.4165847944377267 0.4228196795646916 0.42470903869407495 0.4245201027811366 0.4284877569528415 0.4288656287787182 0.4282988210399032 0.4320775392986699 0.42546478234582824 0.4335890266021766 0.4209303204353083 0.43188860338573154 0.41790734582829503
9 0.546761638452237 0.4876246977025393 0.5435497279322854 0.4898919286577993 0.5443054715840387 0.49593787787182586 0.5478952539298669 0.4974493651753325 0.549595677146312 0.49272596735187424 0.5492178053204353 0.4895140568319226
9 0.6527546856106409 0.5522407799274486 0.6518100060459492 0.5588535368802903 0.6485980955259976 0.5618765114873036 0.6493538391777509 0.5654662938331317 0.6538883010882708 0.5664109733978234 0.6561555320435308 0.5639548065296252 0.6557776602176542 0.5586646009673519
9 0.6128892079806529 0.4904587363966143 0.607787938331318 0.4895140568319226 0.6041981559854898 0.49121448004836754 0.6032534764207981 0.4955600060459492 0.608354746070133 0.4955600060459492 0.6115666565900846 0.49669362152357915 0.6153453748488513 0.4968825574365175 0.6159121825876663 0.4936706469165659
9 0.6040092200725514 0.5172876360338573 0.5989079504232164 0.5133199818621523 0.596451783555018 0.5174765719467956 0.5958849758162031 0.5212552902055623 0.5987190145102781 0.5235225211608222 0.6040092200725514 0.5239003929866989 0.607787938331318 0.5237114570737605 0.608354746070133 0.5201216747279322
9 0.6344279020556227 0.48101194074969766 0.6287598246674728 0.47931151753325274 0.6280040810157195 0.4830902357920193 0.6314049274486094 0.4851685308343409 0.6338610943168077 0.4904587363966143 0.6395291717049576 0.48781363361547764 0.637450876662636 0.4844127871825877 0.637450876662636 0.47950045344619097 0.6349947097944377 0.47874470979443773
9 0.6489759673518742 0.49385958282950415 0.645952992744861 0.4995276602176541 0.6493538391777509 0.5034953143893591 0.6523768137847642 0.5038731862152358 0.6527546856106409 0.508029776299879 0.6495427750906893 0.509163391777509 0.6516210701330108 0.5104859431680774 0.6565334038694075 0.5099191354292624 0.6563444679564692 0.5017948911729142 0.6527546856106409 0.5002834038694075
9 0.671648276904474 0.545628022974607 0.6684363663845223 0.5477063180169287 0.6720261487303507 0.5509182285368802 0.6714593409915357 0.5558305622732769 0.675049123337364 0.5556416263603385 0.6758048669891173 0.5503514207980653
9 0.6861963422007256 0.5675445888754534 0.6839291112454655 0.5701896916565901 0.6833623035066505 0.5749130894800484 0.6852516626360339 0.577558192261185 0.6875188935912938 0.57699138452237 0.6888414449818622 0.5737794740024184 0.6888414449818622 0.5711343712212817
9 0.6873299576783555 0.6331053506650545 0.6843069830713422 0.6351836457073761 0.6854405985489722 0.6391512998790809 0.6877078295042321 0.6406627871825876 0.6899750604594922 0.6378287484885127
9 0.6376398125755743 0.537125906892382 0.6342389661426844 0.5392042019347038 0.634050030229746 0.5446833434099154 0.6361283252720676 0.549028869407497 0.6391512998790809 0.547328446191052 0.6410406590084643 0.5437386638452237 0.640851723095526 0.540526753325272
9 0.4111056529625151 0.35196871221281734 0.40713799879081014 0.35555849455864563 0.4052486396614269 0.35971508464328894 0.40619331922611845 0.36368273881499386 0.40883842200725506 0.36500529020556216 0.41205033252720674 0.3634938029020556 0.4112945888754534 0.3606597642079806 0.4137507557436518 0.35820359733978224 0.4143175634824667 0.35518062273276896
9 0.379175483675937 0.35385807134220065 0.37558570133010877 0.3576367896009673 0.37464102176541714 0.36292699516324056 0.3723737908101571 0.3655720979443772 0.3710512394195888 0.3684061366384522 0.37369634220072545 0.37048443168077383 0.3778529322853687 0.3697286880290205 0.37860867593712205 0.36500529020556216 0.3812537787182587 0.3614155078597339 0.382009522370012 0.35782572551390557
9 0.36198231559854893 0.3693508162031438 0.35933721281741227 0.37142911124546546 0.3585814691656589 0.37558570133010877 0.3600929564691656 0.37804186819830704 0.36330486698911724 0.37728612454655375 0.36462741837968554 0.3738852781136638 0.3638716747279322 0.3697286880290205
9 0.37936441958887535 0.40184779322853686 0.3770971886336154 0.4033592805320435 0.37634144498186206 0.4069490628778718 0.3778529322853687 0.4101609733978234 0.38087590689238204 0.4095941656590084 0.38219845828295035 0.4060043833131801 0.38182058645707373 0.4033592805320435
9 0.3712401753325271 0.3999584340991535 0.3685950725513905 0.40128098548972185 0.36821720072551384 0.40468183192261187 0.37142911124546546 0.40619331922611845 0.3735074062877871 0.4048707678355502 0.3735074062877871 0.40298140870616683
9 0.3655720979443772 0.40562651148730344 0.3638716747279322 0.4078937424425635 0.3648163542926239 0.4111056529625151 0.36783932889963716 0.4111056529625151 0.3693508162031438 0.40827161426844016 0.3684061366384522 0.4063822551390568
9 0.3723737908101571 0.41526224304715836 0.3691618802902055 0.41507330713422 0.3685950725513905 0.4192298972188634 0.37142911124546546 0.4222528718258767 0.3740742140266021 0.42017457678355496 0.37464102176541714 0.41752947400241835
9 0.47817560728744934 0.38012398785425106 0.4743800607287449 0.3984691295546559 0.48197115384615385 0.39910172064777333 0.48386892712550605 0.3889802631578948
9 0.46489119433198384 0.41301872469635625 0.4591978744939271 0.4161816801619433 0.4610956477732794 0.42377277327935226 0.46678896761133604 0.4244053643724697 0.46931933198380565 0.4193446356275303
9 0.5249873481781376 0.47817560728744934 0.5136007085020242 0.4826037449392713 0.5129681174089069 0.48892965587044535 0.5199266194331984 0.4927252024291498 0.525619939271255 0.4857667004048583
9 0.5800227732793523 0.5389043522267206 0.5730642712550608 0.5313132591093117 0.5648405870445343 0.5382717611336032 0.5629428137651822 0.5313132591093117 0.5623102226720648 0.5237221659919029 0.5566169028340081 0.5319458502024291 0.5572494939271255 0.5426998987854251 0.5680035425101215 0.5477606275303644 0.5743294534412955 0.5433324898785424 0.5768598178137652 0.5509235829959513 0.5825531376518218 0.5464954453441295
9 0.5344762145748987 0.45223937246963564 0.5414347165991903 0.4471786437246964 0.547128036437247 0.45793269230769235 0.5540865384615384 0.46236082995951416 0.5490258097165992 0.46425860323886636 0.5464954453441295 0.46931933198380565 0.54375 0.46281249999999996
9 0.36022167487684725 0.4110221674876847 0.35637315270935954 0.39562807881773393 0.36483990147783246 0.39793719211822653
9 0.31788793103448276 0.3448275862068965 0.3132697044334975 0.3571428571428571 0.3248152709359605 0.355603448275862
9 0.32808603491271826 0.36237531172069826 0.3261377805486284 0.3701683291770574 0.33042394014962595 0.37640274314214467 0.3335411471321696 0.37601309226932667 0.33237219451371575 0.3682200748129676 0.3343204488778055 0.36237531172069826
9 0.3074345386533666 0.38692331670822944 0.3047069825436409 0.390819825436409 0.3066552369077307 0.39471633416458857 0.31055174563591026 0.39354738154613467 0.3125 0.3904301745635911
9 0.31016209476309226 0.36588216957605985 0.31016209476309226 0.3709476309226933 0.3156172069825437 0.373675187032419 0.31756546134663344 0.3674407730673317 0.3144482543640898 0.36510286783042395
9 0.33237219451371575 0.44809850374064836 0.32808603491271826 0.451995012468828 0.33120324189526185 0.4593983790523691 0.3362687032418953 0.459788029925187 0.3382169576059851 0.4543329177057357 0.3378273067331671 0.4504364089775561
9 0.4629052369077307 0.46134663341645893 0.4590087281795512 0.4617362842892768 0.45861907730673324 0.46641209476309226 0.4617362842892768 0.4699189526184539 0.4644638403990025 0.46758104738154616
9 0.625 0.5420043640897756 0.6187655860349127 0.5416147132169576 0.6129208229426435 0.5435629675810474 0.6121415211970075 0.5505766832917706 0.6148690773067332 0.555252493765586 0.6222724438902744 0.5544731920199502 0.6234413965087282 0.5517456359102245 0.6199345386533667 0.5497973815461348 0.6175966334164589 0.5459008728179551
9 0.5540835411471322 0.5061564837905237 0.5486284289276808 0.5084943890274315 0.5486284289276808 0.5147288029925188 0.5525249376558603 0.5155081047381547 0.5568110972568578 0.5127805486284289 0.5583697007481297 0.5088840399002494
9 0.29925187032418954 0.3978335411471322 0.29574501246882795 0.4040679551122195 0.29847256857855364 0.4095230673316708 0.3004208229426434 0.4040679551122195 0.30314837905236913 0.4013403990024938
9 0.3456203241895262 0.3904301745635911 0.3409445137157107 0.39393703241895267 0.3421134663341646 0.3978335411471322 0.34600997506234416 0.3970542394014963 0.34795822942643395 0.39393703241895267 0.35224438902743144 0.3951059850374065 0.3545822942643392 0.390819825436409 0.35029613466334164 0.38887157107231923
9 0.504208229426434 0.43991583541147133 0.49992206982543647 0.4406951371571073 0.4983634663341646 0.4457605985037406 0.5007013715710723 0.4504364089775561 0.5061564837905237 0.44848815461346636 0.5081047381546135 0.44498129675810477
9 0.5874297752808989 0.5316011235955056 0.5814606741573034 0.5291432584269662 0.5797050561797753 0.5323033707865168 0.586376404494382 0.5379213483146067 0.59375 0.53125 0.5905898876404494 0.528441011235955
9 0.45646067415730335 0.3686797752808989 0.45821629213483145 0.37464887640449435 0.4617275280898876 0.3735955056179775 0.4624297752808989 0.36657303370786515
9 0.49543539325842695 0.40203651685393255 0.4905196629213483 0.41046348314606745 0.49613764044943814 0.4122191011235955 0.4985955056179775 0.4087078651685393
9 0.4768258426966292 0.41046348314606745 0.47401685393258425 0.4153792134831461 0.4789325842696629 0.4220505617977528 0.4849016853932584 0.41853932584269665
9 0.33146067415730335 0.4058988764044944 0.32935393258426965 0.40941011235955055 0.33181179775280895 0.4122191011235955 0.3360252808988764 0.41081460674157305 0.33181179775280895 0.41748595505617975 0.3286516853932584 0.422752808988764 0.33146067415730335 0.430126404494382 0.336376404494382 0.4294241573033708 0.336376404494382 0.4234550561797753 0.34058988764044945 0.4157303370786517 0.34094101123595505 0.40976123595505615 0.3374297752808989 0.4066011235955056
9 0.34094101123595505 0.4231039325842697 0.33918539325842695 0.4283707865168539 0.3360252808988764 0.43258426966292135 0.33953651685393255 0.43504213483146065 0.3455056179775281 0.4311797752808989 0.34691011235955055 0.4238061797752809 0.34445224719101125 0.41818820224719094 0.34094101123595505 0.41924157303370785
9 0.4076544943820225 0.46418539325842695 0.40344101123595505 0.4676966292134831 0.4044943820224719 0.47155898876404495 0.4080056179775281 0.47191011235955055 0.41186797752808985 0.4683988764044944
9 0.7183988764044943 0.5031601123595506 0.7134831460674157 0.504564606741573 0.7138342696629214 0.5094803370786517 0.7183988764044943 0.5133426966292134 0.7222612359550562 0.5115870786516854 0.7222612359550562 0.5080758426966292
9 0.6274578651685393 0.4863061797752809 0.6260533707865168 0.4915730337078651 0.6306179775280898 0.49543539325842695 0.6327247191011236 0.4929775280898876 0.6323735955056179 0.49016853932584264
9 0.4334677419354839 0.3707787298387097 0.4243321572580645 0.3890498991935484 0.4296875 0.3972404233870968 0.4337827620967742 0.4019657258064516 0.438508064516129 0.39692540322580644 0.4407132056451613 0.3899949596774194 0.4375630040322581 0.38400957661290325 0.4369329637096774 0.3751890120967742
9 0.4211819556451613 0.5254536290322581 0.4136214717741936 0.5311239919354839 0.4129914314516129 0.5408896169354839 0.4205519153225806 0.537109375 0.4224420362903226 0.5320690524193548 0.4246471774193548 0.5270287298387097
9 0.6952494959677419 0.5982232862903226 0.6971396169354839 0.6023185483870968 0.6977696572580645 0.606413810483871 0.7037550403225807 0.606413810483871 0.7043850806451613 0.6007434475806452 0.6999747983870968 0.5982232862903226 0.6968245967741936 0.5941280241935484
9 0.4557291666666667 0.499465811965812 0.45272435897435903 0.5011351495726496 0.45205662393162394 0.5054754273504274 0.4567307692307693 0.5061431623931625 0.4597355769230769 0.5041399572649573 0.45873397435897434 0.5014690170940171
9 0.4797676282051282 0.5275106837606838 0.47576121794871795 0.5305154914529915 0.4777644230769231 0.5345219017094017 0.48177083333333337 0.5335202991452992
9 0.42984375 0.45093750000000005 0.42750000000000005 0.4525 0.42796874999999995 0.45609374999999996 0.43062500000000004 0.4578125 0.43359375 0.45546875 0.43359375 0.45234375
9 0.45093750000000005 0.42671875000000004 0.44828124999999996 0.428125 0.44734375000000004 0.43125 0.44859375 0.43328125 0.45109374999999996 0.43218750000000006 0.4528125 0.42984375
9 0.46187500000000004 0.4296875 0.45999999999999996 0.43203125 0.460625 0.43484375000000003 0.46390624999999996 0.43499999999999994 0.46421875 0.4325
9 0.47484374999999995 0.52296875 0.4715625 0.5248437499999999 0.47171874999999996 0.52796875 0.47531249999999997 0.5287499999999999 0.47828125000000005 0.526875 0.47796874999999994 0.52421875
9 0.49359374999999994 0.53359375 0.49140625 0.5340625 0.490625 0.53671875 0.49296875 0.5378125 0.4953125 0.5371875 0.49625 0.5353125000000001 0.4953125 0.53390625
9 0.49812500000000004 0.5275000000000001 0.49578125 0.525625 0.49328125 0.52734375 0.49406249999999996 0.53046875 0.496875 0.5334375 0.4996875 0.53453125 0.50046875 0.5315624999999999 0.499375 0.52890625
9 0.49992487980769235 0.615234375 0.4954176682692307 0.6189903846153846 0.4991736778846153 0.625 0.5006760817307693 0.6212439903846153 0.5036808894230769 0.6182391826923077
9 0.595703125 0.5408653846153846 0.5908203125 0.5419921875 0.5889423076923077 0.5476262019230769 0.5949519230769231 0.5502554086538461 0.5987079326923077 0.5464993990384615
9 0.33165564903846156 0.3955078125 0.32752403846153844 0.39701021634615385 0.3290264423076923 0.40076622596153844 0.33503605769230765 0.40076622596153844 0.33578725961538464 0.3977614182692307
9 0.3410456730769231 0.3797325721153846 0.33653846153846156 0.37898137019230765 0.33578725961538464 0.38386418269230765 0.33804086538461536 0.38912259615384615 0.34067007211538464 0.38536658653846156
9 0.5310997596153846 0.46687199519230765 0.52734375 0.4649939903846153 0.5250901442307693 0.4683743990384615 0.52734375 0.4736328125 0.5322265625 0.4732572115384615 0.5344801682692307 0.47025240384615385
9 0.7399338942307692 0.5314753605769231 0.7342998798076923 0.5329777644230769 0.7342998798076923 0.5386117788461539 0.7395582932692307 0.5438701923076923 0.7418118990384615 0.5393629807692307
9 0.5739182692307693 0.4845252403846153 0.5712890625 0.4811448317307693 0.5660306490384615 0.4781400240384615 0.5652794471153846 0.4822716346153846 0.5712890625 0.4879056490384615 0.5776742788461539 0.4894080528846153
9 0.5671574519230769 0.46912560096153844 0.5705378605769231 0.4747596153846153 0.5750450721153846 0.4710036057692307 0.5746694711538461 0.4646183894230769
9 0.5712890625 0.5138221153846153 0.5660306490384615 0.5157001201923077 0.5645282451923077 0.5205829326923077 0.56640625 0.5250901442307693 0.5727914663461539 0.5254657451923077 0.5742938701923077 0.5209585336538461 0.5742938701923077 0.5172025240384615
9 0.7301682692307692 0.6002103365384615 0.7305438701923077 0.60546875 0.7361778846153846 0.6043419471153846 0.7358022836538461 0.6009615384615384
9 0.7294170673076923 0.6096003605769231 0.7312950721153846 0.6141075721153846 0.7373046875 0.6118539663461539 0.7373046875 0.6088491586538461
9 0.4373282967032967 0.4708104395604395 0.4338942307692307 0.47381524725274726 0.4351820054945055 0.48197115384615385 0.4373282967032967 0.48154189560439564 0.43861607142857145 0.4763907967032967
9 0.4257383241758242 0.48755151098901095 0.4257383241758242 0.48240041208791207 0.4214457417582418 0.4806833791208791 0.4158653846153846 0.48282967032967034 0.4158653846153846 0.48712225274725274 0.42058722527472525 0.4866929945054945
9 0.39526098901098894 0.4862637362637362 0.3926854395604395 0.4922733516483516 0.3905391483516483 0.49785370879120877 0.3926854395604395 0.5021462912087913 0.3995535714285714 0.5012877747252747 0.40084134615384615 0.4944196428571429 0.3995535714285714 0.4896978021978022
9 0.40899725274725274 0.4896978021978022 0.4068509615384615 0.4944196428571429 0.40942651098901095 0.5004292582417582 0.41500686813186816 0.4995707417582418 0.41543612637362637 0.4944196428571429 0.4137190934065934 0.4905563186813187
9 0.48755151098901095 0.44805975274725274 0.48154189560439564 0.4476304945054945 0.47939560439560436 0.45364010989010983 0.4841174450549451 0.45836195054945056 0.4888392857142857 0.4566449175824176
9 0.6146119505494505 0.5030048076923077 0.6090315934065934 0.5064388736263736 0.606456043956044 0.5124484890109889 0.6137534340659341 0.5115899725274725 0.6171875 0.5090144230769231 0.6240556318681318 0.5103021978021978 0.6231971153846153 0.5055803571428571
9 0.4944196428571429 0.41929945054945056 0.48926854395604397 0.42015796703296704 0.4888392857142857 0.42487980769230765 0.4939903846153846 0.4278846153846154 0.49742445054945056 0.42445054945054944
9 0.7227850274725275 0.4862637362637362 0.7197802197802198 0.4896978021978022 0.7223557692307693 0.4944196428571429 0.7270776098901098 0.4948489010989011
9 0.6860556722689075 0.7510504201680672 0.6788340336134454 0.7490808823529412 0.6729254201680672 0.7536764705882353 0.6709558823529412 0.7595850840336135 0.6781775210084034 0.7602415966386555 0.6827731092436975 0.7569590336134454
9 0.6952468487394958 0.7379201680672269 0.6893382352941176 0.7366071428571429 0.6840861344537815 0.738576680672269 0.6847426470588236 0.7438287815126051 0.6926207983193278 0.7451418067226891 0.6985294117647058 0.7444852941176471
9 0.4648109243697479 0.39719012605042014 0.4589023109243698 0.39915966386554624 0.45627626050420167 0.40638130252100846 0.46218487394957986 0.4116334033613446 0.46875 0.41032037815126055 0.4713760504201681 0.40375525210084034
9 0.7375270172910662 0.6722352305475504 0.7253692363112392 0.6834924351585014 0.7253692363112392 0.6965507925072046 0.7303224063400576 0.6947496397694525 0.7303224063400576 0.6870947406340058 0.7339247118155618 0.6857438760806917 0.7375270172910662 0.6798901296829971
9 0.7523865273775215 0.6857438760806917 0.7483339337175792 0.690246757925072 0.7523865273775215 0.6947496397694525 0.7568894092219021 0.6929484870317003 0.7568894092219021 0.689346181556196
9 0.5889913069544365 0.6957808752997602 0.5822467026378897 0.7118929856115108 0.5882419064748201 0.7115182853717027 0.5882419064748201 0.7212604916067147 0.5852443045563549 0.7265062949640287 0.595361211031175 0.7283797961630696 0.5972347122302158 0.7190122901678657 0.5957359112709832 0.7085206834532374 0.5942371103117506 0.7006519784172662
9 0.6368570826306914 0.5678225126475549 0.6339586846543002 0.5691399662731872 0.6347491568296796 0.5733558178752108 0.6381745362563238 0.5752002529510961 0.6397554806070826 0.572301854974705 0.6394919898819562 0.5694034569983136
9 0.6450252951096122 0.5746732715008431 0.6408094435075886 0.5749367622259697 0.641599915682968 0.5778351602023609 0.6463427487352446 0.5799430860033727 0.6492411467116358 0.5765177065767285 0.6492411467116358 0.5744097807757167
9 0.6099810286677909 0.5535940134907251 0.6070826306913997 0.5509591062394603 0.6036572512647556 0.5499051433389546 0.6007588532883643 0.5522765598650927 0.5999683811129849 0.5567559021922428 0.6031302698145026 0.5541209949409781 0.6062921585160203 0.5549114671163575 0.6026032883642496 0.5578098650927488 0.6023397976391232 0.5614987352445194 0.6057651770657674 0.560181281618887 0.609454047217538 0.5578098650927488 0.6118254637436762 0.5591273187183812 0.6107715008431703 0.5646606239460371 0.6136698988195616 0.5651876053962901 0.6147238617200675 0.560181281618887 0.6136698988195616 0.5564924114671164
9 0.6956155143338955 0.5082736087689714 0.6935075885328836 0.5109085160202361 0.6900822091062395 0.5122259696458685 0.6945615514333896 0.5159148397976392 0.6977234401349073 0.513016441821248 0.6985139123102867 0.5098545531197302
9 0.5161783305227656 0.5372575885328836 0.512489460370995 0.5362036256323778 0.5098545531197302 0.5393655143338955 0.5095910623946037 0.5427908937605397 0.5156513490725126 0.5438448566610455 0.5182862563237775 0.5412099494097808
9 0.47928962900505906 0.42632799325463744 0.4758642495784149 0.4265914839797639 0.4745467959527825 0.4305438448566611 0.47770868465430016 0.43502318718381117 0.48192453625632375 0.43291526138279934 0.48376897133220914 0.4292263912310287 0.48324198988195616 0.426064502529511
9 0.5311973018549747 0.45478499156829677 0.5293528667790894 0.4590008431703204 0.5306703204047218 0.4629532040472176 0.534095699831366 0.4616357504215852 0.534095699831366 0.45794688026981456
9 0.5506956155143339 0.495362563237774 0.5493781618887016 0.500368887015177 0.5562289207419899 0.5006323777403036 0.5554384485666104 0.4977339797639123
9 0.49061973018549754 0.39391863406408095 0.4911467116357504 0.398924957841484 0.4969435075885329 0.3978709949409781 0.4982609612141653 0.3954995784148398 0.4964165261382799 0.39365514333895446 0.4940451096121417 0.3923376897133221
9 0.6126159359190557 0.5309338111298483 0.6126159359190557 0.5372575885328836 0.6168317875210793 0.5377845699831366 0.6189397133220911 0.5359401349072513 0.6186762225969646 0.5327782462057336
9 0.6803330522765598 0.5931176222596964 0.6776981450252951 0.5957525295109612 0.6803330522765598 0.6002318718381113 0.6848123946037099 0.6026032883642496 0.6863933389544689 0.5986509274873525 0.6850758853288365 0.5952255480607083
9 0.5327200303490137 0.5782435508345979 0.5327200303490137 0.5874905159332322 0.5395959787556904 0.5910470409711686 0.5379362670713203 0.5853566009104705
