19 0.6862331081081081 0.6741741741741741 0.6807432432432432 0.6839339339339339 0.6815878378378378 0.7034534534534534 0.6794763513513513 0.7282282282282282 0.676097972972973 0.7552552552552552 0.6710304054054054 0.7875375375375374 0.6600506756756757 0.825075075075075 0.6511824324324323 0.8536036036036035 0.6452702702702703 0.8753753753753752 0.6372466216216216 0.9009009009009009 0.6326013513513513 0.9286786786786787 0.6275337837837838 0.9436936936936937 0.6313344594594594 0.9481981981981982 0.6376689189189189 0.927927927927928 0.643581081081081 0.9016516516516516 0.6499155405405406 0.8836336336336336 0.6558277027027026 0.8656156156156156 0.6625844594594594 0.8408408408408409 0.6722972972972973 0.8055555555555556 0.6790540540540541 0.765015015015015 0.6849662162162161 0.7244744744744744 0.6875 0.6974474474474474
19 0.5886824324324323 0.4947447447447447 0.5869932432432432 0.5067567567567567 0.5945945945945945 0.5217717717717718 0.5996621621621621 0.5412912912912913 0.6034628378378378 0.56006006006006 0.6140202702702703 0.5983483483483483 0.6237331081081081 0.6186186186186186 0.6351351351351351 0.6411411411411412 0.6452702702702703 0.6621621621621621 0.6566722972972973 0.6876876876876876 0.6659628378378378 0.7117117117117117 0.6727195945945945 0.7184684684684685 0.6722972972972973 0.7094594594594594 0.6625844594594594 0.6891891891891891 0.6486486486486486 0.6621621621621621 0.6414695945945945 0.6441441441441441 0.6309121621621621 0.6216216216216216 0.6228885135135135 0.6006006006006005 0.6131756756756757 0.5810810810810811 0.6034628378378378 0.5405405405405405 0.5992398648648648 0.512012012012012
19 0.6537162162162162 0.6906906906906907 0.6524493243243243 0.7147147147147147 0.6494932432432432 0.7334834834834835 0.6465371621621621 0.75 0.6393581081081081 0.7695195195195196 0.6317567567567568 0.7875375375375374 0.6304898648648648 0.7965465465465464 0.6338682432432432 0.7980480480480481 0.6376689189189189 0.786036036036036 0.6440033783783783 0.7717717717717717 0.6507601351351351 0.753003003003003 0.6579391891891891 0.725975975975976 0.6587837837837838 0.704954954954955
19 0.6503378378378378 0.7687687687687687 0.6427364864864865 0.7905405405405405 0.6359797297297297 0.8115615615615615 0.6368243243243243 0.8663663663663663 0.6397804054054054 0.8183183183183182 0.6469594594594594 0.7972972972972973
19 0.6680743243243243 0.8363363363363364 0.6625844594594594 0.8611111111111112 0.65625 0.8873873873873873 0.6511824324324323 0.9069069069069068 0.6418918918918919 0.9324324324324325 0.6427364864864865 0.9414414414414414 0.6499155405405406 0.9309309309309308 0.6579391891891891 0.9069069069069068 0.6655405405405406 0.882132132132132 0.6684966216216216 0.8648648648648649
19 0.6836993243243243 0.7815315315315315 0.6798986486486486 0.8063063063063063 0.6769425675675675 0.8325825825825827 0.6710304054054054 0.8776276276276276 0.6803209459459458 0.8490990990990991 0.6841216216216216 0.8423423423423423 0.6858108108108107 0.8258258258258258 0.6824324324324323 0.822072072072072
19 0.625 0.7755255255255254 0.6199324324324323 0.8048048048048049 0.6114864864864865 0.8318318318318317 0.6220439189189189 0.8258258258258258 0.6271114864864865 0.792042042042042
19 0.6266891891891891 0.825075075075075 0.625 0.8596096096096095 0.6186655405405406 0.8798798798798798 0.612331081081081 0.903903903903904 0.6047297297297297 0.9264264264264264 0.5958614864864865 0.9512012012012011 0.5844594594594594 0.9684684684684685 0.5924831081081081 0.9662162162162161 0.6085304054054054 0.9384384384384383 0.6169763513513513 0.9136636636636636 0.6199324324324323 0.8918918918918918 0.627956081081081 0.8656156156156156 0.6304898648648648 0.8303303303303303
19 0.6294575113808801 0.3013825661777103 0.6249525796661609 0.30981284774911483 0.636333459787557 0.3089698195919744 0.6472401365705615 0.3123419322205362 0.6609920333839151 0.3224582701062216 0.6709503034901366 0.3334176361490474 0.6806714719271624 0.3523857696847075 0.683990895295903 0.3662957342775249 0.6870732169954478 0.3658742201989546 0.6882587253414265 0.3561793963918395 0.6816198786039454 0.34142640364188165 0.6756923368740517 0.33004552352048555 0.6643114567526556 0.31740010116337886 0.6567242033383915 0.30981284774911483 0.647714339908953 0.30644073512055303 0.6387044764795144 0.3013825661777103 0.6339624430955995 0.2959028831562974
19 0.6858877086494689 0.368403304670376 0.6870732169954478 0.37261844545607825 0.696320182094082 0.37388298769178896 0.7058042488619121 0.3696678469060867 0.7079381638846738 0.364609677963244 0.7012993171471928 0.3633451357275333 0.6967943854324735 0.3658742201989546
19 0.6901555386949925 0.37641207216321027 0.6948975720789075 0.3848423537346148 0.702959028831563 0.38399932557747424 0.707701062215478 0.3848423537346148 0.7143399089529591 0.3818917551846232 0.7143399089529591 0.37851964255606135 0.7062784522003035 0.37978418479177206 0.6975056904400607 0.3806272129489125 0.6932378603945373 0.37514752992749956
19 0.69252655538695 0.3945371775417299 0.6960830804248863 0.3920080930703086 0.701062215477997 0.40001686056314284 0.7079381638846738 0.40254594503456415 0.7143399089529591 0.3991738324060024 0.7159996206373294 0.402124430955994 0.7110204855842186 0.4046535154274153 0.7055671471927163 0.40633957174169616 0.701062215477997 0.4033889731917046
19 0.6747439301972686 0.3806272129489125 0.6735584218512899 0.3958017197774406 0.6818569802731412 0.4008598887202833 0.6825682852807284 0.4105547125273984 0.6858877086494689 0.4189849940988029 0.6899184370257967 0.41266228292024953 0.6975056904400607 0.42362164896307536 0.7020106221547799 0.42404316304164563 0.7088865705614568 0.43415950092733097 0.7171851289833081 0.44469735289158663 0.7238239757207892 0.45565671893441245 0.7250094840667679 0.4463834092058675 0.7195561456752656 0.4392176698701737 0.7133915022761761 0.428679817905918 0.7086494688922611 0.42362164896307536 0.7098349772382397 0.4181419659416625 0.7081752655538696 0.4151913673916709 0.7043816388467375 0.41687742370595177 0.700113808801214 0.4177204518630922 0.6948975720789075 0.4118192547631091 0.6918152503793628 0.40760411397740687 0.6882587253414265 0.4092901702916878 0.6884958270106222 0.400438374641713 0.6849393019726859 0.3983308042488619 0.6820940819423369 0.39664474793458104
19 0.7129172989377845 0.5568200977912663 0.7133915022761761 0.5757882313269264 0.7150512139605463 0.6006575619625696 0.7138657056145676 0.6369077727196089 0.7159996206373294 0.63901534311246 0.7178964339908953 0.6133029843196763 0.7190819423368742 0.5964424211768673 0.7181335356600911 0.5753667172483561 0.7162367223065251 0.5572416118698365
19 0.6894442336874052 0.4733603102343618 0.6989283004552352 0.48937784522003036 0.7060413505311078 0.5053953802056989 0.712443095599393 0.5277356263699208 0.7143399089529591 0.5395380205698871 0.7131544006069803 0.5155117180913843 0.7086494688922611 0.4973866127128646 0.7017735204855843 0.48263361996290677
19 0.6932378603945373 0.4632439723486764 0.7069897572078908 0.48431967627718764 0.7150512139605463 0.5016017534985668 0.7181335356600911 0.5201483729556567 0.7205045523520486 0.5378519642556062 0.7226384673748104 0.5344798516270444 0.7224013657056146 0.5138256617771033 0.7188448406676784 0.4961220704771539 0.7119688922610016 0.48179059180576633 0.7053300455235205 0.47209576799865116 0.699165402124431 0.46830214129151915
19 0.7012993171471928 0.4362670713201821 0.7091236722306526 0.4489124936772888 0.7174222306525039 0.4636654864272467 0.7233497723823976 0.47673242286292367 0.7228755690440061 0.4636654864272467 0.7193190440060698 0.45565671893441245 0.7126801972685889 0.44680492328443777 0.7074639605462824 0.437953127634463
19 0.587727617602428 0.4257292193559265 0.5865421092564492 0.4400606980273141 0.6007682094081943 0.454813690777272 0.6114377845220031 0.45987185972011463 0.6263751896813354 0.4666160849772383 0.6420238998482549 0.46830214129151915 0.6642294337606838 0.46587132003798676 0.6749131944444444 0.46320037986704654 0.6744123931623932 0.45578110161443497 0.6662082701062216 0.45818580340583376 0.6579097116843703 0.46155791603439555 0.647714339908953 0.46113640195582534 0.6372818664643399 0.46155791603439555 0.6268493930197269 0.45987185972011463 0.6171282245827011 0.454813690777272 0.6062215477996966 0.44680492328443777 0.5979229893778453 0.4366885853987524
19 0.6626517450682854 0.4404822121058843 0.6621775417298938 0.44722643736300793 0.6707132018209409 0.44132524026302483 0.6797230652503794 0.428679817905918 0.6816198786039454 0.4227786208059349 0.6787746585735964 0.4202495363345136 0.6747439301972686 0.428679817905918 0.6683421851289834 0.43711009947732254
19 0.5125663884673749 0.33088855167762604 0.5132776934749621 0.3359467206204687 0.5301119119878605 0.3367897487776092 0.5464719271623673 0.3388973191704603 0.5602238239757209 0.3456415444275839 0.5614093323216995 0.34184791772045187 0.5531107738998483 0.33468217838475806 0.5414927921092565 0.3304670375990558 0.5284522003034902 0.3283594672062047
19 0.5206278452200304 0.2676614398920924 0.5317716236722307 0.2735626369920755 0.5452864188163885 0.28241443264205024 0.5533478755690441 0.2853650311920418 0.5569044006069803 0.29337379868487606 0.5616464339908953 0.3013825661777103 0.5687594840667678 0.30981284774911483 0.5701820940819424 0.3060192210419828 0.5621206373292869 0.29337379868487606 0.5554817905918058 0.27693474962063735 0.5497913505311078 0.2786208059349182 0.5431525037936267 0.27271960883493507
19 0.5526365705614568 0.17830045523520488 0.5538220789074356 0.18925982127803068 0.5516881638846738 0.2065418984994099 0.5519252655538696 0.2225594334850784 0.5531107738998483 0.24026302478502784 0.55524468892261 0.24405665149215983 0.554296282245827 0.26513235542067104 0.5599867223065251 0.2642893272635306 0.5585641122913506 0.23436182768504465 0.5580899089529591 0.2056988703422694 0.5569044006069803 0.17830045523520488
19 0.5275037936267072 0.1530096105209914 0.5395959787556904 0.15174506828528073 0.5566672989377845 0.1513235542067105 0.5737386191198787 0.15048052604957005 0.5884389226100153 0.14289327263530602 0.5946035660091048 0.14457932894958692 0.6026650227617603 0.1407857022424549 0.6138088012139606 0.13994267408531447 0.6289833080424887 0.13783510369246332 0.634436646433991 0.14331478671387626 0.6441578148710168 0.14668689934243803 0.6510337632776936 0.1479514415781487 0.6538789833080425 0.1542741527567021 0.6424981031866465 0.15343112459956162 0.6318285280728377 0.14710841342100828 0.6230557663125948 0.14331478671387626 0.6107264795144158 0.14457932894958692 0.5988713960546284 0.1475299274995785 0.5950777693474962 0.14879446973528918 0.5896244309559939 0.14710841342100828 0.5763467374810319 0.15385263867813184 0.5640174506828528 0.15596020907098296 0.5500284522003035 0.15596020907098296
19 0.5275037936267072 0.302647108413421 0.5284522003034902 0.3114989040633957 0.5462348254931715 0.3114989040633957 0.5478945371775418 0.3051761928848424
19 0.4912272382397573 0.28705108750632274 0.5018968133535661 0.27988534817062893 0.5111437784522004 0.2676614398920924 0.5170713201820941 0.24827179227786209 0.5184939301972686 0.22003034901365706 0.5234730652503794 0.19684707469229473 0.522998861911988 0.21455066599224415 0.5206278452200304 0.2381554543921767 0.5177826251896814 0.26344629910639017 0.5097211684370259 0.2811498904063396 0.502845220030349 0.28578654527061204
19 0.6182204026442307 0.4707532051282051 0.6246056189903846 0.4884481837606838 0.6353102463942307 0.4907852564102564 0.6433856670673077 0.5031383547008547 0.6518366887019231 0.508480235042735 0.6617901141826923 0.5108173076923077 0.6754995492788461 0.5118189102564102 0.6717435396634615 0.500133547008547 0.6638559194711539 0.4991319444444444 0.6561560997596153 0.49879807692307687 0.6493952824519231 0.4974626068376068 0.6441368689903846 0.49813034188034183 0.6400052584134615 0.49145299145299143 0.6360614483173077 0.4864449786324786 0.6317420372596153 0.4864449786324786 0.6276104266826923 0.48544337606837606 0.6247934194711539 0.48143696581196577 0.6251690204326923 0.47642895299145294 0.6210374098557693 0.46975160256410253
19 0.5608328163771712 0.20016542597187761 0.5618021091811414 0.19258340226082163 0.5724643300248139 0.18052109181141443 0.5809941066997518 0.1791425420457679 0.5738213399503722 0.1870692031982355 0.5660669975186103 0.19637441411634965
19 0.5606389578163771 0.2198097601323408 0.5610266749379652 0.2277364212848084 0.5711073200992556 0.2125723738626965 0.5796370967741935 0.2008547008547009 0.5744029156327544 0.20188861317893578 0.5654854218362282 0.21119382409704993
19 0.5232242555831265 0.2739178384339675 0.5228365384615384 0.2787427626137304 0.5203163771712158 0.28356768679349326 0.5195409429280397 0.29114971050454924 0.5168269230769231 0.30217810862972155 0.5133374689826302 0.3125172318720706 0.5146944789081885 0.3173421560518335 0.5195409429280397 0.3066583953680728 0.5241935483870968 0.29011579818031435 0.5255505583126551 0.2797766749379653
19 0.5617318887451488 0.13759522782808684 0.5738599611901681 0.13867327871208857 0.5833602846054333 0.13256432370274546 0.5890200517464425 0.1257366681040679 0.5995310478654592 0.12214316515739546 0.5997331824062095 0.11531550955871786 0.5910413971539457 0.11459680896938339 0.5827538809831824 0.11675291073738682 0.5809346701164294 0.12753341957740408 0.5746684993531694 0.13076757222940924 0.5647639068564037 0.1322049734080782
19 0.501293661060802 0.09519189305735233 0.5227199223803363 0.09626994394135406 0.5219113842173351 0.1034569498346989 0.5629446959896507 0.10561305160270233 0.5615297542043984 0.1027382492453644 0.5374757438551099 0.1009414977720282 0.5364650711513583 0.09770734512002303 0.5279754204398447 0.0959105936466868 0.5267626131953428 0.08980163863734371 0.4942189521345407 0.08944228834267648
19 0.5390928201811125 0.09626994394135406 0.5748706338939198 0.0959105936466868 0.5777005174644243 0.09123903981601268 0.597509702457956 0.08944228834267648 0.5979139715394567 0.08656748598533855 0.5781047865459249 0.08692683628000578 0.5730514230271668 0.0923170907000144
19 0.352522639068564 0.17496765847347998 0.36323576972833116 0.1544846916774472 0.3806193402328589 0.13004887164007478 0.38648124191461836 0.1260960183987351 0.38708764553686936 0.12358056633606442 0.3921410090556274 0.11962771309472475 0.40063065976714096 0.11639356044271959 0.4052797542043984 0.11387810838004889 0.42448253557567917 0.11244070720137993 0.4252910737386804 0.11100330602271097 0.47501617076325997 0.10992525513870924 0.48330368693402326 0.1120813569067127 0.4964424320827943 0.11890901250539028 0.4917933376455369 0.12106511427339373 0.4855271668822768 0.11747161132672132 0.4778460543337645 0.11495615926405062 0.4705692108667529 0.11423745867471614 0.46127102199223796 0.11423745867471614 0.44894081500646826 0.11315940779071441 0.4380255498059508 0.11351875808538166 0.4269081500646831 0.11495615926405062 0.42448253557567917 0.11747161132672132 0.41356727037516167 0.11747161132672132 0.40608829236739974 0.11819031191605579 0.4018434670116429 0.12106511427339373 0.394364489003881 0.12429926692539892 0.38951326002587316 0.12717406928273683 0.3834492238033635 0.1322049734080782
19 0.33291558861578263 0.2849288486416559 0.3379689521345407 0.26839873508696277 0.34524579560155233 0.24324421446025588 0.36060802069857695 0.21629294236021274 0.3790022639068564 0.1965286761535145 0.3911303363518758 0.18682621819749895 0.39315168175937903 0.19473192468017825 0.386279107373868 0.19976282880551963 0.3765766494178525 0.20802788558286622 0.3676827296248383 0.21665229265488 0.3573738680465718 0.23138565473623693 0.34928848641655885 0.24971251976426626 0.3422137774902975 0.26839873508696277
19 0.48370795601552385 0.12789276987207132 0.4964424320827943 0.13328302429207994 0.5077619663648124 0.1397513295960903 0.515038809831824 0.14190743136409373 0.5215071151358344 0.1458602846054334 0.5255498059508408 0.15053183843610754 0.5243369987063389 0.14190743136409373 0.5164537516170763 0.13507977576541613 0.5063470245795602 0.13184562311341097
19 0.4008327943078913 0.1476570360787696 0.39941785252263906 0.15484404197211446 0.41154592496765846 0.15592209285611616 0.4319615135834411 0.15592209285611616 0.43782341526520047 0.1562814431507834 0.4420682406209573 0.152687940204111 0.4513664294954721 0.1544846916774472 0.4604624838292367 0.1598749460974558 0.4715798835705045 0.1674213022854679 0.48370795601552385 0.17496765847347998 0.48411222509702456 0.16706195199080065 0.4770375161707633 0.163109098749461 0.4669307891332471 0.15556274256144892 0.4582390038809832 0.15053183843610754 0.4531856403622251 0.1465789851947679 0.4467173350582147 0.14478223372143167 0.4398447606727037 0.14550093431076616 0.4362063389391979 0.14909443725743857
19 0.47804818887451483 0.2648052321402904 0.4903783958602846 0.2288702026735662 0.49522962483829236 0.2216831967802214 0.49704883570504527 0.22635475061089552 0.4855271668822768 0.2576182262469455 0.4820908796895213 0.2666019836136266
19 0.47582470892626133 0.1544846916774472 0.49239974126778785 0.16203104786545927 0.5047299482535575 0.17532700876814722 0.5071555627425615 0.19401322409084376 0.5037192755498059 0.2141368405922093 0.5014957956015523 0.22240189736955587 0.5006872574385511 0.2439629150495904 0.5000808538163002 0.25438407359494036 0.5067512936610608 0.24540031622825934 0.5073576972833117 0.22383929854822482 0.5105918499353169 0.22419864884289206 0.5105918499353169 0.2439629150495904 0.5122089262613195 0.24971251976426626 0.5154430789133246 0.24647836711226107 0.5178686934023286 0.22491734943222655 0.5140281371280724 0.22240189736955587 0.5148366752910738 0.19113842173350584 0.5111982535575679 0.1760457093574817 0.5039214100905562 0.16706195199080065 0.4942189521345407 0.15807819462411962
19 0.4279188227684346 0.06213166594796611 0.4305465717981889 0.06608451918930576 0.440046895213454 0.06320971683196783 0.45460058214747734 0.059975564179962665 0.4655158473479948 0.056382061233290245 0.47683538163001293 0.0585381630012937 0.4913890685640362 0.06572516889463853 0.4992723156532988 0.07075607301997991 0.5000808538163002 0.0628503665373006 0.48916558861578263 0.05494466005462127 0.47804818887451483 0.04991375592927989 0.4665265200517464 0.04775765416127644 0.45338777490297544 0.05135115710794886 0.4396426261319534 0.055304010349288515
19 0.3684912677878396 0.2475564179962628 0.36505498059508407 0.25689952565761104 0.3654592496765847 0.26696133390829385 0.36242723156532985 0.2745076900963059 0.35878880983182404 0.2773824924536438 0.3567674644243208 0.2831320971683197 0.3509055627425614 0.2773824924536438 0.3464586028460543 0.2676800344976283 0.3436287192755498 0.2763044415696421 0.35009702457956016 0.28708495040965937 0.3509055627425614 0.2953500071870059 0.34686287192755494 0.3072085669110249 0.35029915912031045 0.3072085669110249 0.35757600258732214 0.28960040247233004 0.36707632600258727 0.27378898950697145 0.36990620957309184 0.26875808538163004 0.36970407503234154 0.2565401753629438 0.37435316946959896 0.25402472330027315 0.3741510349288486 0.24863446888026453
19 0.3379689521345407 0.3136768722150352 0.3379689521345407 0.3205045278137128 0.35191623544631306 0.3197858272243783 0.365661384217335 0.33451918930573527 0.3692998059508409 0.3338004887164008 0.37455530401034925 0.3187077763403766 0.3836513583441138 0.30433376455368694 0.38830045278137126 0.2928345551243352 0.3963858344113842 0.28816300129366107 0.4028541397153946 0.28349144746298693 0.4105352522639068 0.27666379186430934 0.41740782664941783 0.2694767859709645 0.41437580853816297 0.26624263331895937 0.41073738680465716 0.27019548656029896 0.4040669469598964 0.2773824924536438 0.38931112548512287 0.28888170188299556 0.38506630012936605 0.291037803650999 0.37799159120310477 0.3050524651430214 0.37172542043984474 0.3151142733937042 0.36707632600258727 0.3258947822337215 0.3626293661060802 0.32409803076038524 0.353129042690815 0.3129581716257007
19 0.3842577619663648 0.30792726750035937 0.39941785252263906 0.2921158545350008 0.40972671410090555 0.2867256001149921 0.4222590556274256 0.2712735374443007 0.4242804010349288 0.27558574098030764 0.4159928848641655 0.28708495040965937 0.42751455368693403 0.28385079775765415 0.439440491591203 0.28277274687365245 0.44833441138421726 0.29391260600833696 0.4453023932729624 0.2953500071870059 0.4396426261319534 0.2885223515883283 0.43034443725743854 0.28744430070432664 0.420641979301423 0.29031910306166453 0.41356727037516167 0.29463130659767145 0.41073738680465716 0.2935532557136697 0.4020456015523933 0.29463130659767145 0.4004285252263907 0.2978654592496766 0.3915346054333764 0.3064898663216904
19 0.3135106727037516 0.3435029466724163 0.3129042690815006 0.3521273537444301 0.32402166882276845 0.36470461405778354 0.3383732212160414 0.36075176081644383 0.3414052393272963 0.3557208566911025 0.3509055627425614 0.35643955728043697 0.35717173350582143 0.3672200661204542 0.3628315006468305 0.36865746729912313 0.3636400388098318 0.3614704614057783 0.36040588615782665 0.35500215610176805 0.3551503880983182 0.35500215610176805 0.3515119663648124 0.3467370993244214 0.33938389391979296 0.346018398735087 0.33817108667529105 0.3528460543337646 0.32240459249676584 0.3542834555124335 0.31957470892626133 0.3452996981457525
19 0.30118046571798185 0.40171769440850935 0.305021021992238 0.40854535000718695 0.3177554980595084 0.40567054764984906 0.3289285714285714 0.3958730158730158 0.33267857142857143 0.39301587301587304 0.3364285714285714 0.3907936507936508 0.3405967011642949 0.3902184849791576 0.34949062095730915 0.386265631737818 0.36424644243208276 0.386265631737818 0.366267787839586 0.38051602702314213 0.36808699870633893 0.37728187437113697 0.36404430789133246 0.374407072013799 0.36141655886157825 0.38015667672847486 0.3567674644243208 0.37979732643380765 0.3626293661060802 0.3747664223084663 0.36040588615782665 0.3711729193617938 0.3543418499353169 0.3736883714244646 0.3508928571428572 0.38031746031746033 0.3394642857142857 0.3812698412698413 0.33517857142857144 0.3815873015873016 0.3292771668822768 0.38410952996981457 0.32624514877102195 0.38698433232715246 0.3238195342820181 0.3941713382204973 0.3183619016817594 0.3959680896938335 0.3133085381630013 0.40063964352450765 0.3108829236739974 0.4009989938191749 0.30744663648124193 0.39632743998850073
19 0.3013826002587322 0.3596737099324421 0.3098722509702458 0.37907862584447316 0.32402166882276845 0.37979732643380765 0.32968143596377747 0.3780005749604714 0.33190491591203103 0.37296967083513005 0.3367561448900388 0.37261032054046284 0.338777490297542 0.37620382348713527 0.34928848641655885 0.3765631737818025 0.3527247736093143 0.37332902112979727 0.353129042690815 0.36865746729912313 0.3507034282018111 0.36650136553111967 0.3478735446313066 0.36901681759379046 0.3432244501940491 0.37009486847779216 0.33978816300129366 0.36865746729912313 0.33655401034928845 0.3643452637631163 0.3317027813712807 0.36470461405778354 0.32664941785252266 0.36614201523645246 0.32462807244501934 0.3736883714244646 0.3201811125485123 0.37332902112979727 0.31431921086675285 0.37225097024579556 0.3100743855109961 0.3625485122897801
19 0.3169642857142857 0.42380952380952386 0.3078571428571429 0.4371428571428571 0.29910714285714285 0.45587301587301593 0.3023214285714286 0.4590476190476191 0.31124999999999997 0.44126984126984126 0.3171428571428571 0.4292063492063492
19 0.32571428571428573 0.42158730158730157 0.3291071428571429 0.4222222222222222 0.3369642857142857 0.4085714285714286 0.34017857142857144 0.40253968253968253 0.33732142857142855 0.39777777777777773 0.3317857142857143 0.4076190476190476
19 0.3103571428571429 0.5063492063492063 0.31053571428571425 0.4777777777777778 0.3194642857142857 0.4561904761904762 0.3196428571428572 0.46476190476190476 0.31375000000000003 0.4787301587301588 0.31446428571428575 0.4901587301587301
19 0.3126785714285715 0.5584126984126985 0.3125 0.5295238095238095 0.31375000000000003 0.506984126984127 0.31910714285714287 0.4857142857142857 0.32785714285714285 0.46444444444444444 0.3382142857142857 0.44571428571428573 0.35017857142857145 0.4301587301587302 0.3608928571428571 0.41904761904761906 0.3728571428571429 0.4158730158730159 0.3732142857142857 0.42158730158730157 0.36678571428571427 0.4219047619047619 0.36232142857142857 0.42412698412698413 0.3533928571428572 0.43428571428571433 0.34535714285714286 0.4438095238095238 0.3410714285714286 0.4523809523809524 0.3389285714285714 0.4533333333333333 0.33267857142857143 0.46507936507936504 0.32999999999999996 0.46793650793650793 0.32625000000000004 0.47682539682539676 0.32089285714285715 0.493015873015873 0.3176785714285714 0.506031746031746 0.3157142857142857 0.5346031746031746
19 0.3505357142857143 0.4085714285714286 0.36428571428571427 0.3980952380952381 0.3719642857142857 0.39714285714285713 0.37392857142857144 0.4006349206349206 0.3680357142857143 0.4019047619047619 0.36357142857142855 0.4031746031746032
19 0.3771428571428571 0.4177777777777778 0.38375 0.41714285714285715 0.3892857142857143 0.4225396825396826 0.3994642857142857 0.42634920634920637 0.41535714285714287 0.4292063492063492 0.4260714285714286 0.42666666666666664 0.44160714285714286 0.42 0.45321428571428574 0.42 0.46089285714285716 0.42634920634920637 0.4564285714285714 0.42857142857142855 0.4516071428571428 0.4234920634920635 0.44107142857142856 0.42666666666666664 0.4321428571428571 0.42888888888888893 0.4273214285714285 0.43333333333333335 0.4201785714285714 0.43492063492063493 0.4133928571428571 0.4326984126984127 0.40321428571428575 0.4317460317460317 0.3966071428571428 0.43111111111111106 0.38785714285714284 0.4276190476190476
19 0.43375 0.43238095238095237 0.42910714285714285 0.4371428571428571 0.4498214285714286 0.4396825396825397 0.45017857142857143 0.43587301587301586
19 0.4516071428571428 0.43142857142857144 0.45285714285714285 0.4365079365079365 0.4626785714285714 0.4326984126984127 0.4639285714285714 0.42857142857142855 0.4714285714285714 0.42095238095238097 0.4698214285714286 0.41650793650793655 0.46357142857142863 0.4222222222222222 0.4616071428571429 0.4279365079365079
19 0.41 0.3784126984126984 0.41 0.39746031746031746 0.4126785714285714 0.39746031746031746 0.4132142857142857 0.37809523809523815
19 0.3755357142857143 0.4326984126984127 0.3757142857142857 0.4380952380952381 0.38767857142857143 0.4441269841269841 0.39714285714285713 0.4447619047619048 0.40875000000000006 0.44539682539682546 0.41464285714285715 0.4415873015873016 0.4126785714285714 0.4384126984126984 0.40982142857142856 0.4415873015873016 0.40374999999999994 0.44285714285714284 0.39553571428571427 0.4396825396825397 0.38607142857142857 0.43777777777777777
19 0.35 0.46285714285714286 0.34946428571428567 0.4688888888888889 0.34660714285714284 0.47809523809523813 0.3419642857142857 0.4876190476190476 0.3375 0.49841269841269836 0.33571428571428574 0.5101587301587301 0.33267857142857143 0.5228571428571429 0.3282142857142857 0.5365079365079365 0.3273214285714286 0.5533333333333333 0.32517857142857143 0.5673015873015873 0.32535714285714284 0.5822222222222222 0.3296428571428571 0.5952380952380952 0.3267857142857143 0.6187301587301587 0.3241071428571428 0.6193650793650793 0.32607142857142857 0.6006349206349206 0.3242857142857143 0.5879365079365079 0.3217857142857143 0.6025396825396825 0.3201785714285714 0.6219047619047618 0.31392857142857145 0.6177777777777778 0.31660714285714286 0.5888888888888889 0.31839285714285714 0.5838095238095238 0.31857142857142856 0.5701587301587302 0.32071428571428573 0.5561904761904762 0.3241071428571428 0.5542857142857143 0.32517857142857143 0.5285714285714286 0.33339285714285716 0.5038095238095238 0.3414285714285714 0.48253968253968255
19 0.3007142857142857 0.4876190476190476 0.3048214285714286 0.4882539682539683 0.3078571428571429 0.46793650793650793 0.3155357142857143 0.4495238095238095 0.32607142857142857 0.4298412698412698 0.3242857142857143 0.42888888888888893 0.3173214285714286 0.44063492063492066 0.31124999999999997 0.4523809523809524 0.30607142857142855 0.46507936507936504
19 0.33732142857142855 0.5752380952380952 0.33321428571428574 0.5911111111111111 0.3316071428571429 0.607936507936508 0.32875 0.626984126984127 0.3267857142857143 0.6441269841269841 0.32999999999999996 0.6428571428571428 0.33267857142857143 0.6247619047619047 0.335 0.6190476190476191 0.33625 0.6019047619047619 0.3391071428571429 0.5961904761904762
19 0.3435714285714285 0.6222222222222222 0.3480357142857143 0.6219047619047618 0.3480357142857143 0.652063492063492 0.3489285714285714 0.6679365079365079 0.3510714285714286 0.692063492063492 0.3553571428571428 0.7133333333333334 0.35660714285714284 0.7307936507936508 0.36214285714285716 0.7438095238095237 0.3625 0.7536507936507936 0.3576785714285714 0.753015873015873 0.35446428571428573 0.7355555555555556 0.3508928571428572 0.7085714285714286 0.34714285714285714 0.6822222222222222 0.3435714285714285 0.6612698412698412
19 0.36375 0.7644444444444444 0.3625 0.777142857142857 0.36678571428571427 0.7926984126984127 0.37160714285714286 0.8107936507936508 0.3767857142857143 0.8295238095238096 0.385 0.8476190476190477 0.39339285714285716 0.8590476190476191 0.3942857142857143 0.8536507936507935 0.38785714285714284 0.8438095238095238 0.3821428571428572 0.8323809523809523 0.3773214285714286 0.8177777777777777 0.37374999999999997 0.801904761904762
19 0.3828571428571429 0.8 0.38303571428571426 0.8247619047619048 0.38482142857142854 0.8292063492063493 0.38589285714285715 0.8384126984126984 0.38767857142857143 0.8393650793650794 0.3871428571428571 0.8282539682539682 0.3846428571428572 0.8238095238095238 0.38607142857142857 0.8203174603174602 0.38553571428571426 0.8006349206349207
19 0.3732142857142857 0.6946031746031746 0.3710714285714286 0.6901587301587302 0.3751785714285715 0.6812698412698412 0.3742857142857143 0.6657142857142857 0.38839285714285715 0.645079365079365 0.3869642857142857 0.6615873015873016
19 0.4703571428571428 0.5088888888888888 0.46964285714285714 0.5225396825396825 0.4632142857142857 0.5444444444444444 0.4542857142857143 0.5625396825396826 0.4442857142857143 0.5831746031746032 0.4260714285714286 0.606984126984127 0.4175 0.633015873015873 0.41607142857142854 0.6419047619047619 0.4094642857142857 0.6447619047619048 0.4 0.6657142857142857 0.39517857142857143 0.6660317460317461 0.4123214285714286 0.6263492063492063 0.4180357142857143 0.6101587301587301 0.42714285714285716 0.593015873015873 0.4364285714285714 0.5844444444444444 0.43839285714285714 0.5800000000000001 0.44696428571428576 0.566031746031746 0.4492857142857143 0.5657142857142857 0.44910714285714287 0.5568253968253968 0.46125 0.5295238095238095
19 0.3946428571428572 0.6688888888888889 0.3932142857142857 0.6879365079365078 0.3985714285714286 0.7117460317460318 0.4017857142857143 0.7314285714285713 0.4073214285714286 0.7653968253968254 0.40857142857142853 0.7774603174603175 0.40428571428571425 0.7917460317460316 0.4007142857142857 0.8082539682539683 0.4019642857142857 0.8203174603174602 0.4055357142857143 0.8292063492063493 0.40857142857142853 0.8266666666666668 0.40625 0.819047619047619 0.4066071428571429 0.8047619047619048 0.40875000000000006 0.793015873015873 0.41125 0.7822222222222223 0.4128571428571429 0.7707936507936507 0.4117857142857143 0.7533333333333333 0.4057142857142857 0.7355555555555556 0.40053571428571433 0.7057142857142857 0.39732142857142855 0.686031746031746 0.3991071428571428 0.6698412698412698
19 0.41196428571428567 0.785079365079365 0.41500000000000004 0.7993650793650793 0.4191071428571429 0.822857142857143 0.42321428571428565 0.8482539682539683 0.4278571428571428 0.8714285714285714 0.42874999999999996 0.8879365079365079 0.4310714285714286 0.8869841269841269 0.43125 0.8660317460317459 0.42642857142857143 0.8441269841269842 0.42482142857142857 0.8180952380952381 0.42196428571428574 0.819047619047619 0.4201785714285714 0.8025396825396826 0.4139285714285714 0.7780952380952381
19 0.43 0.8977777777777778 0.43875000000000003 0.9317460317460318 0.44089285714285714 0.9330158730158731 0.45125000000000004 0.9565079365079365 0.4610714285714286 0.972063492063492 0.4626785714285714 0.9647619047619047 0.4566071428571429 0.9552380952380953 0.4542857142857143 0.9555555555555556 0.4430357142857143 0.9295238095238095 0.44035714285714284 0.926984126984127 0.4332142857142857 0.8984126984126984
19 0.4117857142857143 0.8139682539682539 0.40821428571428575 0.8466666666666667 0.40535714285714286 0.8876190476190476 0.40857142857142853 0.8898412698412699 0.40875000000000006 0.9177777777777777 0.4073214285714286 0.9406349206349206 0.4126785714285714 0.9438095238095238 0.41446428571428573 0.8812698412698413 0.4117857142857143 0.8815873015873016 0.4128571428571429 0.8571428571428571
19 0.5141071428571429 0.36952380952380953 0.5219642857142858 0.3558730158730159 0.5371428571428571 0.35714285714285715 0.5544642857142856 0.3577777777777778 0.5610714285714286 0.3549206349206349 0.562142857142857 0.3692063492063492 0.5560714285714285 0.3653968253968254 0.5467857142857142 0.3638095238095238 0.531607142857143 0.3615873015873016 0.525 0.36095238095238097 0.5230357142857143 0.366984126984127
19 0.36589285714285713 0.38761904761904764 0.37124999999999997 0.386031746031746 0.3771428571428571 0.3907936507936508 0.3844642857142857 0.3958730158730158 0.3914285714285714 0.39746031746031746 0.4060714285714286 0.39746031746031746 0.41714285714285715 0.3961904761904762 0.42160714285714285 0.39269841269841266 0.42214285714285715 0.3838095238095238 0.4257142857142857 0.38285714285714284 0.42428571428571427 0.3958730158730158 0.42142857142857143 0.400952380952381 0.4164285714285715 0.39968253968253964 0.4107142857142857 0.4006349206349206 0.4030357142857143 0.4006349206349206 0.39642857142857146 0.4006349206349206 0.3880357142857143 0.40031746031746035 0.38 0.39682539682539686 0.37392857142857144 0.3923809523809524
19 0.4419642857142857 0.3136507936507936 0.44678571428571423 0.3092063492063492 0.45714285714285713 0.31936507936507935 0.4642857142857143 0.33174603174603173 0.4698214285714286 0.3377777777777778 0.4748214285714286 0.33365079365079364 0.4801785714285714 0.3326984126984127 0.4757142857142857 0.3387301587301587 0.47125000000000006 0.3431746031746032 0.46785714285714286 0.34285714285714286 0.46410714285714283 0.33714285714285713 0.45964285714285713 0.3292063492063492 0.45339285714285715 0.32222222222222224 0.44678571428571423 0.3184126984126984
19 0.6519642857142858 0.4450793650793651 0.6585714285714286 0.44317460317460317 0.6667857142857143 0.4450793650793651 0.6714285714285715 0.4441269841269841 0.675 0.4396825396825397 0.6780357142857143 0.43587301587301586 0.6808928571428571 0.4380952380952381 0.6771428571428572 0.44317460317460317 0.6723214285714285 0.4473015873015873 0.6675 0.4495238095238095 0.6610714285714285 0.4485714285714286
19 0.5055357142857143 0.6288888888888889 0.5082142857142857 0.6333333333333333 0.5146428571428572 0.6342857142857143 0.5233928571428572 0.6403174603174603 0.5332142857142858 0.645079365079365 0.5482142857142857 0.6431746031746032 0.5583928571428571 0.6431746031746032 0.5726785714285715 0.6352380952380953 0.57625 0.626984126984127 0.5833928571428572 0.6273015873015872 0.5830357142857143 0.6234920634920635 0.5760714285714286 0.6165079365079366 0.5721428571428572 0.6250793650793651 0.5676785714285714 0.6320634920634921 0.5617857142857143 0.6358730158730158 0.5551785714285714 0.6374603174603175 0.54625 0.6365079365079365 0.5351785714285715 0.6384126984126984 0.5242857142857142 0.6352380952380953 0.5182142857142857 0.6314285714285715
19 0.40857142857142853 0.9558730158730159 0.41196428571428567 0.9771428571428571 0.41732142857142857 0.9777777777777777 0.4142857142857143 0.9644444444444444
19 0.42546478234582824 0.4551256213892248 0.421875 0.4665457476823862 0.4158290507859734 0.4796453043127771 0.42206393591293834 0.48233239285234447 0.42546478234582824 0.4712481526266291 0.4256537182587666 0.4635227730753729 0.4292435006045949 0.4598280263334677 0.42905456469165654 0.45680505172645436
19 0.4322664752116082 0.4655380894800484 0.4368009371221281 0.46318688700792693 0.4385013603385731 0.4534461910519952 0.4394460399032648 0.4484079000403064 0.43774561668681977 0.44807201397286045 0.4352894498186215 0.46016391240091364 0.43245541112454655 0.4611715706032514
19 0.4250869105199516 0.4843477092570201 0.42470903869407495 0.4927448609431681 0.43340009068923824 0.48669891172914154 0.4432247581620314 0.479981190380223 0.4539941051995163 0.47359935509875056 0.4609847339782346 0.4685610640870617 0.47043152962515117 0.46285100094048104 0.4677864268440145 0.4551256213892248 0.4647634522370012 0.4618433427381432 0.45890643893591293 0.4655380894800484 0.4477592200725514 0.47091226655918317 0.4443583736396614 0.46788929195216983 0.4402017835550181 0.47561467150342607
19 0.5463837666263603 0.8581889023243315 0.549595677146312 0.8729678892919521 0.5480841898428053 0.8988311164852882 0.5511071644498186 0.8810291549106544 0.5541301390568318 0.87397554749429 0.5546969467956469 0.8682654843477092 0.5497846130592503 0.8544941555824265
19 0.5197438029020556 0.956267634018541 0.515398276904474 0.9697030767163778 0.5112416868198306 0.97776434233508 0.5169097642079806 0.97776434233508 0.5233335852478839 0.9730619373908371 0.5261676239419588 0.9552599758162031
19 0.35385807134220065 0.4611715706032514 0.35877040507859725 0.46419454521026465 0.36330486698911724 0.4544538492543329 0.37464102176541714 0.45210264678221146 0.3744520858524788 0.44538492543329306 0.3689729443772672 0.44605669756818495 0.3631159310761789 0.4494155582426441 0.35744785368802895 0.45680505172645436
19 0.3740742140266021 0.39735321778852617 0.379175483675937 0.40575036947467424 0.3901337666263603 0.4107886604863631 0.40033630592503017 0.4111245465538089 0.41412862756952834 0.4111245465538089 0.42603159008464325 0.41313986295848454 0.4443583736396614 0.4134757490259305 0.4541830411124546 0.4134757490259305 0.4685421704957678 0.41045277441891714 0.47194301692865775 0.4017197366653231 0.4672196191051995 0.40004030632809356 0.45796175937122124 0.4010479645304313 0.44945964328899635 0.4044068252048905 0.4362341293833132 0.40474271127233646 0.4197967049576783 0.40575036947467424 0.4075158706166868 0.4070939137444579 0.39429035671100354 0.406422141609566 0.3863550483675936 0.40306328093510685
19 0.6009862454655381 0.10009404809888486 0.6213913240628779 0.10613999731291146 0.6272483373639661 0.11151417439204624 0.6427410822249093 0.11453714899905952 0.6355615175332527 0.10983474405481661 0.6329164147521161 0.10546822517801961 0.6234696191051995 0.10278113663845223 0.6230917472793228 0.0960634152895338 0.6174236698911729 0.08968158000806127 0.6108109129383312 0.08900980787316942 0.6017419891172915 0.09102512427784495
19 0.6009754335260116 0.17919075144508667 0.5951950867052023 0.18978805394990367 0.5854407514450867 0.1981374438021837 0.5796604046242775 0.21644187540141296 0.5816473988439306 0.23603082851637763 0.5885115606936415 0.24630700064226074 0.5872471098265896 0.22254335260115607 0.5923049132947977 0.20777135517019907 0.598807803468208 0.20070648683365447 0.6092846820809248 0.17886962106615284
19 0.5765895953757225 0.2491971740526654 0.5839956647398844 0.23763648041104687 0.5923049132947977 0.22157996146435452 0.5970014450867052 0.2161207450224791 0.6105491329479769 0.21419396274887603 0.6136199421965317 0.1926782273603083 0.6233742774566473 0.18464996788696209 0.6371026011560693 0.15446371226718048 0.639992774566474 0.1573538856775851 0.6273482658959537 0.18529222864482978 0.6217485549132948 0.1968529222864483 0.6201228323699421 0.2032755298651252 0.6170520231213873 0.2186897880539499 0.6128973988439306 0.22190109184328838 0.6107297687861271 0.22864482980089917 0.6063945086705202 0.23089274245343608 0.5989884393063584 0.22960822093770067 0.5939306358381502 0.233140655105973 0.5944725433526011 0.2405266538214515 0.591221098265896 0.24438021836865767 0.5870664739884393 0.24373795761078998 0.5760476878612717 0.2572254335260115
19 0.5429913294797688 0.3131021194605009 0.5429913294797688 0.329800899165061 0.5471459537572254 0.329800899165061 0.5469653179190751 0.31245985870263326
19 0.5630419075144508 0.9627488760436737 0.5699060693641618 0.9698137443802183 0.5791184971098265 0.9608220937700706 0.5838150289017341 0.9540783558124599 0.5809248554913294 0.9377007064868336 0.5773121387283237 0.9486191393705844 0.573157514450867 0.9569685292228645 0.5673771676300577 0.9601798330122029
19 0.631864161849711 0.8243416827231856 0.6315028901734104 0.8391136801541426 0.6298771676300577 0.8667308927424533 0.6268063583815029 0.8869621066152859 0.621929190751445 0.9065510597302504 0.626264450867052 0.9075144508670521 0.6311416184971098 0.8921001926782274 0.6338511560693642 0.8795761078998072 0.6343930635838151 0.8680154142581887 0.6322254335260116 0.8599871547848426 0.6351156069364162 0.8262684649967886
19 0.4750287026406429 0.43972445464982773 0.4766432261768082 0.4569460390355913 0.4906357634902411 0.4588595484117872 0.5001435132032147 0.4591784666411532 0.5057046498277841 0.466513585916571 0.5127009184845005 0.4626865671641791 0.5067809988518943 0.4553514478887613 0.5015786452353617 0.4486541650720755 0.4958381171067738 0.4445082280903177 0.48633036739380014 0.44801632861334356
19 0.45482242339832873 0.34621634168987925 0.4561281337047354 0.3527932528628907 0.46287430362116994 0.35550139275766013 0.46896761838440115 0.36362581244196834 0.46483286908078 0.3678814608480346 0.47005571030640675 0.3702027236149798 0.47440807799442897 0.3678814608480346 0.4746256963788301 0.3613045496750232 0.46962047353760444 0.35627514701330854 0.46243906685236774 0.3489244815846487 0.4620038300835655 0.3431213246672856
19 0.6882440476190476 0.6672584238373712 0.693922305764411 0.6435881370091896 0.6984257518796992 0.6265316067947647 0.6994047619047619 0.6376705653021442 0.6964677318295739 0.6536828181565024 0.6933348997493735 0.6641255917571708
19 0.6962719298245614 0.6700431634642161 0.6992089598997493 0.679093567251462 0.7013627819548872 0.66656223893066 0.7058662280701754 0.6502018936229462 0.7095864661654134 0.6376705653021442 0.709390664160401 0.6293163464216096 0.706062030075188 0.63244917850181 0.703125 0.6442843219159008 0.7007753759398496 0.6564675577833472
19 0.6897914032869785 0.44310998735777496 0.7010508849557522 0.46418036241045085 0.7067793931731985 0.4655850540806293 0.7134955752212389 0.477173760359601 0.7192240834386852 0.49051833122629573 0.7217920353982301 0.48700660205084984 0.7172487357774968 0.47576906868942265 0.7132980404551201 0.4694479561736199 0.7081621365360303 0.4599662873999157 0.6980878634639696 0.44732406236831007
19 0.5323561946902655 0.28016575361708107 0.5357142857142857 0.2903497682258744 0.5457885587863464 0.299480264082034 0.5513195322376738 0.31142014327855033 0.5594184576485461 0.30755724118555977 0.5566529709228825 0.30580137659783674 0.5513195322376738 0.30439668492765837 0.548751580278129 0.3008849557522124 0.5499367888748419 0.2966708807416772 0.5558628318584071 0.299480264082034 0.5517146017699115 0.29280797864868663 0.5477639064475348 0.2864868661328838 0.5430230720606827 0.2833263098749824 0.5451959544879899 0.2917544598960528 0.5406526548672567 0.28859390363815146 0.536504424778761 0.28086809945217023
19 0.5627765486725663 0.4100997331085826 0.5651469658659924 0.42976541649108013 0.5649494310998736 0.4508357915437561 0.5639617572692794 0.4631268436578171 0.5689001264222503 0.4539963478016575 0.5690976611883691 0.4378423935946059 0.5689001264222503 0.4234443039752774
