8 0.5282998251748252 0.15734265734265734 0.5211975524475525 0.16499125874125875 0.5244755244755245 0.1710008741258741 0.5288461538461539 0.16936188811188813 0.5326704545454546 0.1731861888111888 0.5348557692307693 0.16553758741258742 0.5364947552447552 0.16171328671328672 0.5364947552447552 0.15133304195804195
8 0.5516633064516129 0.14064791055718479 0.5473103005865102 0.14591733870967744 0.5523506231671554 0.14958302785923755 0.5532670454545454 0.14614644428152496
8 0.5622021627565983 0.14087701612903228 0.5573909457478006 0.1443135997067449 0.5564745234604105 0.14889571114369501 0.5619730571847508 0.14981213343108507
8 0.5628894794721407 0.1541651392961877 0.5626603739002933 0.15920546187683288 0.5674715909090909 0.15599798387096775 0.5690753299120235 0.15370692815249268 0.5677006964809383 0.15164497800586513
8 0.5901530425219941 0.164245784457478 0.586945564516129 0.16859879032258066 0.587403775659824 0.17157716275659823 0.584654508797654 0.17409732404692085 0.585570931085044 0.17867943548387097 0.5892366202346041 0.18165780791788858 0.5922149926686217 0.1793667521994135 0.5938187316715543 0.17455553519061584 0.5938187316715543 0.17088984604105573 0.5970262096774194 0.1692861070381232 0.5956515762463342 0.1665368401759531 0.5929023093841642 0.162871151026393
8 0.6213114002932552 0.14064791055718479 0.619478555718475 0.14545912756598242 0.6210822947214076 0.15027034457478008 0.6242897727272727 0.14935392228739003 0.6245188782991202 0.14545912756598242
8 0.6252061950146628 0.15508156158357772 0.6222278225806452 0.15966367302052786 0.6217696114369502 0.16584952346041057 0.6219987170087976 0.17157716275659823 0.6233733504398826 0.17547195747800587 0.6263517228739003 0.17409732404692085 0.6281845674486803 0.17111895161290325 0.6302465175953079 0.17524285190615838 0.632537573313783 0.1731809017595308 0.6316211510263929 0.16905700146627567 0.632537573313783 0.16516220674486806 0.6316211510263929 0.16264204545454547 0.6295592008797655 0.16172562316715544 0.6274972507331379 0.16241293988269795 0.6256644061583578 0.16172562316715544 0.6258935117302052 0.15989277859237538 0.6284136730205279 0.15943456744868037
8 0.6341413123167156 0.17547195747800587 0.6341413123167156 0.17959585777126102 0.6371196847507331 0.18165780791788858 0.6380361070381231 0.17959585777126102 0.6405562683284457 0.17730480205278593 0.6366614736070381 0.17661748533724342
8 0.6375778958944281 0.16264204545454547 0.6366614736070381 0.16951521260997068 0.6387234237536656 0.1722644794721408 0.6412435850439883 0.16951521260997068 0.6412435850439883 0.16584952346041057 0.6407853739002933 0.1635584677419355
8 0.6449092741935484 0.1763883797653959 0.6444510630498533 0.17982496334310852 0.6472003299120235 0.18165780791788858 0.6467421187683284 0.18486528592375367 0.647429435483871 0.18784365835777128 0.6520115469208212 0.18715634164222877 0.6533861803519062 0.1828033357771261 0.6524697580645161 0.17959585777126102 0.6506369134897361 0.17661748533724342 0.648345857771261 0.1757010630498534
8 0.6630086143695014 0.18417796920821117 0.6620921920821115 0.19013471407624633 0.6620921920821115 0.19906983137829912 0.662779508797654 0.20479747067448684 0.666445197947214 0.20296462609970675 0.6673616202346041 0.19884072580645162 0.667819831378299 0.1951750366568915 0.6691944648093842 0.19036381964809385 0.6680489369501467 0.18669813049853373 0.6652996700879765 0.1850943914956012
8 0.6552190249266862 0.20571389296187684 0.6529279692082112 0.20823405425219943 0.6536152859237536 0.21235795454545453 0.6570518695014662 0.21212884897360706 0.6579682917888563 0.20823405425219943
8 0.6721728372434017 0.2132743768328446 0.6701108870967742 0.21602364369501464 0.6694235703812317 0.22060575513196481 0.6707982038123167 0.22541697214076248 0.6751512096774193 0.22472965542521997 0.6758385263929619 0.21991843841642228 0.6751512096774193 0.21625274926686217
8 0.6272681451612903 0.18807276392961877 0.6272681451612903 0.195404142228739 0.6297883064516129 0.19929893695014664 0.6316211510263929 0.19700788123167157 0.6313920454545454 0.1915093475073314 0.6311629398826979 0.18761455278592376
8 0.6373487903225806 0.1855526026392962 0.6355159457478006 0.1887600806451613 0.6364323680351907 0.19242576979472142 0.6389525293255132 0.19242576979472142 0.6400980571847508 0.18921829178885632 0.6398689516129032 0.18921829178885632
8 0.6284136730205279 0.20319373167155427 0.6281845674486803 0.20777584310850444 0.6293300953079178 0.21189974340175954 0.6343704178885631 0.21167063782991202 0.6336831011730205 0.20777584310850444 0.6318502565982405 0.20479747067448684
8 0.61443823313783 0.20067357038123168 0.6151255498533724 0.20892137096774194 0.6171875 0.21258706011730205 0.6210822947214076 0.21075421554252202 0.6222278225806452 0.20754673753665692 0.6217696114369502 0.2036519428152493 0.6197076612903226 0.20204820381231672 0.6178748167155426 0.20044446480938416
8 0.6233733504398826 0.21785648826979473 0.6215405058651027 0.2201475439882698 0.6229151392961877 0.22472965542521997 0.6242897727272727 0.22839534457478008 0.6261226173020528 0.23068640029325516 0.6281845674486803 0.2293117668621701 0.6281845674486803 0.22518786656891496 0.6281845674486803 0.22198038856304986 0.6268099340175952 0.2201475439882698
8 0.6584265029325513 0.22793713343108504 0.6559063416422287 0.23412298387096775 0.6595720307917888 0.23847598973607037 0.6611757697947214 0.23412298387096775 0.6616339809384164 0.23068640029325516
8 0.5562454178885631 0.15645619501466276 0.5537252565982405 0.15943456744868037 0.5548707844574781 0.16241293988269795 0.5576200513196481 0.16149651759530795 0.5576200513196481 0.15874725073313783
8 0.5534961510263929 0.1759301686217009 0.5516633064516129 0.1789085410557185 0.5514342008797655 0.18417796920821117 0.5528088343108505 0.1887600806451613 0.5573909457478006 0.1855526026392962 0.5578491568914956 0.18097049120234604 0.5580782624633431 0.17730480205278593 0.557161840175953 0.17478464076246336
8 0.5764067082111437 0.18165780791788858 0.5741156524926686 0.18692723607038125 0.5738865469208212 0.1921966642228739 0.5748029692082112 0.19632056451612906 0.5754902859237536 0.19929893695014664 0.5800723973607038 0.19952804252199413 0.5816761363636364 0.19723698680351906 0.5812179252199414 0.1917384530791789 0.5803015029325513 0.18715634164222877 0.5793850806451613 0.1825742302052786
8 0.5912985703812317 0.2164818548387097 0.5910694648093842 0.2135034824046921 0.588320197947214 0.21235795454545453 0.5858000366568915 0.21441990469208214 0.5853418255131965 0.21854380498533726 0.586945564516129 0.22106396627565986 0.5880910923753666 0.22450054985337245 0.5924440982404693 0.22541697214076248 0.5951933651026393 0.22335502199413493 0.5956515762463342 0.21968933284457481 0.5945060483870968 0.21716917155425222
8 0.5631185850439883 0.20113178152492667 0.5622021627565983 0.2073176319648094 0.5615148460410557 0.2139616935483871 0.5631185850439883 0.22152217741935484 0.5674715909090909 0.21877291055718479 0.5695335410557185 0.21304527126099707 0.5695335410557185 0.20640120967741934 0.5677006964809383 0.20342283724340177 0.5654096407624634 0.20227730938416424
8 0.5585364736070381 0.19563324780058652 0.5569327346041055 0.19906983137829912 0.5573909457478006 0.2036519428152493 0.5596820014662757 0.2038810483870968 0.5619730571847508 0.19975714809384165 0.5626603739002933 0.19632056451612906 0.5617439516129032 0.19402950879765396
8 0.6130635997067448 0.18142870234604108 0.6116889662756598 0.1864690249266862 0.6130635997067448 0.18990560850439883 0.6151255498533724 0.18761455278592376 0.6151255498533724 0.18417796920821117
8 0.6270390395894428 0.17524285190615838 0.6247479838709677 0.17913764662756598 0.6254353005865102 0.18349065249266863 0.6274972507331379 0.18601081378299122 0.6311629398826979 0.1850943914956012 0.6300174120234604 0.1818869134897361 0.6281845674486803 0.18005406891495604 0.6302465175953079 0.17867943548387097
8 0.537687866568915 0.16699505131964812 0.5358550219941349 0.1761592741935484 0.5379169721407624 0.17822122434017598 0.5408953445747801 0.17501374633431085 0.5411244501466276 0.17180626832844575
8 0.5482267228739003 0.17088984604105573 0.5452483504398826 0.17272269061583578 0.5466229838709677 0.17547195747800587 0.5491431451612903 0.1763883797653959 0.5500595674486803 0.1736391129032258
8 0.5379169721407624 0.18119959677419356 0.53631323313783 0.1853234970674487 0.5333348607038123 0.18784365835777128 0.5351677052785924 0.1915093475073314 0.5372296554252199 0.19265487536656895 0.53997892228739 0.19013471407624633 0.53997892228739 0.18601081378299122 0.5402080278592376 0.1828033357771261
8 0.5264616935483871 0.1917384530791789 0.5246288489736071 0.19494593108504402 0.5246288489736071 0.19952804252199413 0.5257743768328446 0.20411015395894427 0.5303564882697948 0.2050265762463343 0.5324184384164223 0.19998625366568917 0.5321893328445748 0.1951750366568915 0.5303564882697948 0.19311308651026393
8 0.5434155058651027 0.21258706011730205 0.5402080278592376 0.21556543255131966 0.5388333944281525 0.22037664956011732 0.5402080278592376 0.22450054985337245 0.5438737170087976 0.22381323313782991 0.5445610337243402 0.22083486070381234 0.5436446114369502 0.21716917155425222 0.5454774560117303 0.21464901026392963
8 0.5580782624633431 0.21281616568914957 0.5564745234604105 0.2167109604105572 0.5569327346041055 0.22083486070381234 0.5596820014662757 0.22037664956011732 0.5612857404692082 0.2169400659824047 0.5608275293255132 0.2139616935483871
8 0.4980526026392962 0.20204820381231672 0.49553244134897356 0.20640120967741934 0.49484512463343105 0.21189974340175954 0.4985108137829912 0.21281616568914957 0.5010309750733138 0.2105251099706745 0.5005727639296188 0.20640120967741934 0.5001145527859238 0.20411015395894427
8 0.5250870601173021 0.21189974340175954 0.5227960043988269 0.21533632697947214 0.5243997434017595 0.21991843841642228 0.5260034824046921 0.22198038856304986 0.5289818548387097 0.21877291055718479 0.5278363269794721 0.21556543255131966
8 0.5152355205278593 0.21235795454545453 0.5179847873900293 0.2176273826979472 0.5198176319648093 0.21304527126099707
8 0.6827116935483871 0.2231259164222874 0.680420637829912 0.22702071114369504 0.6824825879765396 0.23068640029325516 0.6859191715542522 0.22976997800586513 0.6866064882697948 0.22679160557184752
8 0.635286840175953 0.3750229105571848 0.6348286290322581 0.3800632331378299 0.6380361070381231 0.3821251832844575 0.6405562683284457 0.38097965542521994 0.6407853739002933 0.3770848607038123 0.6394107404692082 0.37479380498533726
8 0.5358550219941349 0.39518420087976536 0.5402080278592376 0.3919767228739003 0.5424990835777126 0.39632972873900296 0.54181176686217 0.3993081011730205 0.53814607771261 0.3983916788856305
8 0.5468520894428153 0.19402950879765396 0.5441028225806452 0.19723698680351906 0.5468520894428153 0.20067357038123168 0.5493722507331379 0.19700788123167157
8 0.6270390395894428 0.24145436217008798 0.6247479838709677 0.24557826246334313 0.6265808284457478 0.25038947947214074 0.6297883064516129 0.25038947947214074 0.6313920454545454 0.2471820014662757 0.6313920454545454 0.24443273460410558
8 0.5573909457478006 0.3757102272727273 0.5555581011730205 0.38120876099706746 0.557161840175953 0.3864781891495601 0.5608275293255132 0.38670729472140764 0.5624312683284457 0.38189607771260997 0.5622021627565983 0.3770848607038123
8 0.5239415322580645 0.29918896627565983 0.522337793255132 0.3069785557184751 0.5230251099706745 0.31247708944281527 0.5255452712609971 0.30972782258064513 0.5257743768328446 0.3046875
8 0.5134026759530792 0.22518786656891496 0.5140899926686217 0.22999908357771265 0.5150064149560117 0.2361849340175953 0.5193594208211143 0.23778867302052786 0.520963159824047 0.23022818914956011 0.5189012096774194 0.22633339442815253 0.5177556818181819 0.2231259164222874
8 0.5305855938416422 0.23664314516129034 0.5317311217008798 0.2327483504398827 0.5294400659824047 0.23068640029325516 0.5264616935483871 0.23389387829912023 0.5253161656891495 0.23939241202346043 0.5278363269794721 0.24282899560117302 0.5321893328445748 0.24214167888563048 0.5358550219941349 0.23847598973607037
8 0.5342512829912024 0.24557826246334313 0.5319602272727273 0.24924395161290325 0.5310438049853372 0.2542842741935484 0.5321893328445748 0.25840817448680353 0.5349385997067448 0.25932459677419356 0.5351677052785924 0.2561171187683285 0.536771444281525 0.2531387463343109 0.538604288856305 0.2508476906158358
8 0.5569327346041055 0.2494730571847507 0.5555581011730205 0.25222232404692085 0.5580782624633431 0.2554298020527859 0.5610566348973607 0.2524514296187683 0.5599111070381231 0.25038947947214074
8 0.6373487903225806 0.2641358137829912 0.6336831011730205 0.2643649193548387 0.6327666788856304 0.26871792521994137 0.6345995234604105 0.27215450879765396 0.6371196847507331 0.27352914222873903 0.6378070014662757 0.26871792521994137
8 0.6595720307917888 0.273070931085044 0.6561354472140762 0.27421645894428154 0.6563645527859238 0.2781112536656892 0.6588847140762464 0.28086052052785926 0.662321297653959 0.2797149926686217 0.6630086143695014 0.27559109237536655
8 0.6687362536656891 0.2327483504398827 0.6659869868035191 0.23481030058651026 0.6675907258064516 0.23847598973607037 0.6703399926686217 0.23847598973607037 0.6712564149560117 0.2357267228739003
8 0.6513242302052785 0.1921966642228739 0.648804068914956 0.1947168255131965 0.6478876466275659 0.1983825146627566 0.6494913856304986 0.20067357038123168 0.6508660190615836 0.1979243035190616 0.6517824413489736 0.19494593108504402 0.6533861803519062 0.19334219208211145
8 0.6224569281524927 0.23251924486803519 0.6208531891495601 0.2352685117302053 0.6219987170087976 0.2389342008797654 0.6249770894428153 0.23733046187683288 0.6254353005865102 0.23412298387096775
8 0.5441028225806452 0.2602410190615836 0.5415826612903226 0.2609283357771261 0.5415826612903226 0.2639067082111437 0.5445610337243402 0.26573955278592376 0.5468520894428153 0.2643649193548387 0.5468520894428153 0.26230296920821117
8 0.5287527492668621 0.27513288123167157 0.5253161656891495 0.2790276759530792 0.5264616935483871 0.2824642595307918 0.5312729105571847 0.2831515762463343 0.5321893328445748 0.2799440982404692 0.5317311217008798 0.2776530425219942
8 0.6769840542521994 0.2639067082111437 0.6746929985337243 0.2680306085043988 0.6756094208211143 0.2733000366568915 0.6806497434017595 0.27375824780058655 0.6811079545454545 0.2680306085043988 0.681795271260997 0.2639067082111437
8 0.6691944648093842 0.3072076612903226 0.6673616202346041 0.30995692815249265 0.6691944648093842 0.31270619501466274 0.6721728372434017 0.31178977272727276 0.6724019428152492 0.30949871700879766
8 0.6444510630498533 0.3376787023460411 0.6414726906158358 0.34019886363636365 0.6423891129032258 0.3456973973607038 0.646054802052786 0.34730113636363635 0.6492622800586509 0.3440936583577713 0.6492622800586509 0.34088618035190615 0.646971224340176 0.3392824413489736
8 0.6121471774193548 0.38808192815249265 0.6098561217008798 0.39106030058651026 0.6105434384164223 0.39518420087976536 0.61443823313783 0.3942677785923754 0.6146673387096774 0.39060208944281527
8 0.5596820014662757 0.25863728005865105 0.557161840175953 0.2613865469208211 0.5594528958944281 0.2652813416422287 0.5622021627565983 0.26573955278592376 0.5631185850439883 0.2629902859237537 0.5617439516129032 0.2609283357771261
8 0.5175265762463342 0.1736391129032258 0.5175265762463342 0.18074138563049855 0.5168392595307918 0.1885309750733138 0.5156937316715543 0.19311308651026393 0.5117989369501467 0.18944739736070382 0.5106534090909091 0.19563324780058652 0.509278775659824 0.1921966642228739 0.5081332478005864 0.18830186950146627 0.5069877199413491 0.19059292521994137 0.507904142228739 0.19563324780058652 0.5095078812316716 0.19929893695014664 0.511569831378299 0.19861162023460413 0.5147773093841642 0.19906983137829912 0.5184429985337243 0.19906983137829912 0.5205049486803519 0.19288398093841644 0.5200467375366569 0.18623991935483872 0.5205049486803519 0.17455553519061584
8 0.5081332478005864 0.21075421554252202 0.5063004032258065 0.21281616568914957 0.5069877199413491 0.21602364369501464 0.5099660923753666 0.21533632697947214 0.5106534090909091 0.2132743768328446
8 0.5885493035190617 0.19654967008797655 0.5848836143695014 0.20113178152492667 0.584196297653959 0.20571389296187684 0.585570931085044 0.20823405425219943 0.5899239369501467 0.2080049486803519 0.5912985703812317 0.20456836510263932 0.5919858870967742 0.2009026759530792 0.5899239369501467 0.19998625366568917
8 0.6132927052785924 0.13766953812316718 0.6098561217008798 0.13583669354838712 0.6071068548387097 0.13583669354838712 0.6082523826979471 0.13973148826979473 0.6123762829912024 0.14293896627565983 0.61443823313783 0.14248075513196484
8 0.6481167521994136 0.26207386363636365 0.6446801686217009 0.26207386363636365 0.6449092741935484 0.2645940249266862 0.6476585410557185 0.26848881964809385 0.6494913856304986 0.27009255865102644 0.650178702346041 0.2661977639296188 0.6508660190615836 0.2625320747800587
8 0.6444510630498533 0.2705507697947214 0.6410144794721407 0.2746746700879766 0.6410144794721407 0.2799440982404692 0.6419309017595307 0.2838388929618768 0.6451383797653959 0.2833806818181818 0.6462839076246334 0.2801732038123167 0.6465130131964809 0.2765075146627566 0.6458256964809383 0.27352914222873903
8 0.6462839076246334 0.29323222140762467 0.6442219574780059 0.2962105938416423 0.6444510630498533 0.30079270527859236 0.6451383797653959 0.3040001832844575 0.6481167521994136 0.3017091275659824 0.6499495967741935 0.29918896627565983 0.6485749633431085 0.29666880498533726
8 0.5754902859237536 0.25588801319648097 0.5743447580645161 0.2602410190615836 0.5750320747800586 0.2659686583577713 0.5764067082111437 0.2698634530791789 0.5796141862170088 0.26573955278592376 0.5819052419354839 0.2602410190615836 0.5789268695014662 0.258179068914956
8 0.5633476906158358 0.24214167888563048 0.5633476906158358 0.2451200513196481 0.5672424853372434 0.24557826246334313 0.5695335410557185 0.24282899560117302 0.5690753299120235 0.24007972873900293 0.5658678519061583 0.2398506231671554
8 0.567929802052786 0.17020252932551322 0.5649514296187683 0.1768465909090909 0.5642641129032258 0.18165780791788858 0.5667842741935484 0.1853234970674487 0.5697626466275659 0.18028317448680353 0.5711372800586509 0.17478464076246336 0.5729701246334311 0.17134805718475074
8 0.5837380865102639 0.1385859604105572 0.5791559750733138 0.1415643328445748 0.5786977639296188 0.1447718108504399 0.5816761363636364 0.14843750000000003 0.585570931085044 0.1482083944281525 0.587403775659824 0.1445427052785924 0.586945564516129 0.1420225439882698
8 0.6068777492668621 0.18692723607038125 0.6043575879765396 0.19036381964809385 0.6045866935483871 0.19425861436950148 0.6082523826979471 0.1951750366568915 0.6105434384164223 0.19288398093841644 0.6105434384164223 0.18990560850439883
8 0.6387234237536656 0.14660465542521997 0.6371196847507331 0.15004123900293256 0.6371196847507331 0.1539360337243402 0.6400980571847508 0.15645619501466276 0.6433055351906158 0.15576887829912026 0.6439928519061583 0.15210318914956014 0.6426182184750733 0.14912481671554254
8 0.5500595674486803 0.21235795454545453 0.5475394061583578 0.21625274926686217 0.5463938782991202 0.22060575513196481 0.5468520894428153 0.22518786656891496 0.5507468841642229 0.22564607771260997 0.5541834677419355 0.22450054985337245 0.5555581011730205 0.22198038856304986 0.554412573313783 0.21831469941348974 0.5550998900293255 0.21419079912023462
8 0.6442219574780059 0.21854380498533726 0.6419309017595307 0.22175128299120236 0.6417017961876833 0.2265625 0.6423891129032258 0.23045729472140764 0.6462839076246334 0.22862445014662755 0.646054802052786 0.2258751832844575 0.6442219574780059 0.22404233870967744
8 0.649720491202346 0.21923112170087977 0.6494913856304986 0.2231259164222874 0.6492622800586509 0.2272498167155425 0.649720491202346 0.23068640029325516 0.6526988636363636 0.22862445014662755 0.6526988636363636 0.22518786656891496 0.6536152859237536 0.22266770527859236
8 0.5172974706744868 0.3580690982404692 0.5156937316715543 0.3617347873900293 0.5189012096774194 0.3628803152492669 0.5216504765395895 0.36219299853372433 0.5232542155425219 0.3599019428152493 0.5216504765395895 0.3585273093841642
9 0.5282998251748252 0.15734265734265734 0.5211975524475525 0.16499125874125875 0.5244755244755245 0.1710008741258741 0.5288461538461539 0.16936188811188813 0.5326704545454546 0.1731861888111888 0.5348557692307693 0.16553758741258742 0.5364947552447552 0.16171328671328672 0.5364947552447552 0.15133304195804195
9 0.5516633064516129 0.14064791055718479 0.5473103005865102 0.14591733870967744 0.5523506231671554 0.14958302785923755 0.5532670454545454 0.14614644428152496
9 0.5622021627565983 0.14087701612903228 0.5573909457478006 0.1443135997067449 0.5564745234604105 0.14889571114369501 0.5619730571847508 0.14981213343108507
9 0.5628894794721407 0.1541651392961877 0.5626603739002933 0.15920546187683288 0.5674715909090909 0.15599798387096775 0.5690753299120235 0.15370692815249268 0.5677006964809383 0.15164497800586513
9 0.5901530425219941 0.164245784457478 0.586945564516129 0.16859879032258066 0.587403775659824 0.17157716275659823 0.584654508797654 0.17409732404692085 0.585570931085044 0.17867943548387097 0.5892366202346041 0.18165780791788858 0.5922149926686217 0.1793667521994135 0.5938187316715543 0.17455553519061584 0.5938187316715543 0.17088984604105573 0.5970262096774194 0.1692861070381232 0.5956515762463342 0.1665368401759531 0.5929023093841642 0.162871151026393
9 0.6213114002932552 0.14064791055718479 0.619478555718475 0.14545912756598242 0.6210822947214076 0.15027034457478008 0.6242897727272727 0.14935392228739003 0.6245188782991202 0.14545912756598242
9 0.6252061950146628 0.15508156158357772 0.6222278225806452 0.15966367302052786 0.6217696114369502 0.16584952346041057 0.6219987170087976 0.17157716275659823 0.6233733504398826 0.17547195747800587 0.6263517228739003 0.17409732404692085 0.6281845674486803 0.17111895161290325 0.6302465175953079 0.17524285190615838 0.632537573313783 0.1731809017595308 0.6316211510263929 0.16905700146627567 0.632537573313783 0.16516220674486806 0.6316211510263929 0.16264204545454547 0.6295592008797655 0.16172562316715544 0.6274972507331379 0.16241293988269795 0.6256644061583578 0.16172562316715544 0.6258935117302052 0.15989277859237538 0.6284136730205279 0.15943456744868037
9 0.6341413123167156 0.17547195747800587 0.6341413123167156 0.17959585777126102 0.6371196847507331 0.18165780791788858 0.6380361070381231 0.17959585777126102 0.6405562683284457 0.17730480205278593 0.6366614736070381 0.17661748533724342
9 0.6375778958944281 0.16264204545454547 0.6366614736070381 0.16951521260997068 0.6387234237536656 0.1722644794721408 0.6412435850439883 0.16951521260997068 0.6412435850439883 0.16584952346041057 0.6407853739002933 0.1635584677419355
9 0.6449092741935484 0.1763883797653959 0.6444510630498533 0.17982496334310852 0.6472003299120235 0.18165780791788858 0.6467421187683284 0.18486528592375367 0.647429435483871 0.18784365835777128 0.6520115469208212 0.18715634164222877 0.6533861803519062 0.1828033357771261 0.6524697580645161 0.17959585777126102 0.6506369134897361 0.17661748533724342 0.648345857771261 0.1757010630498534
9 0.6630086143695014 0.18417796920821117 0.6620921920821115 0.19013471407624633 0.6620921920821115 0.19906983137829912 0.662779508797654 0.20479747067448684 0.666445197947214 0.20296462609970675 0.6673616202346041 0.19884072580645162 0.667819831378299 0.1951750366568915 0.6691944648093842 0.19036381964809385 0.6680489369501467 0.18669813049853373 0.6652996700879765 0.1850943914956012
9 0.6552190249266862 0.20571389296187684 0.6529279692082112 0.20823405425219943 0.6536152859237536 0.21235795454545453 0.6570518695014662 0.21212884897360706 0.6579682917888563 0.20823405425219943
9 0.6721728372434017 0.2132743768328446 0.6701108870967742 0.21602364369501464 0.6694235703812317 0.22060575513196481 0.6707982038123167 0.22541697214076248 0.6751512096774193 0.22472965542521997 0.6758385263929619 0.21991843841642228 0.6751512096774193 0.21625274926686217
9 0.6272681451612903 0.18807276392961877 0.6272681451612903 0.195404142228739 0.6297883064516129 0.19929893695014664 0.6316211510263929 0.19700788123167157 0.6313920454545454 0.1915093475073314 0.6311629398826979 0.18761455278592376
9 0.6373487903225806 0.1855526026392962 0.6355159457478006 0.1887600806451613 0.6364323680351907 0.19242576979472142 0.6389525293255132 0.19242576979472142 0.6400980571847508 0.18921829178885632 0.6398689516129032 0.18921829178885632
9 0.6284136730205279 0.20319373167155427 0.6281845674486803 0.20777584310850444 0.6293300953079178 0.21189974340175954 0.6343704178885631 0.21167063782991202 0.6336831011730205 0.20777584310850444 0.6318502565982405 0.20479747067448684
9 0.61443823313783 0.20067357038123168 0.6151255498533724 0.20892137096774194 0.6171875 0.21258706011730205 0.6210822947214076 0.21075421554252202 0.6222278225806452 0.20754673753665692 0.6217696114369502 0.2036519428152493 0.6197076612903226 0.20204820381231672 0.6178748167155426 0.20044446480938416
9 0.6233733504398826 0.21785648826979473 0.6215405058651027 0.2201475439882698 0.6229151392961877 0.22472965542521997 0.6242897727272727 0.22839534457478008 0.6261226173020528 0.23068640029325516 0.6281845674486803 0.2293117668621701 0.6281845674486803 0.22518786656891496 0.6281845674486803 0.22198038856304986 0.6268099340175952 0.2201475439882698
9 0.6584265029325513 0.22793713343108504 0.6559063416422287 0.23412298387096775 0.6595720307917888 0.23847598973607037 0.6611757697947214 0.23412298387096775 0.6616339809384164 0.23068640029325516
9 0.5562454178885631 0.15645619501466276 0.5537252565982405 0.15943456744868037 0.5548707844574781 0.16241293988269795 0.5576200513196481 0.16149651759530795 0.5576200513196481 0.15874725073313783
9 0.5534961510263929 0.1759301686217009 0.5516633064516129 0.1789085410557185 0.5514342008797655 0.18417796920821117 0.5528088343108505 0.1887600806451613 0.5573909457478006 0.1855526026392962 0.5578491568914956 0.18097049120234604 0.5580782624633431 0.17730480205278593 0.557161840175953 0.17478464076246336
9 0.5764067082111437 0.18165780791788858 0.5741156524926686 0.18692723607038125 0.5738865469208212 0.1921966642228739 0.5748029692082112 0.19632056451612906 0.5754902859237536 0.19929893695014664 0.5800723973607038 0.19952804252199413 0.5816761363636364 0.19723698680351906 0.5812179252199414 0.1917384530791789 0.5803015029325513 0.18715634164222877 0.5793850806451613 0.1825742302052786
9 0.5912985703812317 0.2164818548387097 0.5910694648093842 0.2135034824046921 0.588320197947214 0.21235795454545453 0.5858000366568915 0.21441990469208214 0.5853418255131965 0.21854380498533726 0.586945564516129 0.22106396627565986 0.5880910923753666 0.22450054985337245 0.5924440982404693 0.22541697214076248 0.5951933651026393 0.22335502199413493 0.5956515762463342 0.21968933284457481 0.5945060483870968 0.21716917155425222
9 0.5631185850439883 0.20113178152492667 0.5622021627565983 0.2073176319648094 0.5615148460410557 0.2139616935483871 0.5631185850439883 0.22152217741935484 0.5674715909090909 0.21877291055718479 0.5695335410557185 0.21304527126099707 0.5695335410557185 0.20640120967741934 0.5677006964809383 0.20342283724340177 0.5654096407624634 0.20227730938416424
9 0.5585364736070381 0.19563324780058652 0.5569327346041055 0.19906983137829912 0.5573909457478006 0.2036519428152493 0.5596820014662757 0.2038810483870968 0.5619730571847508 0.19975714809384165 0.5626603739002933 0.19632056451612906 0.5617439516129032 0.19402950879765396
9 0.6130635997067448 0.18142870234604108 0.6116889662756598 0.1864690249266862 0.6130635997067448 0.18990560850439883 0.6151255498533724 0.18761455278592376 0.6151255498533724 0.18417796920821117
9 0.6270390395894428 0.17524285190615838 0.6247479838709677 0.17913764662756598 0.6254353005865102 0.18349065249266863 0.6274972507331379 0.18601081378299122 0.6311629398826979 0.1850943914956012 0.6300174120234604 0.1818869134897361 0.6281845674486803 0.18005406891495604 0.6302465175953079 0.17867943548387097
9 0.537687866568915 0.16699505131964812 0.5358550219941349 0.1761592741935484 0.5379169721407624 0.17822122434017598 0.5408953445747801 0.17501374633431085 0.5411244501466276 0.17180626832844575
9 0.5482267228739003 0.17088984604105573 0.5452483504398826 0.17272269061583578 0.5466229838709677 0.17547195747800587 0.5491431451612903 0.1763883797653959 0.5500595674486803 0.1736391129032258
9 0.5379169721407624 0.18119959677419356 0.53631323313783 0.1853234970674487 0.5333348607038123 0.18784365835777128 0.5351677052785924 0.1915093475073314 0.5372296554252199 0.19265487536656895 0.53997892228739 0.19013471407624633 0.53997892228739 0.18601081378299122 0.5402080278592376 0.1828033357771261
9 0.5264616935483871 0.1917384530791789 0.5246288489736071 0.19494593108504402 0.5246288489736071 0.19952804252199413 0.5257743768328446 0.20411015395894427 0.5303564882697948 0.2050265762463343 0.5324184384164223 0.19998625366568917 0.5321893328445748 0.1951750366568915 0.5303564882697948 0.19311308651026393
9 0.5434155058651027 0.21258706011730205 0.5402080278592376 0.21556543255131966 0.5388333944281525 0.22037664956011732 0.5402080278592376 0.22450054985337245 0.5438737170087976 0.22381323313782991 0.5445610337243402 0.22083486070381234 0.5436446114369502 0.21716917155425222 0.5454774560117303 0.21464901026392963
9 0.5580782624633431 0.21281616568914957 0.5564745234604105 0.2167109604105572 0.5569327346041055 0.22083486070381234 0.5596820014662757 0.22037664956011732 0.5612857404692082 0.2169400659824047 0.5608275293255132 0.2139616935483871
9 0.4980526026392962 0.20204820381231672 0.49553244134897356 0.20640120967741934 0.49484512463343105 0.21189974340175954 0.4985108137829912 0.21281616568914957 0.5010309750733138 0.2105251099706745 0.5005727639296188 0.20640120967741934 0.5001145527859238 0.20411015395894427
9 0.5250870601173021 0.21189974340175954 0.5227960043988269 0.21533632697947214 0.5243997434017595 0.21991843841642228 0.5260034824046921 0.22198038856304986 0.5289818548387097 0.21877291055718479 0.5278363269794721 0.21556543255131966
9 0.5152355205278593 0.21235795454545453 0.5179847873900293 0.2176273826979472 0.5198176319648093 0.21304527126099707
9 0.6827116935483871 0.2231259164222874 0.680420637829912 0.22702071114369504 0.6824825879765396 0.23068640029325516 0.6859191715542522 0.22976997800586513 0.6866064882697948 0.22679160557184752
9 0.635286840175953 0.3750229105571848 0.6348286290322581 0.3800632331378299 0.6380361070381231 0.3821251832844575 0.6405562683284457 0.38097965542521994 0.6407853739002933 0.3770848607038123 0.6394107404692082 0.37479380498533726
9 0.5358550219941349 0.39518420087976536 0.5402080278592376 0.3919767228739003 0.5424990835777126 0.39632972873900296 0.54181176686217 0.3993081011730205 0.53814607771261 0.3983916788856305
9 0.5468520894428153 0.19402950879765396 0.5441028225806452 0.19723698680351906 0.5468520894428153 0.20067357038123168 0.5493722507331379 0.19700788123167157
9 0.6270390395894428 0.24145436217008798 0.6247479838709677 0.24557826246334313 0.6265808284457478 0.25038947947214074 0.6297883064516129 0.25038947947214074 0.6313920454545454 0.2471820014662757 0.6313920454545454 0.24443273460410558
9 0.5573909457478006 0.3757102272727273 0.5555581011730205 0.38120876099706746 0.557161840175953 0.3864781891495601 0.5608275293255132 0.38670729472140764 0.5624312683284457 0.38189607771260997 0.5622021627565983 0.3770848607038123
9 0.5239415322580645 0.29918896627565983 0.522337793255132 0.3069785557184751 0.5230251099706745 0.31247708944281527 0.5255452712609971 0.30972782258064513 0.5257743768328446 0.3046875
9 0.5134026759530792 0.22518786656891496 0.5140899926686217 0.22999908357771265 0.5150064149560117 0.2361849340175953 0.5193594208211143 0.23778867302052786 0.520963159824047 0.23022818914956011 0.5189012096774194 0.22633339442815253 0.5177556818181819 0.2231259164222874
9 0.5305855938416422 0.23664314516129034 0.5317311217008798 0.2327483504398827 0.5294400659824047 0.23068640029325516 0.5264616935483871 0.23389387829912023 0.5253161656891495 0.23939241202346043 0.5278363269794721 0.24282899560117302 0.5321893328445748 0.24214167888563048 0.5358550219941349 0.23847598973607037
9 0.5342512829912024 0.24557826246334313 0.5319602272727273 0.24924395161290325 0.5310438049853372 0.2542842741935484 0.5321893328445748 0.25840817448680353 0.5349385997067448 0.25932459677419356 0.5351677052785924 0.2561171187683285 0.536771444281525 0.2531387463343109 0.538604288856305 0.2508476906158358
9 0.5569327346041055 0.2494730571847507 0.5555581011730205 0.25222232404692085 0.5580782624633431 0.2554298020527859 0.5610566348973607 0.2524514296187683 0.5599111070381231 0.25038947947214074
9 0.6373487903225806 0.2641358137829912 0.6336831011730205 0.2643649193548387 0.6327666788856304 0.26871792521994137 0.6345995234604105 0.27215450879765396 0.6371196847507331 0.27352914222873903 0.6378070014662757 0.26871792521994137
9 0.6595720307917888 0.273070931085044 0.6561354472140762 0.27421645894428154 0.6563645527859238 0.2781112536656892 0.6588847140762464 0.28086052052785926 0.662321297653959 0.2797149926686217 0.6630086143695014 0.27559109237536655
9 0.6687362536656891 0.2327483504398827 0.6659869868035191 0.23481030058651026 0.6675907258064516 0.23847598973607037 0.6703399926686217 0.23847598973607037 0.6712564149560117 0.2357267228739003
9 0.6513242302052785 0.1921966642228739 0.648804068914956 0.1947168255131965 0.6478876466275659 0.1983825146627566 0.6494913856304986 0.20067357038123168 0.6508660190615836 0.1979243035190616 0.6517824413489736 0.19494593108504402 0.6533861803519062 0.19334219208211145
9 0.6224569281524927 0.23251924486803519 0.6208531891495601 0.2352685117302053 0.6219987170087976 0.2389342008797654 0.6249770894428153 0.23733046187683288 0.6254353005865102 0.23412298387096775
9 0.5441028225806452 0.2602410190615836 0.5415826612903226 0.2609283357771261 0.5415826612903226 0.2639067082111437 0.5445610337243402 0.26573955278592376 0.5468520894428153 0.2643649193548387 0.5468520894428153 0.26230296920821117
9 0.5287527492668621 0.27513288123167157 0.5253161656891495 0.2790276759530792 0.5264616935483871 0.2824642595307918 0.5312729105571847 0.2831515762463343 0.5321893328445748 0.2799440982404692 0.5317311217008798 0.2776530425219942
9 0.6769840542521994 0.2639067082111437 0.6746929985337243 0.2680306085043988 0.6756094208211143 0.2733000366568915 0.6806497434017595 0.27375824780058655 0.6811079545454545 0.2680306085043988 0.681795271260997 0.2639067082111437
9 0.6691944648093842 0.3072076612903226 0.6673616202346041 0.30995692815249265 0.6691944648093842 0.31270619501466274 0.6721728372434017 0.31178977272727276 0.6724019428152492 0.30949871700879766
9 0.6444510630498533 0.3376787023460411 0.6414726906158358 0.34019886363636365 0.6423891129032258 0.3456973973607038 0.646054802052786 0.34730113636363635 0.6492622800586509 0.3440936583577713 0.6492622800586509 0.34088618035190615 0.646971224340176 0.3392824413489736
9 0.6121471774193548 0.38808192815249265 0.6098561217008798 0.39106030058651026 0.6105434384164223 0.39518420087976536 0.61443823313783 0.3942677785923754 0.6146673387096774 0.39060208944281527
9 0.5596820014662757 0.25863728005865105 0.557161840175953 0.2613865469208211 0.5594528958944281 0.2652813416422287 0.5622021627565983 0.26573955278592376 0.5631185850439883 0.2629902859237537 0.5617439516129032 0.2609283357771261
9 0.5175265762463342 0.1736391129032258 0.5175265762463342 0.18074138563049855 0.5168392595307918 0.1885309750733138 0.5156937316715543 0.19311308651026393 0.5117989369501467 0.18944739736070382 0.5106534090909091 0.19563324780058652 0.509278775659824 0.1921966642228739 0.5081332478005864 0.18830186950146627 0.5069877199413491 0.19059292521994137 0.507904142228739 0.19563324780058652 0.5095078812316716 0.19929893695014664 0.511569831378299 0.19861162023460413 0.5147773093841642 0.19906983137829912 0.5184429985337243 0.19906983137829912 0.5205049486803519 0.19288398093841644 0.5200467375366569 0.18623991935483872 0.5205049486803519 0.17455553519061584
9 0.5081332478005864 0.21075421554252202 0.5063004032258065 0.21281616568914957 0.5069877199413491 0.21602364369501464 0.5099660923753666 0.21533632697947214 0.5106534090909091 0.2132743768328446
9 0.5885493035190617 0.19654967008797655 0.5848836143695014 0.20113178152492667 0.584196297653959 0.20571389296187684 0.585570931085044 0.20823405425219943 0.5899239369501467 0.2080049486803519 0.5912985703812317 0.20456836510263932 0.5919858870967742 0.2009026759530792 0.5899239369501467 0.19998625366568917
9 0.6132927052785924 0.13766953812316718 0.6098561217008798 0.13583669354838712 0.6071068548387097 0.13583669354838712 0.6082523826979471 0.13973148826979473 0.6123762829912024 0.14293896627565983 0.61443823313783 0.14248075513196484
9 0.6481167521994136 0.26207386363636365 0.6446801686217009 0.26207386363636365 0.6449092741935484 0.2645940249266862 0.6476585410557185 0.26848881964809385 0.6494913856304986 0.27009255865102644 0.650178702346041 0.2661977639296188 0.6508660190615836 0.2625320747800587
9 0.6444510630498533 0.2705507697947214 0.6410144794721407 0.2746746700879766 0.6410144794721407 0.2799440982404692 0.6419309017595307 0.2838388929618768 0.6451383797653959 0.2833806818181818 0.6462839076246334 0.2801732038123167 0.6465130131964809 0.2765075146627566 0.6458256964809383 0.27352914222873903
9 0.6462839076246334 0.29323222140762467 0.6442219574780059 0.2962105938416423 0.6444510630498533 0.30079270527859236 0.6451383797653959 0.3040001832844575 0.6481167521994136 0.3017091275659824 0.6499495967741935 0.29918896627565983 0.6485749633431085 0.29666880498533726
9 0.5754902859237536 0.25588801319648097 0.5743447580645161 0.2602410190615836 0.5750320747800586 0.2659686583577713 0.5764067082111437 0.2698634530791789 0.5796141862170088 0.26573955278592376 0.5819052419354839 0.2602410190615836 0.5789268695014662 0.258179068914956
9 0.5633476906158358 0.24214167888563048 0.5633476906158358 0.2451200513196481 0.5672424853372434 0.24557826246334313 0.5695335410557185 0.24282899560117302 0.5690753299120235 0.24007972873900293 0.5658678519061583 0.2398506231671554
9 0.567929802052786 0.17020252932551322 0.5649514296187683 0.1768465909090909 0.5642641129032258 0.18165780791788858 0.5667842741935484 0.1853234970674487 0.5697626466275659 0.18028317448680353 0.5711372800586509 0.17478464076246336 0.5729701246334311 0.17134805718475074
9 0.5837380865102639 0.1385859604105572 0.5791559750733138 0.1415643328445748 0.5786977639296188 0.1447718108504399 0.5816761363636364 0.14843750000000003 0.585570931085044 0.1482083944281525 0.587403775659824 0.1445427052785924 0.586945564516129 0.1420225439882698
9 0.6068777492668621 0.18692723607038125 0.6043575879765396 0.19036381964809385 0.6045866935483871 0.19425861436950148 0.6082523826979471 0.1951750366568915 0.6105434384164223 0.19288398093841644 0.6105434384164223 0.18990560850439883
9 0.6387234237536656 0.14660465542521997 0.6371196847507331 0.15004123900293256 0.6371196847507331 0.1539360337243402 0.6400980571847508 0.15645619501466276 0.6433055351906158 0.15576887829912026 0.6439928519061583 0.15210318914956014 0.6426182184750733 0.14912481671554254
9 0.5500595674486803 0.21235795454545453 0.5475394061583578 0.21625274926686217 0.5463938782991202 0.22060575513196481 0.5468520894428153 0.22518786656891496 0.5507468841642229 0.22564607771260997 0.5541834677419355 0.22450054985337245 0.5555581011730205 0.22198038856304986 0.554412573313783 0.21831469941348974 0.5550998900293255 0.21419079912023462
9 0.6442219574780059 0.21854380498533726 0.6419309017595307 0.22175128299120236 0.6417017961876833 0.2265625 0.6423891129032258 0.23045729472140764 0.6462839076246334 0.22862445014662755 0.646054802052786 0.2258751832844575 0.6442219574780059 0.22404233870967744
9 0.649720491202346 0.21923112170087977 0.6494913856304986 0.2231259164222874 0.6492622800586509 0.2272498167155425 0.649720491202346 0.23068640029325516 0.6526988636363636 0.22862445014662755 0.6526988636363636 0.22518786656891496 0.6536152859237536 0.22266770527859236
9 0.5172974706744868 0.3580690982404692 0.5156937316715543 0.3617347873900293 0.5189012096774194 0.3628803152492669 0.5216504765395895 0.36219299853372433 0.5232542155425219 0.3599019428152493 0.5216504765395895 0.3585273093841642
