8 0.4019396551724137 0.514008620689655 0.40104166666666663 0.5174209770114941 0.4033764367816091 0.5197557471264367 0.4062499999999999 0.5188577586206896 0.4066091954022988 0.5161637931034482 0.4049928160919539 0.5145474137931034
8 0.38487787356321834 0.5001795977011494 0.38344109195402293 0.5030531609195401 0.38433908045977005 0.5053879310344828 0.386853448275862 0.5048491379310345 0.3872126436781609 0.5028735632183907
8 0.41397270114942525 0.5195761494252873 0.41361350574712635 0.5233477011494252 0.41558908045977005 0.5251436781609196 0.41738505747126436 0.5244252873563218 0.41774425287356315 0.5210129310344827 0.416846264367816 0.5188577586206896
8 0.45546875 0.49437499999999995 0.45390625 0.49671875 0.45499999999999996 0.49890625 0.45765625 0.499375 0.45859375 0.49671875 0.4578125 0.495
8 0.45484375000000005 0.50328125 0.4525 0.505 0.453125 0.5081249999999999 0.45546875 0.5078125 0.4565625 0.50578125
8 0.460625 0.45999999999999996 0.45859375 0.45890624999999996 0.45734375 0.46125 0.45843749999999994 0.46328125 0.46203125 0.4640625
8 0.42125 0.51265625 0.42015624999999995 0.5146875 0.42078125 0.5171875 0.4225 0.5178125 0.42390625000000004 0.515625 0.42359375000000005 0.51359375
8 0.39328124999999997 0.52453125 0.39171875 0.52609375 0.39187500000000003 0.5298437500000001 0.39437500000000003 0.5298437500000001 0.39546875 0.5278125 0.39468749999999997 0.52640625
8 0.53046875 0.53578125 0.5321875 0.538125 0.53515625 0.538125 0.5354687499999999 0.53671875 0.53328125 0.53515625
8 0.5482812499999999 0.53078125 0.5467187499999999 0.5326562499999999 0.5478125 0.53453125 0.5503125 0.5340625 0.5506249999999999 0.5325
8 0.53234375 0.5650000000000001 0.5296875 0.56578125 0.529375 0.5684375 0.530625 0.5704687500000001 0.53359375 0.56953125 0.5346875 0.5671875
8 0.5015625 0.5209374999999999 0.49984375 0.5231250000000001 0.50125 0.52515625 0.5035937500000001 0.52515625 0.5034375 0.5234375
8 0.55859375 0.48343749999999996 0.55671875 0.48453125 0.556875 0.48671875 0.5590625 0.48734374999999996 0.5603125 0.4859375
8 0.44421875 0.41500000000000004 0.44546875 0.41859375 0.44828124999999996 0.41921875000000003 0.45046875000000003 0.4171875 0.45046875000000003 0.414375
9 0.4019396551724137 0.514008620689655 0.40104166666666663 0.5174209770114941 0.4033764367816091 0.5197557471264367 0.4062499999999999 0.5188577586206896 0.4066091954022988 0.5161637931034482 0.4049928160919539 0.5145474137931034
9 0.38487787356321834 0.5001795977011494 0.38344109195402293 0.5030531609195401 0.38433908045977005 0.5053879310344828 0.386853448275862 0.5048491379310345 0.3872126436781609 0.5028735632183907
9 0.41397270114942525 0.5195761494252873 0.41361350574712635 0.5233477011494252 0.41558908045977005 0.5251436781609196 0.41738505747126436 0.5244252873563218 0.41774425287356315 0.5210129310344827 0.416846264367816 0.5188577586206896
9 0.45546875 0.49437499999999995 0.45390625 0.49671875 0.45499999999999996 0.49890625 0.45765625 0.499375 0.45859375 0.49671875 0.4578125 0.495
9 0.45484375000000005 0.50328125 0.4525 0.505 0.453125 0.5081249999999999 0.45546875 0.5078125 0.4565625 0.50578125
9 0.460625 0.45999999999999996 0.45859375 0.45890624999999996 0.45734375 0.46125 0.45843749999999994 0.46328125 0.46203125 0.4640625
9 0.42125 0.51265625 0.42015624999999995 0.5146875 0.42078125 0.5171875 0.4225 0.5178125 0.42390625000000004 0.515625 0.42359375000000005 0.51359375
9 0.39328124999999997 0.52453125 0.39171875 0.52609375 0.39187500000000003 0.5298437500000001 0.39437500000000003 0.5298437500000001 0.39546875 0.5278125 0.39468749999999997 0.52640625
9 0.53046875 0.53578125 0.5321875 0.538125 0.53515625 0.538125 0.5354687499999999 0.53671875 0.53328125 0.53515625
9 0.5482812499999999 0.53078125 0.5467187499999999 0.5326562499999999 0.5478125 0.53453125 0.5503125 0.5340625 0.5506249999999999 0.5325
9 0.53234375 0.5650000000000001 0.5296875 0.56578125 0.529375 0.5684375 0.530625 0.5704687500000001 0.53359375 0.56953125 0.5346875 0.5671875
9 0.5015625 0.5209374999999999 0.49984375 0.5231250000000001 0.50125 0.52515625 0.5035937500000001 0.52515625 0.5034375 0.5234375
9 0.55859375 0.48343749999999996 0.55671875 0.48453125 0.556875 0.48671875 0.5590625 0.48734374999999996 0.5603125 0.4859375
9 0.44421875 0.41500000000000004 0.44546875 0.41859375 0.44828124999999996 0.41921875000000003 0.45046875000000003 0.4171875 0.45046875000000003 0.414375
