8 0.4436696308617491 0.5542367750561287 0.4414304906915744 0.5581354015929328 0.4430298765274135 0.5611167042387244 0.44846778836926626 0.5592820564566988 0.4494274198707696 0.555842091865401 0.44718827970059505 0.5540074440833755
8 0.5463502015226153 0.5507968104648309 0.5421917983494339 0.5514848033830905 0.540272535346427 0.5537781131106223 0.5415520440150983 0.5563007538109074 0.5444309385196086 0.5563007538109074 0.5466700786897831 0.5544661060288819 0.5495489731942934 0.5530901201923628
8 0.515322116307338 0.5521727963013501 0.5169215021431771 0.5572180777019201 0.5204401509820229 0.5585940635384392 0.5223594139850297 0.5551540989471414 0.5277973258268825 0.5533194511651159 0.5274774486597147 0.5498794865738181 0.5242786769880367 0.5494208246283118 0.5233190454865332 0.5521727963013501
8 0.5261293004473653 0.37707251514605344 0.5231600617601647 0.37778209835107046 0.5231600617601647 0.3807623478121421 0.5287026406429391 0.3810461810941489 0.5310780315926996 0.37991084796612157 0.5308800823468863 0.3774982650690637 0.5287026406429391 0.37593718201802623
8 0.6498475790807238 0.3564946022005594 0.6526188685221109 0.35904910173862076 0.6561819549467517 0.35819760189260025 0.6567758026841918 0.3564946022005594 0.6545983609802446 0.35550118571353556
8 0.5435488340789422 0.39481209527147937 0.545528326537076 0.39708276152753397 0.5488934637159032 0.3982180946555612 0.5518627024031039 0.39552167847649644 0.5496852606991567 0.39396059542545897
8 0.585909972683004 0.3662868504297945 0.5861079219288174 0.3698347664548797 0.5888792113702047 0.3721054327109342 0.5926402470406588 0.3712539328649138 0.5965992319569262 0.3689832666088592 0.5960053842194861 0.367138350275815 0.5920463993032187 0.3679898501218354 0.5898689575992716 0.3675641001988252 0.5896710083534582 0.3658611005067843
8 0.3717018009214016 0.4011049779054463 0.3689096747172972 0.4043578567031823 0.3769370375540974 0.40510852104112133 0.37938014798268876 0.40260630658132446
8 0.4879240541672484 0.4011049779054463 0.48652799106519606 0.40510852104112133 0.4938573223509703 0.40510852104112133 0.4914142119223789 0.4018556422433853
8 0.36297640653357527 0.41486715743432934 0.3605332961049839 0.41761959334010595 0.36123132765601 0.4203720292458826 0.3654195169621666 0.4201218077999028 0.36786262739075803 0.41736937189412626
8 0.38356833728884543 0.3986027634456494 0.39229373167667175 0.402105863689365 0.400321094513472 0.3991032063376087 0.3996230629624459 0.3971014347697712 0.39543487365628927 0.3963507704318321 0.3912466843501326 0.3953498846479134
8 0.37309786402345385 0.3810872622270709 0.37135278514588854 0.385090805362746 0.37588999022755826 0.38584146970068506 0.38356833728884543 0.3860916911466648 0.38496440039089763 0.3843401410248069 0.3776350691051235 0.3820881480109897
8 0.6149657964539997 0.3783348263212943 0.6132207175764345 0.3813374836730506 0.6188049699846433 0.38183792656501003 0.623691190841826 0.38158770511903034 0.623342175066313 0.3800863764431522 0.6215970961887477 0.3788352692132537
8 0.6599888314951836 0.36156998944065494 0.6585927683931313 0.36457264679241125 0.663129973474801 0.3653233111303504 0.6641770208013401 0.3635717610084925
8 0.663448275862069 0.36724351050679854 0.6629310344827586 0.3690976514215081 0.6655172413793103 0.37008652657601976 0.6677586206896552 0.369344870210136 0.6672413793103448 0.3677379480840544 0.6655172413793103 0.36699629171817055
8 0.6627586206896552 0.3720642768850433 0.6617241379310345 0.37342398022249695 0.6577586206896552 0.37292954264524103 0.656896551724138 0.37404202719406676 0.6591379310344828 0.37527812113720643 0.6627586206896552 0.37515451174289244 0.6655172413793103 0.3757725587144623 0.666896551724138 0.3746600741656366 0.666206896551724 0.37317676143386896
8 0.29965517241379314 0.3809641532756489 0.2956896551724138 0.3818294190358467 0.2927586206896552 0.38442521631644005 0.29293103448275865 0.38652657601977747 0.2913793103448276 0.38899876390605687 0.291896551724138 0.39134734239802227 0.29551724137931035 0.3911001236093943 0.29620689655172416 0.3872682323856613 0.30017241379310344 0.3852904820766378 0.3006896551724138 0.3834363411619283
8 0.3413793103448276 0.39715698393077875 0.3382758620689655 0.3978986402966625 0.3382758620689655 0.399876390605686 0.34051724137931033 0.4006180469715699 0.34241379310344827 0.40012360939431396 0.34344827586206894 0.39864029666254636
8 0.33862068965517245 0.40519159456118664 0.3360344827586207 0.40506798516687265 0.33706896551724136 0.40679851668726824 0.3396551724137931 0.40766378244746604 0.3422413793103448 0.40642768850432637 0.34344827586206894 0.40494437577255876
8 0.36844827586206896 0.4263288009888751 0.36517241379310345 0.42719406674907295 0.3641379310344827 0.4290482076637825 0.36431034482758623 0.4311495673671199 0.36551724137931035 0.4327564894932015 0.3675862068965517 0.4321384425216317 0.3675862068965517 0.430778739184178 0.37 0.4304079110012361 0.371551724137931 0.4292954264524104 0.3717241379310345 0.4276885043263288 0.3708620689655172 0.42657601977750315
8 0.3791379310344828 0.41866501854140914 0.37706896551724134 0.4199011124845488 0.378448275862069 0.42224969097651427 0.38206896551724134 0.4226205191594561 0.3839655172413793 0.42224969097651427 0.3863793103448276 0.4212608158220025 0.3863793103448276 0.4185414091470952 0.38258620689655176 0.4179233621755254
8 0.3136206896551724 0.37070457354758957 0.3120689655172414 0.37243510506798516 0.3129310344827586 0.37441285537700864 0.3160344827586207 0.3741656365883807 0.3179310344827586 0.3728059332509271 0.3167241379310345 0.3711990111248455
8 0.29758620689655174 0.39332509270704574 0.29482758620689653 0.3959208899876391 0.2968965517241379 0.3977750309023486 0.2991379310344828 0.3975278121137207 0.29982758620689653 0.39555006180469715 0.29931034482758617 0.3943139678615575
8 0.30258620689655175 0.41508034610630407 0.30448275862068963 0.41742892459826947 0.3072413793103448 0.4182941903584672 0.30931034482758624 0.41742892459826947 0.31068965517241376 0.41508034610630407 0.3074137931034483 0.415203955500618
8 0.3031034482758621 0.3872682323856613 0.3012068965517241 0.388380716934487 0.301551724137931 0.39060568603213847 0.30448275862068963 0.39134734239802227 0.30637931034482757 0.3912237330037083 0.30603448275862066 0.3896168108776267 0.30517241379310345 0.38825710754017306
8 0.3232758620689655 0.3941903584672435 0.3208620689655172 0.39555006180469715 0.3203448275862069 0.3972805933250927 0.32275862068965516 0.3981458590852905 0.32534482758620686 0.3981458590852905 0.3279310344827586 0.39703337453646476 0.32982758620689656 0.3959208899876391 0.32982758620689656 0.3943139678615575 0.33034482758620687 0.39171817058096414 0.3296551724137931 0.38949320148331273 0.3275862068965517 0.39184177997527814 0.32620689655172413 0.39332509270704574
8 0.30931034482758624 0.3967861557478368 0.3091379310344828 0.39851668726823236 0.31017241379310345 0.4 0.3120689655172414 0.4012360939431397 0.31344827586206897 0.39975278121137203 0.31310344827586206 0.3982694684796044 0.3117241379310345 0.3972805933250927
8 0.33913793103448275 0.3899876390605686 0.3425862068965517 0.39196538936959213 0.34879310344827585 0.39196538936959213 0.3560344827586207 0.3914709517923362 0.3512068965517241 0.3899876390605686
8 0.3470689655172414 0.3788627935723115 0.345 0.37972805933250925 0.34603448275862064 0.3820766378244747 0.35017241379310343 0.3817058096415328 0.3506896551724138 0.37923362175525344 0.35327586206896555 0.3786155747836836 0.3543103448275862 0.3758961681087763 0.34844827586206895 0.3756489493201483
8 0.3432758620689655 0.40828182941903585 0.34293103448275863 0.4105067985166873 0.34534482758620694 0.41137206427688505 0.34534482758620694 0.40976514215080345
8 0.3756896551724138 0.4111248454882571 0.3724137931034483 0.411495673671199 0.37310344827586206 0.4134734239802225 0.37689655172413794 0.41273176761433866 0.3806896551724138 0.41124845488257106 0.3839655172413793 0.41063040791100125 0.38655172413793104 0.411495673671199 0.38655172413793104 0.40902348578491965 0.3824137931034483 0.40927070457354764 0.38 0.40927070457354764
8 0.5648275862068965 0.5059332509270704 0.5622413793103449 0.5053152039555007 0.5605172413793104 0.5061804697156984 0.5612068965517242 0.5082818294190359 0.5629310344827586 0.5098887515451175 0.5648275862068965 0.5085290482076638
8 0.573448275862069 0.38912237330037086 0.5694827586206896 0.39394313967861555 0.5705172413793103 0.396044499381953 0.573448275862069 0.3946847960444994 0.5758620689655173 0.39406674907292955 0.5782758620689655 0.3936959208899876 0.5782758620689655 0.39184177997527814 0.5763793103448276 0.39097651421508034
8 0.5779310344827586 0.384672435105068 0.5751724137931035 0.3857849196538937 0.5774137931034482 0.38763906056860326 0.5798275862068966 0.38763906056860326 0.5817241379310344 0.3861557478368356
8 0.6343103448275862 0.39913473423980217 0.6306896551724138 0.39876390605686035 0.6293103448275862 0.40024721878862796 0.63 0.4025957972805933 0.6322413793103449 0.40309023485784923 0.6341379310344828 0.4019777503090235
8 0.6979310344827586 0.34709517923362176 0.6968965517241379 0.34993819530284304 0.6968965517241379 0.3536464771322621 0.6989655172413792 0.3553770086526576 0.7006896551724138 0.3532756489493202 0.7001724137931035 0.3506798516687268 0.7001724137931035 0.34833127317676144
8 0.6817241379310345 0.3553770086526576 0.6799999999999999 0.35587144622991346 0.6820689655172414 0.35747836835599506 0.6843103448275861 0.35648949320148327
8 0.6822413793103448 0.36032138442521633 0.6810344827586207 0.36242274412855374 0.6824137931034483 0.36390605686032135 0.6813793103448276 0.365265760197775 0.6798275862068965 0.36600741656365887 0.6810344827586207 0.3676143386897404 0.6832758620689655 0.3674907292954265 0.6841379310344827 0.37070457354758957 0.6848275862068965 0.37317676143386896 0.6868965517241379 0.37231149567367117 0.6881034482758621 0.3697156983930779 0.6868965517241379 0.3674907292954265 0.688448275862069 0.36551297898640295 0.6879310344827586 0.3636588380716934 0.6863793103448276 0.3621755253399258 0.6843103448275861 0.36106304079110013
8 0.6887931034482758 0.3796044499381953 0.6858620689655173 0.380593325092707 0.6860344827586207 0.3826946847960445 0.6875862068965517 0.38491965389369587 0.6898275862068965 0.38491965389369587 0.69 0.3831891223733004 0.6898275862068965 0.3817058096415328
8 0.6898275862068965 0.3877626699629172 0.6877586206896551 0.3888751545117429 0.6874137931034483 0.3914709517923362 0.6879310344827586 0.3938195302843016 0.6889655172413793 0.39505562422744134 0.6906896551724139 0.39493201483312734
8 0.6641379310344827 0.38430160692212606 0.6613793103448277 0.38590852904820766 0.6624137931034483 0.38813349814585907 0.6646551724137931 0.38862793572311494 0.6674137931034483 0.38751545117428926 0.6684482758620689 0.3861557478368356 0.6682758620689656 0.38504326328800986 0.6667241379310345 0.38430160692212606
8 0.6670689655172414 0.39023485784919654 0.6646551724137931 0.39097651421508034 0.6637931034482759 0.39258343634116194 0.6653448275862068 0.3943139678615575 0.6677586206896552 0.3935723114956736 0.6687931034482758 0.39258343634116194
8 0.538842196213966 0.37631880524058786 0.5386458251512057 0.37997922010637736 0.5404131647160475 0.3836396349721668 0.5445369570340115 0.386877694276519 0.5496426046657765 0.3865961239022276 0.5516063152933784 0.38293570903643803 0.5506244599795774 0.3813870719778348 0.5455188123478125 0.38124628679068906 0.5449296991595318 0.37913450898350287 0.5466970387243736 0.37758587192489956 0.5445369570340115 0.3761780200534421 0.5417877621553688 0.37631880524058786
8 0.6362422433430209 0.38476591646933284 0.6395805514099443 0.3877224053993935 0.6431152305396277 0.38673690908937325 0.6448825701044695 0.3850474868436243 0.6411515199120259 0.3844843460950413
8 0.6523446704893567 0.4234818429344138 0.6495954756107141 0.4268606874259119 0.6497918466734742 0.42953560598168106 0.6525410415521169 0.43094345785313853 0.6572539470583615 0.4302395319174098 0.6582358023721625 0.4279869689230778 0.6570575759956013 0.4258751911158916 0.6550938653679994 0.4243265540572883
8 0.6519519283638363 0.43727879127469726 0.6501845887989947 0.439672139456175 0.6495954756107141 0.44220627282479846 0.6527374126148772 0.44234705801194424 0.6545047521797188 0.43995370983046655 0.6541120100541985 0.438545857959009
8 0.6605922551252849 0.43699722090040577 0.659806770874244 0.43953135426902923 0.6600031419370042 0.44234705801194424 0.6621632236273663 0.441924702450507 0.6625559657528867 0.4393905690818835 0.6627523368156469 0.4381235023975718
8 0.5730107611342393 0.36547834583036515 0.5673160003141937 0.3660414865789481 0.5696724530673161 0.36857561994757165 0.5739926164480402 0.3688571903218631 0.5759563270756421 0.3674493384504056 0.5751708428246014 0.3659007013918024
8 0.5745817296363209 0.36069164946740967 0.5698688241300762 0.36097321984170117 0.5710470505066374 0.3629442124617417 0.5769381823894432 0.36336656802317885 0.578901893017045 0.3616771457774299 0.5773309245149635 0.3608324346545554
8 0.6747309716440186 0.36857561994757165 0.6708035503888148 0.3712505385033409 0.6709999214515749 0.37378467187196435 0.6729636320791769 0.3757556644920048 0.6698216950750139 0.3794160793577943 0.6713926635770953 0.38166864235212633 0.6735527452674575 0.38223178310070927 0.6743382295184982 0.37843058304777405 0.6759091980205797 0.3758964496791506 0.6759091980205797 0.3742070274334016 0.6780692797109418 0.3727991755619441 0.6776765375854215 0.37082818294190356
8 0.6623595946901265 0.35407474567155944 0.6615741104390858 0.35717201978876595 0.6623595946901265 0.3592837975959522 0.6676616133846517 0.3575943753502032 0.6680543555101721 0.3553418123558712 0.6721781478281361 0.3533708197358307 0.6719817767653758 0.3518221826772275 0.6682507265729323 0.35041433080576995 0.6655015316942896 0.3522445382386647
8 0.640366035660985 0.3756148793048591 0.6385986960961434 0.37730430155060807 0.6391878092844239 0.37927529417064854 0.6419370041630665 0.37997922010637736 0.644489827978949 0.3787121534220656 0.6442934569161889 0.37688194598917085
8 0.6313329667740162 0.3544971012329967 0.6276019165815726 0.355482597543017 0.6272091744560522 0.3575943753502032 0.6309402246484958 0.3591430124088064 0.6346712748409395 0.3584390864730777 0.638205953970623 0.3577351605373489 0.6401696645982248 0.3561865234787457 0.6378132118451025 0.3553418123558712 0.6342785327154191 0.3550602419815797
8 0.6399732935354647 0.3484433381857295 0.6370277275940618 0.3494288344957497 0.6372240986568221 0.3518221826772275 0.6409551488492656 0.3525261086129562 0.6442934569161889 0.35196296786437326 0.6458644254182704 0.34999197524433273 0.6437043437279083 0.34914726412145825
8 0.67610556908334 0.392509101762349 0.6751237137695391 0.39574716106670127 0.6715890346398555 0.39842207962247045 0.6737491163302176 0.40180092411396845 0.6774801665226613 0.39884443518390766 0.6804257324640642 0.3963103018152842 0.6816039588406253 0.3933538128852235 0.6794438771502631 0.392509101762349
8 0.6327075642133375 0.4068691908512154 0.6309402246484958 0.40912175384554744 0.6334930484643783 0.41193745758846245 0.6342785327154191 0.41404923539564864 0.6368313565313016 0.41123353165273363 0.6360458722802609 0.40912175384554744
8 0.6629487078784071 0.340840938079859 0.6619668525646062 0.3439382121970655 0.6631450789411673 0.34534606406852303 0.6668761291336109 0.3446421381327942 0.6678579844474118 0.343093501074191 0.6660906448825702 0.34210800476417075
8 0.6195507030084048 0.3702650421933206 0.6160160238787213 0.3715321088776324 0.6146414264393999 0.37293996074908986 0.6156232817532009 0.3750517385562761 0.6195507030084048 0.37631880524058786 0.6213180425732465 0.3757556644920048 0.6213180425732465 0.3735031014976729 0.6205325583222057 0.3715321088776324
8 0.5938260937868196 0.37462938299483883 0.5946115780378604 0.37688194598917085 0.5957898044144215 0.3795568645449401 0.5997172256696254 0.3811055016035433 0.6046265022386302 0.38096471641639756 0.6083575524310738 0.3789937237963571 0.6103212630586757 0.37631880524058786 0.6069829549917525 0.3751925237434219 0.6038410179875894 0.37364388668481857 0.6014845652344671 0.3743478126205474 0.6046265022386302 0.37631880524058786 0.603448275862069 0.37843058304777405 0.600306338857906 0.37843058304777405 0.600306338857906 0.37603723486629637
8 0.6122849736862777 0.38589219796649876 0.6118922315607572 0.38983418320657975 0.6124813447490379 0.39419852400809796 0.6132668290000786 0.395887946253847 0.6162123949414815 0.3951840203181182 0.6148377975021602 0.3920867462009118 0.6154269106904406 0.38828554614797656 0.6166051370670018 0.385751412779353
8 0.33088524075092296 0.40292720561113443 0.33068886968816275 0.40574290935404944 0.33127798287644333 0.40968489459413043 0.33402717775508606 0.4084178279098187 0.3328489513785249 0.40574290935404944 0.33324169350404526 0.40363113154686314
8 0.2900400596968031 0.36097321984170117 0.28925457544576233 0.36463363470749066 0.28925457544576233 0.36773090882469717 0.29180739926164484 0.3660414865789481 0.2945565941402875 0.3651967754560736 0.2923965124499254 0.3629442124617417
8 0.28905820438300217 0.3751925237434219 0.28689812269264003 0.37603723486629637 0.28827272013196137 0.3785713682349198 0.2914146571361244 0.37631880524058786 0.29553844945408847 0.3753333089305676 0.2973057890189302 0.37392545705911007 0.2986803864582515 0.3720952496262154 0.30064409708585343 0.37293996074908986 0.2998586128348127 0.3753333089305676 0.30025135496033306 0.3770227311763166 0.30300054983897573 0.37730430155060807 0.3035896630272563 0.3750517385562761 0.30319692090173594 0.3719544644390696 0.30025135496033306 0.3699834718190291 0.2973057890189302 0.36899797550900887 0.2939674809520069 0.3706873977547579 0.29436022307752735 0.37251760518765265 0.2916110281988846 0.37406624224625584
8 0.41434294242400443 0.3588614420345149 0.41395020029848406 0.36181793096457565 0.4168957662398869 0.36153636059028416 0.4174848794281675 0.35942458278309797
8 0.4182703636792083 0.3635073532103246 0.4151284266750452 0.36547834583036515 0.4176812504909277 0.3660414865789481 0.42082318749509073 0.3659007013918024
8 0.46775587149477654 0.33450560465830026 0.46441756342785334 0.33661738246548656 0.46539941874165425 0.33886994545981847 0.46873772680857745 0.3384475898983813 0.4691304689340979 0.33689895283977805
8 0.4673631293692562 0.36026929390597245 0.4650066766161339 0.36181793096457565 0.46520304767889403 0.3643520643331991 0.46795224255753676 0.3651967754560736 0.4693268399968581 0.3643520643331991
8 0.46755950043201633 0.3680124791989886 0.46539941874165425 0.3687164051347174 0.4663812740554552 0.37096896812904934 0.46893409787133766 0.3706873977547579
8 0.5518026863561386 0.37378467187196435 0.5527845416699395 0.37688194598917085 0.5592647867410259 0.37631880524058786 0.564566805435551 0.3758964496791506 0.5663341450003928 0.37772665711204534 0.5710470505066374 0.37603723486629637 0.5690833398790355 0.37406624224625584 0.5649595475610715 0.37364388668481857 0.5612284973686278 0.37378467187196435
8 0.451039088135398 0.27919523887154324 0.44557020321225027 0.28352879025817646 0.4495999078924644 0.2860051053362526 0.4553566288641989 0.2855923861565733 0.4562201370099591 0.28352879025817646
8 0.4723389557308157 0.2247163071538679 0.47147544758505555 0.22822442018114245 0.47723216855679007 0.22863713936082178 0.4763686604110298 0.23131981402873764 0.4818375453341776 0.23070073525921858 0.4829888895285245 0.2255417455132266
8 0.37850440389154333 0.21604920438060135 0.37332335501698233 0.2179064406891585 0.37073283057970174 0.22100183453675365 0.37562604340567607 0.2216209133062727 0.3810949283288239 0.22120819412659334 0.38426112486327785 0.22285907084531079 0.38598814115479824 0.22079547494691398 0.3822462725231708 0.21831915986883785
8 0.43607161360888835 0.16239571102228476 0.43290541707443436 0.16487202610036092 0.4340567612687813 0.16817377953779578 0.4380864659489955 0.16755470076827675 0.4403891543376892 0.16445930692068156
8 0.43837430199758215 0.1720946117447497 0.4372229578032353 0.17477728641266552 0.44010131828910254 0.17745996108058135 0.4421161706292096 0.17415820764314646
8 0.5290426573024005 0.3435794309015231 0.5258764607679466 0.34481758844056115 0.5281791491566403 0.34729390351863726 0.5322088538368545 0.3464684651592786
8 0.6484946174658913 0.4069318249823046 0.6447527488342639 0.40858270170102207 0.6418743883483967 0.4127098934978156 0.6424500604455702 0.41539256816573145 0.6459040930286108 0.4168370852946092 0.6487824535144782 0.4168370852946092 0.649933797708825 0.41436077021653306 0.6487824535144782 0.41209081472829656 0.649933797708825 0.4100272188298998
8 0.537965574808589 0.5107306986716632 0.5350872143227218 0.51279429457006 0.5373899027114155 0.5163024075973346 0.539980427148696 0.517334205546533 0.5425709515859767 0.5150642500582965 0.5434344597317368 0.5123815753903808 0.5414196073916296 0.5111434178513427
8 0.5227102642334926 0.523112274062044 0.5172413793103449 0.5233186336518837 0.5169535432617581 0.5253822295502805 0.518104887456105 0.527652185038517 0.5215589200391457 0.5268267466791582 0.5227102642334926 0.5251758699604409
8 0.2843820160036843 0.39682020508016036 0.2820793276149905 0.39970923933791586 0.28323067180933736 0.40424915031438874 0.287836048586725 0.40548730785342685 0.2907144090725923 0.40301099277535074 0.2907144090725923 0.39950287974807613 0.2881238846353117 0.397645643439519
8 0.2947441137528064 0.40032831810743486 0.2915779172183524 0.40259827359567135 0.29330493350987275 0.4052809482635872 0.2984859823844338 0.40239191400583163
8 0.2720050659144551 0.36297723234645296 0.2694145414771746 0.3660726261940482 0.2708537217201082 0.36937437963148295 0.2743077543031489 0.36813622209244495 0.2757469345460825 0.3656599070143688
8 0.2734442461573887 0.37246977347907817 0.2708537217201082 0.3743270097876353 0.2708537217201082 0.37700968445555116 0.2717172298658684 0.37907328035394794 0.2748834264003224 0.37700968445555116 0.2757469345460825 0.37473972896731467
8 0.2639456565540268 0.37762876322507016 0.2625064763110932 0.38010507830314627 0.2625064763110932 0.3836131913304209 0.26509700074837367 0.385470427638978 0.2671118530884808 0.3842322700999399 0.2673996891370675 0.38154959543202405 0.26682401703989406 0.37927963994378755
8 0.3816706004259974 0.38794674271705415 0.37648955155143626 0.39062941738497 0.3805192562316504 0.39248665369352703 0.38454896091186463 0.39166121533416837 0.38426112486327785 0.38918490025609215
8 0.4942144954234068 0.38753402353737476 0.4942144954234068 0.39455024959192386 0.49910770824938117 0.39682020508016036 0.5025617408324218 0.39661384549032064 0.5031374129295952 0.39496296877160325 0.4996833803465545 0.39496296877160325 0.49709285590927405 0.39331209205288575 0.49680501986068737 0.38856582148657315
8 0.4988198722007944 0.39867744138871747 0.49709285590927405 0.40074103728711424 0.4988198722007944 0.40301099277535074 0.501410396638075 0.40445550990422846 0.5028495768810085 0.40259827359567135 0.5028495768810085 0.4001219585175952
8 0.46946059524494843 0.38691494476785576 0.4654308905647343 0.38959761943577154 0.4674457429048414 0.39372481123256514 0.47003626734212195 0.39496296877160325 0.4708997754878821 0.39166121533416837
9 0.4436696308617491 0.5542367750561287 0.4414304906915744 0.5581354015929328 0.4430298765274135 0.5611167042387244 0.44846778836926626 0.5592820564566988 0.4494274198707696 0.555842091865401 0.44718827970059505 0.5540074440833755
9 0.5463502015226153 0.5507968104648309 0.5421917983494339 0.5514848033830905 0.540272535346427 0.5537781131106223 0.5415520440150983 0.5563007538109074 0.5444309385196086 0.5563007538109074 0.5466700786897831 0.5544661060288819 0.5495489731942934 0.5530901201923628
9 0.515322116307338 0.5521727963013501 0.5169215021431771 0.5572180777019201 0.5204401509820229 0.5585940635384392 0.5223594139850297 0.5551540989471414 0.5277973258268825 0.5533194511651159 0.5274774486597147 0.5498794865738181 0.5242786769880367 0.5494208246283118 0.5233190454865332 0.5521727963013501
9 0.5261293004473653 0.37707251514605344 0.5231600617601647 0.37778209835107046 0.5231600617601647 0.3807623478121421 0.5287026406429391 0.3810461810941489 0.5310780315926996 0.37991084796612157 0.5308800823468863 0.3774982650690637 0.5287026406429391 0.37593718201802623
9 0.6498475790807238 0.3564946022005594 0.6526188685221109 0.35904910173862076 0.6561819549467517 0.35819760189260025 0.6567758026841918 0.3564946022005594 0.6545983609802446 0.35550118571353556
9 0.5435488340789422 0.39481209527147937 0.545528326537076 0.39708276152753397 0.5488934637159032 0.3982180946555612 0.5518627024031039 0.39552167847649644 0.5496852606991567 0.39396059542545897
9 0.585909972683004 0.3662868504297945 0.5861079219288174 0.3698347664548797 0.5888792113702047 0.3721054327109342 0.5926402470406588 0.3712539328649138 0.5965992319569262 0.3689832666088592 0.5960053842194861 0.367138350275815 0.5920463993032187 0.3679898501218354 0.5898689575992716 0.3675641001988252 0.5896710083534582 0.3658611005067843
9 0.3717018009214016 0.4011049779054463 0.3689096747172972 0.4043578567031823 0.3769370375540974 0.40510852104112133 0.37938014798268876 0.40260630658132446
9 0.4879240541672484 0.4011049779054463 0.48652799106519606 0.40510852104112133 0.4938573223509703 0.40510852104112133 0.4914142119223789 0.4018556422433853
9 0.36297640653357527 0.41486715743432934 0.3605332961049839 0.41761959334010595 0.36123132765601 0.4203720292458826 0.3654195169621666 0.4201218077999028 0.36786262739075803 0.41736937189412626
9 0.38356833728884543 0.3986027634456494 0.39229373167667175 0.402105863689365 0.400321094513472 0.3991032063376087 0.3996230629624459 0.3971014347697712 0.39543487365628927 0.3963507704318321 0.3912466843501326 0.3953498846479134
9 0.37309786402345385 0.3810872622270709 0.37135278514588854 0.385090805362746 0.37588999022755826 0.38584146970068506 0.38356833728884543 0.3860916911466648 0.38496440039089763 0.3843401410248069 0.3776350691051235 0.3820881480109897
9 0.6149657964539997 0.3783348263212943 0.6132207175764345 0.3813374836730506 0.6188049699846433 0.38183792656501003 0.623691190841826 0.38158770511903034 0.623342175066313 0.3800863764431522 0.6215970961887477 0.3788352692132537
9 0.6599888314951836 0.36156998944065494 0.6585927683931313 0.36457264679241125 0.663129973474801 0.3653233111303504 0.6641770208013401 0.3635717610084925
9 0.663448275862069 0.36724351050679854 0.6629310344827586 0.3690976514215081 0.6655172413793103 0.37008652657601976 0.6677586206896552 0.369344870210136 0.6672413793103448 0.3677379480840544 0.6655172413793103 0.36699629171817055
9 0.6627586206896552 0.3720642768850433 0.6617241379310345 0.37342398022249695 0.6577586206896552 0.37292954264524103 0.656896551724138 0.37404202719406676 0.6591379310344828 0.37527812113720643 0.6627586206896552 0.37515451174289244 0.6655172413793103 0.3757725587144623 0.666896551724138 0.3746600741656366 0.666206896551724 0.37317676143386896
9 0.29965517241379314 0.3809641532756489 0.2956896551724138 0.3818294190358467 0.2927586206896552 0.38442521631644005 0.29293103448275865 0.38652657601977747 0.2913793103448276 0.38899876390605687 0.291896551724138 0.39134734239802227 0.29551724137931035 0.3911001236093943 0.29620689655172416 0.3872682323856613 0.30017241379310344 0.3852904820766378 0.3006896551724138 0.3834363411619283
9 0.3413793103448276 0.39715698393077875 0.3382758620689655 0.3978986402966625 0.3382758620689655 0.399876390605686 0.34051724137931033 0.4006180469715699 0.34241379310344827 0.40012360939431396 0.34344827586206894 0.39864029666254636
9 0.33862068965517245 0.40519159456118664 0.3360344827586207 0.40506798516687265 0.33706896551724136 0.40679851668726824 0.3396551724137931 0.40766378244746604 0.3422413793103448 0.40642768850432637 0.34344827586206894 0.40494437577255876
9 0.36844827586206896 0.4263288009888751 0.36517241379310345 0.42719406674907295 0.3641379310344827 0.4290482076637825 0.36431034482758623 0.4311495673671199 0.36551724137931035 0.4327564894932015 0.3675862068965517 0.4321384425216317 0.3675862068965517 0.430778739184178 0.37 0.4304079110012361 0.371551724137931 0.4292954264524104 0.3717241379310345 0.4276885043263288 0.3708620689655172 0.42657601977750315
9 0.3791379310344828 0.41866501854140914 0.37706896551724134 0.4199011124845488 0.378448275862069 0.42224969097651427 0.38206896551724134 0.4226205191594561 0.3839655172413793 0.42224969097651427 0.3863793103448276 0.4212608158220025 0.3863793103448276 0.4185414091470952 0.38258620689655176 0.4179233621755254
9 0.3136206896551724 0.37070457354758957 0.3120689655172414 0.37243510506798516 0.3129310344827586 0.37441285537700864 0.3160344827586207 0.3741656365883807 0.3179310344827586 0.3728059332509271 0.3167241379310345 0.3711990111248455
9 0.29758620689655174 0.39332509270704574 0.29482758620689653 0.3959208899876391 0.2968965517241379 0.3977750309023486 0.2991379310344828 0.3975278121137207 0.29982758620689653 0.39555006180469715 0.29931034482758617 0.3943139678615575
9 0.30258620689655175 0.41508034610630407 0.30448275862068963 0.41742892459826947 0.3072413793103448 0.4182941903584672 0.30931034482758624 0.41742892459826947 0.31068965517241376 0.41508034610630407 0.3074137931034483 0.415203955500618
9 0.3031034482758621 0.3872682323856613 0.3012068965517241 0.388380716934487 0.301551724137931 0.39060568603213847 0.30448275862068963 0.39134734239802227 0.30637931034482757 0.3912237330037083 0.30603448275862066 0.3896168108776267 0.30517241379310345 0.38825710754017306
9 0.3232758620689655 0.3941903584672435 0.3208620689655172 0.39555006180469715 0.3203448275862069 0.3972805933250927 0.32275862068965516 0.3981458590852905 0.32534482758620686 0.3981458590852905 0.3279310344827586 0.39703337453646476 0.32982758620689656 0.3959208899876391 0.32982758620689656 0.3943139678615575 0.33034482758620687 0.39171817058096414 0.3296551724137931 0.38949320148331273 0.3275862068965517 0.39184177997527814 0.32620689655172413 0.39332509270704574
9 0.30931034482758624 0.3967861557478368 0.3091379310344828 0.39851668726823236 0.31017241379310345 0.4 0.3120689655172414 0.4012360939431397 0.31344827586206897 0.39975278121137203 0.31310344827586206 0.3982694684796044 0.3117241379310345 0.3972805933250927
9 0.33913793103448275 0.3899876390605686 0.3425862068965517 0.39196538936959213 0.34879310344827585 0.39196538936959213 0.3560344827586207 0.3914709517923362 0.3512068965517241 0.3899876390605686
9 0.3470689655172414 0.3788627935723115 0.345 0.37972805933250925 0.34603448275862064 0.3820766378244747 0.35017241379310343 0.3817058096415328 0.3506896551724138 0.37923362175525344 0.35327586206896555 0.3786155747836836 0.3543103448275862 0.3758961681087763 0.34844827586206895 0.3756489493201483
9 0.3432758620689655 0.40828182941903585 0.34293103448275863 0.4105067985166873 0.34534482758620694 0.41137206427688505 0.34534482758620694 0.40976514215080345
9 0.3756896551724138 0.4111248454882571 0.3724137931034483 0.411495673671199 0.37310344827586206 0.4134734239802225 0.37689655172413794 0.41273176761433866 0.3806896551724138 0.41124845488257106 0.3839655172413793 0.41063040791100125 0.38655172413793104 0.411495673671199 0.38655172413793104 0.40902348578491965 0.3824137931034483 0.40927070457354764 0.38 0.40927070457354764
9 0.5648275862068965 0.5059332509270704 0.5622413793103449 0.5053152039555007 0.5605172413793104 0.5061804697156984 0.5612068965517242 0.5082818294190359 0.5629310344827586 0.5098887515451175 0.5648275862068965 0.5085290482076638
9 0.573448275862069 0.38912237330037086 0.5694827586206896 0.39394313967861555 0.5705172413793103 0.396044499381953 0.573448275862069 0.3946847960444994 0.5758620689655173 0.39406674907292955 0.5782758620689655 0.3936959208899876 0.5782758620689655 0.39184177997527814 0.5763793103448276 0.39097651421508034
9 0.5779310344827586 0.384672435105068 0.5751724137931035 0.3857849196538937 0.5774137931034482 0.38763906056860326 0.5798275862068966 0.38763906056860326 0.5817241379310344 0.3861557478368356
9 0.6343103448275862 0.39913473423980217 0.6306896551724138 0.39876390605686035 0.6293103448275862 0.40024721878862796 0.63 0.4025957972805933 0.6322413793103449 0.40309023485784923 0.6341379310344828 0.4019777503090235
9 0.6979310344827586 0.34709517923362176 0.6968965517241379 0.34993819530284304 0.6968965517241379 0.3536464771322621 0.6989655172413792 0.3553770086526576 0.7006896551724138 0.3532756489493202 0.7001724137931035 0.3506798516687268 0.7001724137931035 0.34833127317676144
9 0.6817241379310345 0.3553770086526576 0.6799999999999999 0.35587144622991346 0.6820689655172414 0.35747836835599506 0.6843103448275861 0.35648949320148327
9 0.6822413793103448 0.36032138442521633 0.6810344827586207 0.36242274412855374 0.6824137931034483 0.36390605686032135 0.6813793103448276 0.365265760197775 0.6798275862068965 0.36600741656365887 0.6810344827586207 0.3676143386897404 0.6832758620689655 0.3674907292954265 0.6841379310344827 0.37070457354758957 0.6848275862068965 0.37317676143386896 0.6868965517241379 0.37231149567367117 0.6881034482758621 0.3697156983930779 0.6868965517241379 0.3674907292954265 0.688448275862069 0.36551297898640295 0.6879310344827586 0.3636588380716934 0.6863793103448276 0.3621755253399258 0.6843103448275861 0.36106304079110013
9 0.6887931034482758 0.3796044499381953 0.6858620689655173 0.380593325092707 0.6860344827586207 0.3826946847960445 0.6875862068965517 0.38491965389369587 0.6898275862068965 0.38491965389369587 0.69 0.3831891223733004 0.6898275862068965 0.3817058096415328
9 0.6898275862068965 0.3877626699629172 0.6877586206896551 0.3888751545117429 0.6874137931034483 0.3914709517923362 0.6879310344827586 0.3938195302843016 0.6889655172413793 0.39505562422744134 0.6906896551724139 0.39493201483312734
9 0.6641379310344827 0.38430160692212606 0.6613793103448277 0.38590852904820766 0.6624137931034483 0.38813349814585907 0.6646551724137931 0.38862793572311494 0.6674137931034483 0.38751545117428926 0.6684482758620689 0.3861557478368356 0.6682758620689656 0.38504326328800986 0.6667241379310345 0.38430160692212606
9 0.6670689655172414 0.39023485784919654 0.6646551724137931 0.39097651421508034 0.6637931034482759 0.39258343634116194 0.6653448275862068 0.3943139678615575 0.6677586206896552 0.3935723114956736 0.6687931034482758 0.39258343634116194
9 0.538842196213966 0.37631880524058786 0.5386458251512057 0.37997922010637736 0.5404131647160475 0.3836396349721668 0.5445369570340115 0.386877694276519 0.5496426046657765 0.3865961239022276 0.5516063152933784 0.38293570903643803 0.5506244599795774 0.3813870719778348 0.5455188123478125 0.38124628679068906 0.5449296991595318 0.37913450898350287 0.5466970387243736 0.37758587192489956 0.5445369570340115 0.3761780200534421 0.5417877621553688 0.37631880524058786
9 0.6362422433430209 0.38476591646933284 0.6395805514099443 0.3877224053993935 0.6431152305396277 0.38673690908937325 0.6448825701044695 0.3850474868436243 0.6411515199120259 0.3844843460950413
9 0.6523446704893567 0.4234818429344138 0.6495954756107141 0.4268606874259119 0.6497918466734742 0.42953560598168106 0.6525410415521169 0.43094345785313853 0.6572539470583615 0.4302395319174098 0.6582358023721625 0.4279869689230778 0.6570575759956013 0.4258751911158916 0.6550938653679994 0.4243265540572883
9 0.6519519283638363 0.43727879127469726 0.6501845887989947 0.439672139456175 0.6495954756107141 0.44220627282479846 0.6527374126148772 0.44234705801194424 0.6545047521797188 0.43995370983046655 0.6541120100541985 0.438545857959009
9 0.6605922551252849 0.43699722090040577 0.659806770874244 0.43953135426902923 0.6600031419370042 0.44234705801194424 0.6621632236273663 0.441924702450507 0.6625559657528867 0.4393905690818835 0.6627523368156469 0.4381235023975718
9 0.5730107611342393 0.36547834583036515 0.5673160003141937 0.3660414865789481 0.5696724530673161 0.36857561994757165 0.5739926164480402 0.3688571903218631 0.5759563270756421 0.3674493384504056 0.5751708428246014 0.3659007013918024
9 0.5745817296363209 0.36069164946740967 0.5698688241300762 0.36097321984170117 0.5710470505066374 0.3629442124617417 0.5769381823894432 0.36336656802317885 0.578901893017045 0.3616771457774299 0.5773309245149635 0.3608324346545554
9 0.6747309716440186 0.36857561994757165 0.6708035503888148 0.3712505385033409 0.6709999214515749 0.37378467187196435 0.6729636320791769 0.3757556644920048 0.6698216950750139 0.3794160793577943 0.6713926635770953 0.38166864235212633 0.6735527452674575 0.38223178310070927 0.6743382295184982 0.37843058304777405 0.6759091980205797 0.3758964496791506 0.6759091980205797 0.3742070274334016 0.6780692797109418 0.3727991755619441 0.6776765375854215 0.37082818294190356
9 0.6623595946901265 0.35407474567155944 0.6615741104390858 0.35717201978876595 0.6623595946901265 0.3592837975959522 0.6676616133846517 0.3575943753502032 0.6680543555101721 0.3553418123558712 0.6721781478281361 0.3533708197358307 0.6719817767653758 0.3518221826772275 0.6682507265729323 0.35041433080576995 0.6655015316942896 0.3522445382386647
9 0.640366035660985 0.3756148793048591 0.6385986960961434 0.37730430155060807 0.6391878092844239 0.37927529417064854 0.6419370041630665 0.37997922010637736 0.644489827978949 0.3787121534220656 0.6442934569161889 0.37688194598917085
9 0.6313329667740162 0.3544971012329967 0.6276019165815726 0.355482597543017 0.6272091744560522 0.3575943753502032 0.6309402246484958 0.3591430124088064 0.6346712748409395 0.3584390864730777 0.638205953970623 0.3577351605373489 0.6401696645982248 0.3561865234787457 0.6378132118451025 0.3553418123558712 0.6342785327154191 0.3550602419815797
9 0.6399732935354647 0.3484433381857295 0.6370277275940618 0.3494288344957497 0.6372240986568221 0.3518221826772275 0.6409551488492656 0.3525261086129562 0.6442934569161889 0.35196296786437326 0.6458644254182704 0.34999197524433273 0.6437043437279083 0.34914726412145825
9 0.67610556908334 0.392509101762349 0.6751237137695391 0.39574716106670127 0.6715890346398555 0.39842207962247045 0.6737491163302176 0.40180092411396845 0.6774801665226613 0.39884443518390766 0.6804257324640642 0.3963103018152842 0.6816039588406253 0.3933538128852235 0.6794438771502631 0.392509101762349
9 0.6327075642133375 0.4068691908512154 0.6309402246484958 0.40912175384554744 0.6334930484643783 0.41193745758846245 0.6342785327154191 0.41404923539564864 0.6368313565313016 0.41123353165273363 0.6360458722802609 0.40912175384554744
9 0.6629487078784071 0.340840938079859 0.6619668525646062 0.3439382121970655 0.6631450789411673 0.34534606406852303 0.6668761291336109 0.3446421381327942 0.6678579844474118 0.343093501074191 0.6660906448825702 0.34210800476417075
9 0.6195507030084048 0.3702650421933206 0.6160160238787213 0.3715321088776324 0.6146414264393999 0.37293996074908986 0.6156232817532009 0.3750517385562761 0.6195507030084048 0.37631880524058786 0.6213180425732465 0.3757556644920048 0.6213180425732465 0.3735031014976729 0.6205325583222057 0.3715321088776324
9 0.5938260937868196 0.37462938299483883 0.5946115780378604 0.37688194598917085 0.5957898044144215 0.3795568645449401 0.5997172256696254 0.3811055016035433 0.6046265022386302 0.38096471641639756 0.6083575524310738 0.3789937237963571 0.6103212630586757 0.37631880524058786 0.6069829549917525 0.3751925237434219 0.6038410179875894 0.37364388668481857 0.6014845652344671 0.3743478126205474 0.6046265022386302 0.37631880524058786 0.603448275862069 0.37843058304777405 0.600306338857906 0.37843058304777405 0.600306338857906 0.37603723486629637
9 0.6122849736862777 0.38589219796649876 0.6118922315607572 0.38983418320657975 0.6124813447490379 0.39419852400809796 0.6132668290000786 0.395887946253847 0.6162123949414815 0.3951840203181182 0.6148377975021602 0.3920867462009118 0.6154269106904406 0.38828554614797656 0.6166051370670018 0.385751412779353
9 0.33088524075092296 0.40292720561113443 0.33068886968816275 0.40574290935404944 0.33127798287644333 0.40968489459413043 0.33402717775508606 0.4084178279098187 0.3328489513785249 0.40574290935404944 0.33324169350404526 0.40363113154686314
9 0.2900400596968031 0.36097321984170117 0.28925457544576233 0.36463363470749066 0.28925457544576233 0.36773090882469717 0.29180739926164484 0.3660414865789481 0.2945565941402875 0.3651967754560736 0.2923965124499254 0.3629442124617417
9 0.28905820438300217 0.3751925237434219 0.28689812269264003 0.37603723486629637 0.28827272013196137 0.3785713682349198 0.2914146571361244 0.37631880524058786 0.29553844945408847 0.3753333089305676 0.2973057890189302 0.37392545705911007 0.2986803864582515 0.3720952496262154 0.30064409708585343 0.37293996074908986 0.2998586128348127 0.3753333089305676 0.30025135496033306 0.3770227311763166 0.30300054983897573 0.37730430155060807 0.3035896630272563 0.3750517385562761 0.30319692090173594 0.3719544644390696 0.30025135496033306 0.3699834718190291 0.2973057890189302 0.36899797550900887 0.2939674809520069 0.3706873977547579 0.29436022307752735 0.37251760518765265 0.2916110281988846 0.37406624224625584
9 0.41434294242400443 0.3588614420345149 0.41395020029848406 0.36181793096457565 0.4168957662398869 0.36153636059028416 0.4174848794281675 0.35942458278309797
9 0.4182703636792083 0.3635073532103246 0.4151284266750452 0.36547834583036515 0.4176812504909277 0.3660414865789481 0.42082318749509073 0.3659007013918024
9 0.46775587149477654 0.33450560465830026 0.46441756342785334 0.33661738246548656 0.46539941874165425 0.33886994545981847 0.46873772680857745 0.3384475898983813 0.4691304689340979 0.33689895283977805
9 0.4673631293692562 0.36026929390597245 0.4650066766161339 0.36181793096457565 0.46520304767889403 0.3643520643331991 0.46795224255753676 0.3651967754560736 0.4693268399968581 0.3643520643331991
9 0.46755950043201633 0.3680124791989886 0.46539941874165425 0.3687164051347174 0.4663812740554552 0.37096896812904934 0.46893409787133766 0.3706873977547579
9 0.5518026863561386 0.37378467187196435 0.5527845416699395 0.37688194598917085 0.5592647867410259 0.37631880524058786 0.564566805435551 0.3758964496791506 0.5663341450003928 0.37772665711204534 0.5710470505066374 0.37603723486629637 0.5690833398790355 0.37406624224625584 0.5649595475610715 0.37364388668481857 0.5612284973686278 0.37378467187196435
9 0.451039088135398 0.27919523887154324 0.44557020321225027 0.28352879025817646 0.4495999078924644 0.2860051053362526 0.4553566288641989 0.2855923861565733 0.4562201370099591 0.28352879025817646
9 0.4723389557308157 0.2247163071538679 0.47147544758505555 0.22822442018114245 0.47723216855679007 0.22863713936082178 0.4763686604110298 0.23131981402873764 0.4818375453341776 0.23070073525921858 0.4829888895285245 0.2255417455132266
9 0.37850440389154333 0.21604920438060135 0.37332335501698233 0.2179064406891585 0.37073283057970174 0.22100183453675365 0.37562604340567607 0.2216209133062727 0.3810949283288239 0.22120819412659334 0.38426112486327785 0.22285907084531079 0.38598814115479824 0.22079547494691398 0.3822462725231708 0.21831915986883785
9 0.43607161360888835 0.16239571102228476 0.43290541707443436 0.16487202610036092 0.4340567612687813 0.16817377953779578 0.4380864659489955 0.16755470076827675 0.4403891543376892 0.16445930692068156
9 0.43837430199758215 0.1720946117447497 0.4372229578032353 0.17477728641266552 0.44010131828910254 0.17745996108058135 0.4421161706292096 0.17415820764314646
9 0.5290426573024005 0.3435794309015231 0.5258764607679466 0.34481758844056115 0.5281791491566403 0.34729390351863726 0.5322088538368545 0.3464684651592786
9 0.6484946174658913 0.4069318249823046 0.6447527488342639 0.40858270170102207 0.6418743883483967 0.4127098934978156 0.6424500604455702 0.41539256816573145 0.6459040930286108 0.4168370852946092 0.6487824535144782 0.4168370852946092 0.649933797708825 0.41436077021653306 0.6487824535144782 0.41209081472829656 0.649933797708825 0.4100272188298998
9 0.537965574808589 0.5107306986716632 0.5350872143227218 0.51279429457006 0.5373899027114155 0.5163024075973346 0.539980427148696 0.517334205546533 0.5425709515859767 0.5150642500582965 0.5434344597317368 0.5123815753903808 0.5414196073916296 0.5111434178513427
9 0.5227102642334926 0.523112274062044 0.5172413793103449 0.5233186336518837 0.5169535432617581 0.5253822295502805 0.518104887456105 0.527652185038517 0.5215589200391457 0.5268267466791582 0.5227102642334926 0.5251758699604409
9 0.2843820160036843 0.39682020508016036 0.2820793276149905 0.39970923933791586 0.28323067180933736 0.40424915031438874 0.287836048586725 0.40548730785342685 0.2907144090725923 0.40301099277535074 0.2907144090725923 0.39950287974807613 0.2881238846353117 0.397645643439519
9 0.2947441137528064 0.40032831810743486 0.2915779172183524 0.40259827359567135 0.29330493350987275 0.4052809482635872 0.2984859823844338 0.40239191400583163
9 0.2720050659144551 0.36297723234645296 0.2694145414771746 0.3660726261940482 0.2708537217201082 0.36937437963148295 0.2743077543031489 0.36813622209244495 0.2757469345460825 0.3656599070143688
9 0.2734442461573887 0.37246977347907817 0.2708537217201082 0.3743270097876353 0.2708537217201082 0.37700968445555116 0.2717172298658684 0.37907328035394794 0.2748834264003224 0.37700968445555116 0.2757469345460825 0.37473972896731467
9 0.2639456565540268 0.37762876322507016 0.2625064763110932 0.38010507830314627 0.2625064763110932 0.3836131913304209 0.26509700074837367 0.385470427638978 0.2671118530884808 0.3842322700999399 0.2673996891370675 0.38154959543202405 0.26682401703989406 0.37927963994378755
9 0.3816706004259974 0.38794674271705415 0.37648955155143626 0.39062941738497 0.3805192562316504 0.39248665369352703 0.38454896091186463 0.39166121533416837 0.38426112486327785 0.38918490025609215
9 0.4942144954234068 0.38753402353737476 0.4942144954234068 0.39455024959192386 0.49910770824938117 0.39682020508016036 0.5025617408324218 0.39661384549032064 0.5031374129295952 0.39496296877160325 0.4996833803465545 0.39496296877160325 0.49709285590927405 0.39331209205288575 0.49680501986068737 0.38856582148657315
9 0.4988198722007944 0.39867744138871747 0.49709285590927405 0.40074103728711424 0.4988198722007944 0.40301099277535074 0.501410396638075 0.40445550990422846 0.5028495768810085 0.40259827359567135 0.5028495768810085 0.4001219585175952
9 0.46946059524494843 0.38691494476785576 0.4654308905647343 0.38959761943577154 0.4674457429048414 0.39372481123256514 0.47003626734212195 0.39496296877160325 0.4708997754878821 0.39166121533416837
