8 0.25593750000000004 0.17124999999999999 0.25656249999999997 0.16625 0.2575 0.16312500000000002 0.2609375 0.161875 0.2634375 0.16218749999999998 0.26296875000000003 0.16468750000000001 0.26390625 0.16828125 0.26328125 0.17109375 0.26171875 0.17390624999999998 0.25828125 0.1746875
8 0.25453125 0.203125 0.25375000000000003 0.21046874999999998 0.25593750000000004 0.213125 0.25875 0.21125 0.25875 0.20703125 0.2575 0.20187499999999997
8 0.31437499999999996 0.195625 0.3134375 0.1990625 0.315625 0.20171875 0.31843750000000004 0.20015624999999998 0.3175 0.1953125
8 0.3698458395245171 0.1711088410104012 0.37007800891530457 0.17691307578008914 0.3763465824665676 0.17575222882615155 0.3749535661218425 0.17018016344725112
8 0.37453125 0.14890625 0.3728125 0.1525 0.37374999999999997 0.15718749999999998 0.3765625 0.15718749999999998 0.37828125 0.15546875 0.37890625 0.15265625 0.37828125 0.14875
8 0.23953125000000003 0.2628125 0.2375 0.2628125 0.23609375 0.26578124999999997 0.2365625 0.26890625 0.2384375 0.27078125000000003 0.24078125 0.27015625 0.24203125 0.26937500000000003 0.241875 0.26749999999999996 0.24109375000000002 0.26484375
8 0.284375 0.2528125 0.281875 0.255625 0.2815625 0.25765625000000003 0.2828125 0.26 0.28546875 0.25984375000000004 0.28703124999999996 0.256875 0.286875 0.2546875
8 0.315625 0.30593750000000003 0.31453125000000004 0.309375 0.315 0.31203125 0.318125 0.313125 0.31953125 0.3109375 0.32046874999999997 0.30828125 0.31906249999999997 0.305
8 0.32296874999999997 0.32218749999999996 0.32046874999999997 0.32015625000000003 0.3175 0.32046874999999997 0.318125 0.32390625 0.32 0.32687499999999997 0.32453125 0.32765625 0.32687499999999997 0.3265625 0.32515625 0.32406250000000003
8 0.25406249999999997 0.34109375000000003 0.25328125 0.34515625 0.2534375 0.34859375 0.255625 0.35078125 0.25890625 0.34921875 0.25906250000000003 0.34546875 0.258125 0.3421875
8 0.27234375 0.33718750000000003 0.27265625 0.34171874999999996 0.2740625 0.34484375 0.2778125 0.3434375 0.276875 0.33734375
8 0.29609375 0.35750000000000004 0.29390625 0.35546875 0.29171874999999997 0.35750000000000004 0.2915625 0.3603125 0.29265625 0.36359375 0.29609375 0.36359375 0.29734375 0.36140625000000004 0.29703124999999997 0.35953124999999997
8 0.22234375 0.3928125 0.22218749999999998 0.39656250000000004 0.22531249999999997 0.39875 0.22875 0.399375 0.2296875 0.39671875 0.22671875 0.3928125
8 0.26265625 0.39125 0.25953125 0.39234375 0.25921875 0.3953125 0.25968749999999996 0.39890625 0.26234375 0.39968750000000003 0.26390625 0.39703125 0.26421875 0.39390625
8 0.24122399702823177 0.42370913818722133 0.23843796433878156 0.42649517087667166 0.2391344725111441 0.4306742199108469 0.24099182763744426 0.43346025260029714 0.2442421991084695 0.43415676077265974 0.24447436849925705 0.4295133729569093 0.24447436849925705 0.42440564635958394
8 0.28312499999999996 0.45203125 0.27999999999999997 0.45203125 0.27890625 0.4546875 0.27984375 0.45671875 0.28171875 0.45875000000000005 0.2846875 0.45796875000000004 0.285625 0.45578124999999997 0.28500000000000003 0.45359375
8 0.36843750000000003 0.31765625000000003 0.36531250000000004 0.31953125 0.36421875 0.32265625 0.36531250000000004 0.32578125 0.36765625 0.32609374999999996 0.37015625 0.32484375 0.37093750000000003 0.3225 0.37078125 0.31875
8 0.38656250000000003 0.32984375 0.3834375 0.33218749999999997 0.38421875 0.3353125 0.3871875 0.336875 0.39 0.33703125 0.39078124999999997 0.33468749999999997 0.3896875 0.33171875
8 0.41767273402674593 0.33966381872213963 0.4181370728083209 0.3463967310549777 0.4213874442793462 0.34546805349182763 0.4241734769687964 0.3433785289747399 0.4225482912332838 0.3408246656760773 0.42045876671619614 0.3378064635958395
8 0.39546875 0.21156250000000001 0.395625 0.2146875 0.39828125000000003 0.21578124999999998 0.40046875000000004 0.21437499999999998 0.40125 0.2125 0.40015625000000005 0.20968749999999997
8 0.33640625 0.39828125000000003 0.334375 0.40093750000000006 0.338125 0.40515625 0.3409375 0.4021875 0.3415625 0.39953125 0.339375 0.3984375
8 0.32859375 0.44109375 0.32515625 0.44140625 0.3246875 0.44718749999999996 0.32796875000000003 0.44828124999999996 0.3303125 0.44656250000000003 0.3303125 0.44343750000000004
8 0.38406250000000003 0.4684375 0.3803125 0.46921875 0.380625 0.47328125 0.38421875 0.475 0.38703125 0.47328125 0.38656250000000003 0.47015624999999994
8 0.39578125000000003 0.4646875 0.39390625 0.47015624999999994 0.39640624999999996 0.47390625000000003 0.39921875 0.47234375 0.399375 0.46968750000000004 0.39859374999999997 0.46546875
8 0.4234375 0.43203125 0.42312500000000003 0.43734375 0.42765624999999996 0.43765625 0.4265625 0.43203125
8 0.418125 0.46140625 0.41453125 0.46218750000000003 0.41515625 0.46515625 0.4184375 0.46734375000000006 0.42109375 0.46671874999999996 0.4221875 0.46328125
8 0.2676913075780089 0.526095839524517 0.26699479940564635 0.5300427191679049 0.2679234769687964 0.5353826151560178 0.2716381872213967 0.5353826151560178 0.2741920505200594 0.5342217682020802 0.27395988112927194 0.5302748885586924 0.2725668647845468 0.526095839524517
8 0.2837109955423477 0.5421155274888558 0.28463967310549776 0.5483841010401188 0.2876578751857355 0.549777117384844 0.2892830609212481 0.5474554234769687 0.2890508915304606 0.5416511887072808 0.28719353640416045 0.5386329866270431
8 0.3173755572065379 0.5442050520059435 0.3180720653789004 0.5486162704309063 0.32109026745913816 0.5516344725111442 0.32387630014858837 0.5495449479940564 0.32341196136701333 0.5465267459138187 0.3215546062407132 0.5421155274888558
8 0.300427191679049 0.5934249628528974 0.3011236998514116 0.5980683506686477 0.30483841010401186 0.6001578751857355 0.3071601040118871 0.5971396731054976 0.3053027488855869 0.5922641158989599
8 0.6239983974358975 0.249732905982906 0.624332264957265 0.25641025641025644 0.6276709401709402 0.2620860042735043 0.6323450854700855 0.2607505341880342 0.6303418803418804 0.258079594017094 0.6296741452991453 0.25340544871794873 0.6300080128205129 0.24939903846153846
8 0.6540464743589743 0.2614182692307693 0.6570512820512822 0.26609241452991456 0.6613915598290598 0.26642628205128205 0.6623931623931625 0.2624198717948718 0.6597222222222222 0.2590811965811966
8 0.663394764957265 0.2767761752136752 0.6610576923076923 0.2807825854700855 0.66272702991453 0.2857905982905983 0.6663995726495726 0.2854567307692308 0.6680689102564104 0.28145032051282054 0.6670673076923077 0.2767761752136752
8 0.661875 0.30062500000000003 0.6609375 0.3040625 0.66296875 0.30765625 0.6659375 0.306875 0.66625 0.30328125 0.6646875 0.29984375
8 0.686875 0.30093749999999997 0.68703125 0.3090625 0.6896875 0.30890625 0.6915625000000001 0.30640625 0.69078125 0.30265624999999996 0.6889062499999999 0.30046875
8 0.6275000000000001 0.3521875 0.62421875 0.35234375 0.623125 0.35953124999999997 0.6271875 0.35953124999999997 0.6278125 0.3565625 0.63171875 0.3571875 0.6364062500000001 0.35640625 0.639375 0.35343749999999996 0.6396875 0.34921875 0.6367863321799309 0.3459126297577855
8 0.73890625 0.36640625 0.7371875 0.3696875 0.735 0.3665625 0.72453125 0.36671875 0.7221875 0.37124999999999997 0.7196875 0.36609375 0.71703125 0.36609375 0.715625 0.37109375 0.71671875 0.3759375 0.74484375 0.37687499999999996 0.74875 0.37203125 0.74734375 0.3703125 0.744375 0.37078125 0.74375 0.368125 0.7443771626297578 0.36645761245674746
8 0.6703070934256056 0.3621323529411765 0.6746323529411765 0.3745674740484429 0.6822015570934257 0.37078287197231835 0.6762543252595157 0.3594290657439446
8 0.6743750000000001 0.38421875 0.67390625 0.38859374999999996 0.6754687500000001 0.39171875 0.67859375 0.39109375 0.685625 0.38875000000000004 0.6822015570934257 0.37727076124567477
8 0.63484375 0.41015625 0.6342187499999999 0.41390625 0.6346875 0.41921875000000003 0.6371875 0.4190625 0.6390625 0.4171875 0.63890625 0.41500000000000004 0.6381249999999999 0.41
8 0.62703125 0.42546875 0.62609375 0.42843749999999997 0.62734375 0.43093750000000003 0.6303124999999999 0.43140625000000005 0.6314062500000001 0.42859375 0.62953125 0.42421875
8 0.7071875000000001 0.40625 0.7067187500000001 0.40984375 0.70234375 0.41015625 0.703125 0.41375 0.7065625 0.41484375 0.7115625 0.4125 0.709234429065744 0.4043036332179931
8 0.7284375 0.42484374999999996 0.725 0.42671875000000004 0.7259375 0.43093750000000003 0.7284375 0.43125 0.7318749999999999 0.43015625 0.7328125 0.42625 0.73234375 0.42359375000000005
8 0.62171875 0.49859375000000006 0.62171875 0.50390625 0.62265625 0.5078125 0.62578125 0.5079687500000001 0.6264062499999999 0.5042187499999999 0.6251562500000001 0.49796874999999996
8 0.6485937500000001 0.5287499999999999 0.6484375 0.53296875 0.6478125 0.5376562500000001 0.65109375 0.5371875 0.6526562499999999 0.5349999999999999 0.651875 0.53015625
8 0.670625 0.5717187499999999 0.66984375 0.5790625 0.6721874999999999 0.58140625 0.6775 0.5815625 0.67640625 0.5778125000000001 0.67484375 0.5756249999999999 0.6759375000000001 0.5740624999999999 0.67453125 0.56921875
8 0.7453125 0.5240625 0.7424999999999999 0.52453125 0.74171875 0.5278125 0.743125 0.5309375000000001 0.74671875 0.53046875 0.74765625 0.52640625
8 0.75625 0.4559375 0.7537499999999999 0.45703125 0.75390625 0.4603125 0.75671875 0.46296875000000004 0.7596875 0.46109375 0.7590625 0.45671875
8 0.30228454680534916 0.42928120356612187 0.3025167161961367 0.4339245913818722 0.3013558692421991 0.4388001485884101 0.30367756315007427 0.4411218424962852 0.3071601040118871 0.438335809806835 0.3083209509658246 0.43299591381872216 0.305767087667162 0.4306742199108469
8 0.35723824786324787 0.47509348290598297 0.35623664529914534 0.4797676282051282 0.35556891025641024 0.48544337606837606 0.3602430555555556 0.48611111111111116 0.36258012820512825 0.4824385683760684 0.3609107905982906 0.4780982905982906
8 0.3418803418803419 0.5629006410256411 0.34121260683760685 0.5742521367521368 0.3448851495726496 0.5742521367521368 0.34421741452991456 0.5659054487179487
8 0.71328125 0.35484375 0.7123437499999999 0.35859375 0.7159375 0.36171875 0.7165625 0.3565625
8 0.7212500000000001 0.35203125 0.72109375 0.3571875 0.7234375 0.3578125 0.725625 0.36015625 0.72828125 0.35625 0.7306250000000001 0.355 0.72921875 0.3521875 0.72734375 0.35359375000000004 0.7259375 0.35609375
8 0.73375 0.349375 0.7329687500000001 0.35078125 0.7365625 0.35546875 0.73546875 0.3615625 0.7385937499999999 0.3628125 0.739375 0.34984375
8 0.7125 0.43734375 0.7125 0.44109375 0.71546875 0.4409375 0.71828125 0.43843750000000004
8 0.67078125 0.54625 0.66859375 0.54953125 0.67265625 0.5532812500000001 0.6746875 0.5528125 0.67484375 0.54921875
8 0.686875 0.5248437499999999 0.6876562500000001 0.53078125 0.6884375 0.534375 0.6910937500000001 0.53296875 0.6917187499999999 0.53 0.690625 0.52828125 0.6909375 0.5248437499999999
8 0.7171875 0.5396875 0.71671875 0.5446875 0.7159375 0.5471874999999999 0.72 0.5434375 0.72109375 0.54171875
9 0.25593750000000004 0.17124999999999999 0.25656249999999997 0.16625 0.2575 0.16312500000000002 0.2609375 0.161875 0.2634375 0.16218749999999998 0.26296875000000003 0.16468750000000001 0.26390625 0.16828125 0.26328125 0.17109375 0.26171875 0.17390624999999998 0.25828125 0.1746875
9 0.25453125 0.203125 0.25375000000000003 0.21046874999999998 0.25593750000000004 0.213125 0.25875 0.21125 0.25875 0.20703125 0.2575 0.20187499999999997
9 0.31437499999999996 0.195625 0.3134375 0.1990625 0.315625 0.20171875 0.31843750000000004 0.20015624999999998 0.3175 0.1953125
9 0.3698458395245171 0.1711088410104012 0.37007800891530457 0.17691307578008914 0.3763465824665676 0.17575222882615155 0.3749535661218425 0.17018016344725112
9 0.37453125 0.14890625 0.3728125 0.1525 0.37374999999999997 0.15718749999999998 0.3765625 0.15718749999999998 0.37828125 0.15546875 0.37890625 0.15265625 0.37828125 0.14875
9 0.23953125000000003 0.2628125 0.2375 0.2628125 0.23609375 0.26578124999999997 0.2365625 0.26890625 0.2384375 0.27078125000000003 0.24078125 0.27015625 0.24203125 0.26937500000000003 0.241875 0.26749999999999996 0.24109375000000002 0.26484375
9 0.284375 0.2528125 0.281875 0.255625 0.2815625 0.25765625000000003 0.2828125 0.26 0.28546875 0.25984375000000004 0.28703124999999996 0.256875 0.286875 0.2546875
9 0.315625 0.30593750000000003 0.31453125000000004 0.309375 0.315 0.31203125 0.318125 0.313125 0.31953125 0.3109375 0.32046874999999997 0.30828125 0.31906249999999997 0.305
9 0.32296874999999997 0.32218749999999996 0.32046874999999997 0.32015625000000003 0.3175 0.32046874999999997 0.318125 0.32390625 0.32 0.32687499999999997 0.32453125 0.32765625 0.32687499999999997 0.3265625 0.32515625 0.32406250000000003
9 0.25406249999999997 0.34109375000000003 0.25328125 0.34515625 0.2534375 0.34859375 0.255625 0.35078125 0.25890625 0.34921875 0.25906250000000003 0.34546875 0.258125 0.3421875
9 0.27234375 0.33718750000000003 0.27265625 0.34171874999999996 0.2740625 0.34484375 0.2778125 0.3434375 0.276875 0.33734375
9 0.29609375 0.35750000000000004 0.29390625 0.35546875 0.29171874999999997 0.35750000000000004 0.2915625 0.3603125 0.29265625 0.36359375 0.29609375 0.36359375 0.29734375 0.36140625000000004 0.29703124999999997 0.35953124999999997
9 0.22234375 0.3928125 0.22218749999999998 0.39656250000000004 0.22531249999999997 0.39875 0.22875 0.399375 0.2296875 0.39671875 0.22671875 0.3928125
9 0.26265625 0.39125 0.25953125 0.39234375 0.25921875 0.3953125 0.25968749999999996 0.39890625 0.26234375 0.39968750000000003 0.26390625 0.39703125 0.26421875 0.39390625
9 0.24122399702823177 0.42370913818722133 0.23843796433878156 0.42649517087667166 0.2391344725111441 0.4306742199108469 0.24099182763744426 0.43346025260029714 0.2442421991084695 0.43415676077265974 0.24447436849925705 0.4295133729569093 0.24447436849925705 0.42440564635958394
9 0.28312499999999996 0.45203125 0.27999999999999997 0.45203125 0.27890625 0.4546875 0.27984375 0.45671875 0.28171875 0.45875000000000005 0.2846875 0.45796875000000004 0.285625 0.45578124999999997 0.28500000000000003 0.45359375
9 0.36843750000000003 0.31765625000000003 0.36531250000000004 0.31953125 0.36421875 0.32265625 0.36531250000000004 0.32578125 0.36765625 0.32609374999999996 0.37015625 0.32484375 0.37093750000000003 0.3225 0.37078125 0.31875
9 0.38656250000000003 0.32984375 0.3834375 0.33218749999999997 0.38421875 0.3353125 0.3871875 0.336875 0.39 0.33703125 0.39078124999999997 0.33468749999999997 0.3896875 0.33171875
9 0.41767273402674593 0.33966381872213963 0.4181370728083209 0.3463967310549777 0.4213874442793462 0.34546805349182763 0.4241734769687964 0.3433785289747399 0.4225482912332838 0.3408246656760773 0.42045876671619614 0.3378064635958395
9 0.39546875 0.21156250000000001 0.395625 0.2146875 0.39828125000000003 0.21578124999999998 0.40046875000000004 0.21437499999999998 0.40125 0.2125 0.40015625000000005 0.20968749999999997
9 0.33640625 0.39828125000000003 0.334375 0.40093750000000006 0.338125 0.40515625 0.3409375 0.4021875 0.3415625 0.39953125 0.339375 0.3984375
9 0.32859375 0.44109375 0.32515625 0.44140625 0.3246875 0.44718749999999996 0.32796875000000003 0.44828124999999996 0.3303125 0.44656250000000003 0.3303125 0.44343750000000004
9 0.38406250000000003 0.4684375 0.3803125 0.46921875 0.380625 0.47328125 0.38421875 0.475 0.38703125 0.47328125 0.38656250000000003 0.47015624999999994
9 0.39578125000000003 0.4646875 0.39390625 0.47015624999999994 0.39640624999999996 0.47390625000000003 0.39921875 0.47234375 0.399375 0.46968750000000004 0.39859374999999997 0.46546875
9 0.4234375 0.43203125 0.42312500000000003 0.43734375 0.42765624999999996 0.43765625 0.4265625 0.43203125
9 0.418125 0.46140625 0.41453125 0.46218750000000003 0.41515625 0.46515625 0.4184375 0.46734375000000006 0.42109375 0.46671874999999996 0.4221875 0.46328125
9 0.2676913075780089 0.526095839524517 0.26699479940564635 0.5300427191679049 0.2679234769687964 0.5353826151560178 0.2716381872213967 0.5353826151560178 0.2741920505200594 0.5342217682020802 0.27395988112927194 0.5302748885586924 0.2725668647845468 0.526095839524517
9 0.2837109955423477 0.5421155274888558 0.28463967310549776 0.5483841010401188 0.2876578751857355 0.549777117384844 0.2892830609212481 0.5474554234769687 0.2890508915304606 0.5416511887072808 0.28719353640416045 0.5386329866270431
9 0.3173755572065379 0.5442050520059435 0.3180720653789004 0.5486162704309063 0.32109026745913816 0.5516344725111442 0.32387630014858837 0.5495449479940564 0.32341196136701333 0.5465267459138187 0.3215546062407132 0.5421155274888558
9 0.300427191679049 0.5934249628528974 0.3011236998514116 0.5980683506686477 0.30483841010401186 0.6001578751857355 0.3071601040118871 0.5971396731054976 0.3053027488855869 0.5922641158989599
9 0.6239983974358975 0.249732905982906 0.624332264957265 0.25641025641025644 0.6276709401709402 0.2620860042735043 0.6323450854700855 0.2607505341880342 0.6303418803418804 0.258079594017094 0.6296741452991453 0.25340544871794873 0.6300080128205129 0.24939903846153846
9 0.6540464743589743 0.2614182692307693 0.6570512820512822 0.26609241452991456 0.6613915598290598 0.26642628205128205 0.6623931623931625 0.2624198717948718 0.6597222222222222 0.2590811965811966
9 0.663394764957265 0.2767761752136752 0.6610576923076923 0.2807825854700855 0.66272702991453 0.2857905982905983 0.6663995726495726 0.2854567307692308 0.6680689102564104 0.28145032051282054 0.6670673076923077 0.2767761752136752
9 0.661875 0.30062500000000003 0.6609375 0.3040625 0.66296875 0.30765625 0.6659375 0.306875 0.66625 0.30328125 0.6646875 0.29984375
9 0.686875 0.30093749999999997 0.68703125 0.3090625 0.6896875 0.30890625 0.6915625000000001 0.30640625 0.69078125 0.30265624999999996 0.6889062499999999 0.30046875
9 0.6275000000000001 0.3521875 0.62421875 0.35234375 0.623125 0.35953124999999997 0.6271875 0.35953124999999997 0.6278125 0.3565625 0.63171875 0.3571875 0.6364062500000001 0.35640625 0.639375 0.35343749999999996 0.6396875 0.34921875 0.6367863321799309 0.3459126297577855
9 0.73890625 0.36640625 0.7371875 0.3696875 0.735 0.3665625 0.72453125 0.36671875 0.7221875 0.37124999999999997 0.7196875 0.36609375 0.71703125 0.36609375 0.715625 0.37109375 0.71671875 0.3759375 0.74484375 0.37687499999999996 0.74875 0.37203125 0.74734375 0.3703125 0.744375 0.37078125 0.74375 0.368125 0.7443771626297578 0.36645761245674746
9 0.6703070934256056 0.3621323529411765 0.6746323529411765 0.3745674740484429 0.6822015570934257 0.37078287197231835 0.6762543252595157 0.3594290657439446
9 0.6743750000000001 0.38421875 0.67390625 0.38859374999999996 0.6754687500000001 0.39171875 0.67859375 0.39109375 0.685625 0.38875000000000004 0.6822015570934257 0.37727076124567477
9 0.63484375 0.41015625 0.6342187499999999 0.41390625 0.6346875 0.41921875000000003 0.6371875 0.4190625 0.6390625 0.4171875 0.63890625 0.41500000000000004 0.6381249999999999 0.41
9 0.62703125 0.42546875 0.62609375 0.42843749999999997 0.62734375 0.43093750000000003 0.6303124999999999 0.43140625000000005 0.6314062500000001 0.42859375 0.62953125 0.42421875
9 0.7071875000000001 0.40625 0.7067187500000001 0.40984375 0.70234375 0.41015625 0.703125 0.41375 0.7065625 0.41484375 0.7115625 0.4125 0.709234429065744 0.4043036332179931
9 0.7284375 0.42484374999999996 0.725 0.42671875000000004 0.7259375 0.43093750000000003 0.7284375 0.43125 0.7318749999999999 0.43015625 0.7328125 0.42625 0.73234375 0.42359375000000005
9 0.62171875 0.49859375000000006 0.62171875 0.50390625 0.62265625 0.5078125 0.62578125 0.5079687500000001 0.6264062499999999 0.5042187499999999 0.6251562500000001 0.49796874999999996
9 0.6485937500000001 0.5287499999999999 0.6484375 0.53296875 0.6478125 0.5376562500000001 0.65109375 0.5371875 0.6526562499999999 0.5349999999999999 0.651875 0.53015625
9 0.670625 0.5717187499999999 0.66984375 0.5790625 0.6721874999999999 0.58140625 0.6775 0.5815625 0.67640625 0.5778125000000001 0.67484375 0.5756249999999999 0.6759375000000001 0.5740624999999999 0.67453125 0.56921875
9 0.7453125 0.5240625 0.7424999999999999 0.52453125 0.74171875 0.5278125 0.743125 0.5309375000000001 0.74671875 0.53046875 0.74765625 0.52640625
9 0.75625 0.4559375 0.7537499999999999 0.45703125 0.75390625 0.4603125 0.75671875 0.46296875000000004 0.7596875 0.46109375 0.7590625 0.45671875
9 0.30228454680534916 0.42928120356612187 0.3025167161961367 0.4339245913818722 0.3013558692421991 0.4388001485884101 0.30367756315007427 0.4411218424962852 0.3071601040118871 0.438335809806835 0.3083209509658246 0.43299591381872216 0.305767087667162 0.4306742199108469
9 0.35723824786324787 0.47509348290598297 0.35623664529914534 0.4797676282051282 0.35556891025641024 0.48544337606837606 0.3602430555555556 0.48611111111111116 0.36258012820512825 0.4824385683760684 0.3609107905982906 0.4780982905982906
9 0.3418803418803419 0.5629006410256411 0.34121260683760685 0.5742521367521368 0.3448851495726496 0.5742521367521368 0.34421741452991456 0.5659054487179487
9 0.71328125 0.35484375 0.7123437499999999 0.35859375 0.7159375 0.36171875 0.7165625 0.3565625
9 0.7212500000000001 0.35203125 0.72109375 0.3571875 0.7234375 0.3578125 0.725625 0.36015625 0.72828125 0.35625 0.7306250000000001 0.355 0.72921875 0.3521875 0.72734375 0.35359375000000004 0.7259375 0.35609375
9 0.73375 0.349375 0.7329687500000001 0.35078125 0.7365625 0.35546875 0.73546875 0.3615625 0.7385937499999999 0.3628125 0.739375 0.34984375
9 0.7125 0.43734375 0.7125 0.44109375 0.71546875 0.4409375 0.71828125 0.43843750000000004
9 0.67078125 0.54625 0.66859375 0.54953125 0.67265625 0.5532812500000001 0.6746875 0.5528125 0.67484375 0.54921875
9 0.686875 0.5248437499999999 0.6876562500000001 0.53078125 0.6884375 0.534375 0.6910937500000001 0.53296875 0.6917187499999999 0.53 0.690625 0.52828125 0.6909375 0.5248437499999999
9 0.7171875 0.5396875 0.71671875 0.5446875 0.7159375 0.5471874999999999 0.72 0.5434375 0.72109375 0.54171875
