8 0.2653663079470199 0.5318191225165563 0.2751966059602649 0.5292322019867549 0.28502690397350994 0.5297495860927153 0.29433981788079466 0.5328538907284768 0.287096440397351 0.5364755794701986 0.27623137417218546 0.5364755794701986 0.2679532284768212 0.5364755794701986
8 0.19914114238410593 0.5426841887417219 0.20121067880794702 0.5504449503311257 0.2105235927152318 0.5530318708609271 0.21104097682119205 0.5406146523178808
8 0.21569743377483444 0.5157802152317881 0.21362789735099338 0.5204366721854304 0.21931912251655628 0.5250931291390728 0.22552773178807944 0.5219888245033112 0.22087127483443708 0.5173323675496688
8 0.31606995033112584 0.523540976821192 0.3119308774834437 0.5338886589403973 0.3284871688741722 0.5344060430463575 0.32434809602649006 0.5302669701986755 0.32176117549668876 0.525610513245033
8 0.20328021523178808 0.9819432947019868 0.20638451986754966 0.9897040562913908 0.21362789735099338 0.9928083609271523 0.21983650662251658 0.9907388245033113 0.21724958609271522 0.9850475993377484 0.2131105132450331 0.9834954470198676
8 0.25139693708609273 0.5607926324503311 0.2560533940397351 0.5664838576158939 0.2627793874172185 0.5644143211920529 0.261744619205298 0.5597578642384106
8 0.13705504966887413 0.5359581953642383 0.14740273178807944 0.5457884933774835 0.15826779801324503 0.5457884933774835 0.16344163907284764 0.5395798841059603 0.16240687086092714 0.5318191225165563 0.15568087748344367 0.5281974337748344 0.14843749999999997 0.5292322019867549 0.1468853476821192 0.5364755794701986
8 0.2250103476821192 0.16240687086092714 0.22035389072847683 0.1670633278145695 0.22345819536423842 0.1763762417218543 0.23328849337748342 0.17378932119205295 0.23432326158940397 0.16758071192052978
8 0.09928600993377482 0.7863721026490066 0.09618170529801323 0.7951676324503311 0.1023903145695364 0.7998240894039734 0.1111858443708609 0.7982719370860927 0.10704677152317879 0.7925807119205298
8 0.12825951986754963 0.7982719370860927 0.12412044701986753 0.802928394039735 0.12981167218543044 0.8096543874172186 0.1380898178807947 0.8112065397350994 0.1422288907284768 0.8039631622516558 0.13860720198675494 0.7987893211920529
8 0.21880173841059603 0.7739548841059603 0.2069019039735099 0.7744722682119205 0.20276283112582782 0.781198261589404 0.2131105132450331 0.7925807119205298 0.22138865894039736 0.7936154801324503 0.2265625 0.7884416390728476 0.23380587748344372 0.7863721026490066 0.23070157284768214 0.7786113410596026 0.22604511589403975 0.7749896523178808
8 0.175858857615894 0.7620550496688742 0.1686154801324503 0.7584333609271523 0.1629242549668874 0.7573985927152317 0.166028559602649 0.7672288907284768 0.17534147350993373 0.7729201158940396 0.18103269867549668 0.7729201158940396 0.1851717715231788 0.7770591887417219 0.18672392384105957 0.7646419701986755
8 0.208971440397351 0.8049979304635763 0.2100062086092715 0.8148282284768212 0.21673220198675497 0.8189673013245035 0.22242342715231786 0.8184499172185431 0.22242342715231786 0.8112065397350994 0.21931912251655628 0.8065500827814571
8 0.18827607615894038 0.8469060430463576 0.1789631622516556 0.8489755794701986 0.175858857615894 0.8557015728476822 0.18361961920529798 0.8650144867549668 0.19500206953642382 0.8619101821192053 0.20483236754966888 0.8536320364238412 0.19758899006622516 0.849492963576159
8 0.1629242549668874 0.8691535596026491 0.17223716887417215 0.8774317052980132 0.17534147350993373 0.8888141556291391 0.17999793046357612 0.8919184602649007 0.18672392384105957 0.8836403145695364 0.18827607615894038 0.8727752483443709 0.18155008278145693 0.8681187913907286 0.1732719370860927 0.8665666390728477
8 0.07703849337748343 0.6146005794701986 0.06824296357615893 0.6140831953642383 0.062034354304635754 0.6166701158940396 0.06824296357615893 0.6239134933774835 0.08014279801324502 0.6265004139072847 0.08428187086092714 0.6223613410596026 0.09152524834437084 0.6208091887417219 0.08997309602649005 0.6166701158940396 0.08376448675496688 0.6156353476821191
8 0.1111858443708609 0.5721750827814569 0.10290769867549668 0.5768315397350994 0.10549461920529798 0.5814879966887416 0.11066846026490065 0.5851096854304635 0.11325538079470196 0.589766142384106 0.11739445364238407 0.584074917218543 0.11894660596026488 0.576314155629139
8 0.20121067880794702 0.5814879966887416 0.19603683774834435 0.5866618377483444 0.2001759105960265 0.5928704470198676 0.20431498344370863 0.5970095198675496 0.19603683774834435 0.5975269039735098 0.1939673013245033 0.6011485927152317 0.2058671357615894 0.6047702814569537 0.21104097682119205 0.603735513245033 0.21362789735099338 0.5954573675496688 0.2120757450331126 0.5876966059602649 0.2069019039735099 0.5830401490066225
8 0.011330711920529788 0.6384002483443708 0.00615687086092714 0.6451262417218542 0.009778559602648994 0.6508174668874172 0.0185740894039735 0.6482305463576158 0.019091473509933763 0.6415045529801324
8 0.18620653973509932 0.6228787251655629 0.1789631622516556 0.6223613410596026 0.1779283940397351 0.6296047185430462 0.1877586920529801 0.6363307119205298 0.1939673013245033 0.6306394867549668
8 0.2720923013245033 0.7423944536423841 0.25967508278145696 0.7548116721854304 0.2545012417218543 0.7615376655629139 0.2648489238410596 0.7636072019867549 0.2669184602649007 0.7729201158940396 0.2767487582781457 0.7703331953642383 0.28502690397350994 0.7687810430463575 0.2927876655629139 0.7646419701986755 0.296926738410596 0.7548116721854304 0.2912355132450331 0.7470509105960265 0.28399213576158944 0.7418770695364237
8 0.19189776490066224 0.6715128311258278 0.18103269867549668 0.6720302152317881 0.1789631622516556 0.6782388245033112 0.18982822847682118 0.6834126655629139 0.20431498344370863 0.6828952814569536 0.2120757450331126 0.679790976821192 0.2105235927152318 0.6735823675496688 0.1996585264900662 0.6720302152317881
8 0.2632967715231788 0.6539217715231788 0.2576055463576159 0.6508174668874172 0.2508795529801325 0.6513348509933774 0.24570571192052978 0.6565086920529801 0.25967508278145696 0.662199917218543 0.2736444536423841 0.6632346854304635 0.2803704470198675 0.6601303807947019 0.2788182947019867 0.6549565397350994 0.27157491721854304 0.6539217715231788
8 0.22914942052980133 0.746016142384106 0.23380587748344372 0.7594681291390728 0.23018418874172183 0.7641245860927152 0.22707988410596025 0.7584333609271523 0.21983650662251658 0.7517073675496688 0.21104097682119205 0.7465335264900662 0.20328021523178808 0.7382553807947019 0.20741928807947022 0.7356684602649006 0.20224544701986752 0.7289424668874172 0.2058671357615894 0.7232512417218542 0.2115583609271523 0.730494619205298 0.21569743377483444 0.7258381622516555 0.22552773178807944 0.7284250827814569 0.23328849337748342 0.7356684602649006 0.2400144867549669 0.7382553807947019 0.24984478476821192 0.740324917218543 0.24984478476821192 0.7486030629139073 0.24363617549668876 0.7517073675496688 0.23432326158940397 0.7475682947019867
8 0.3445260761589404 0.7605028973509933 0.339869619205298 0.7667115066225165 0.3460782284768212 0.7729201158940396 0.35280422185430466 0.769815811258278 0.35125206953642385 0.7636072019867549
8 0.3181394867549669 0.7894764072847682 0.31348302980132453 0.7936154801324503 0.3207264072847682 0.7993067052980132 0.3284871688741722 0.7951676324503311
8 0.04289114238410595 0.5556187913907285 0.038234685430463565 0.5618274006622517 0.04340852649006621 0.5675186258278145 0.05013451986754965 0.5649317052980132 0.04909975165562913 0.5582057119205298
8 0.07031249999999999 0.5261278973509933 0.062034354304635754 0.5281974337748344 0.0672081953642384 0.533371274834437 0.0760037251655629 0.533371274834437 0.08686879139072846 0.531301738410596 0.08583402317880794 0.5266452814569537 0.07807326158940396 0.5276800496688742
8 0.11687706953642382 0.613565811258278 0.10187293046357612 0.619257036423841 0.10756415562913905 0.6244308774834437 0.11998137417218542 0.624948261589404 0.12981167218543044 0.6228787251655629 0.13653766556291388 0.619257036423841 0.1334333609271523 0.6146005794701986 0.12567259933774833 0.6120136589403973
8 0.15361134105960264 0.5990790562913907 0.14585057947019867 0.5995964403973509 0.1510244205298013 0.609426738410596 0.16085471854304634 0.6130484271523178 0.16085471854304634 0.6078745860927152 0.15671564569536423 0.603735513245033
8 0.04082160596026489 0.6808257450331126 0.04392591059602648 0.6891038907284768 0.05168667218543045 0.689621274834437 0.05427359271523178 0.6828952814569536 0.049617135761589395 0.6808257450331126
8 0.17534147350993373 0.7004863410596026 0.16809809602649003 0.7025558774834437 0.17016763245033112 0.7103166390728476 0.17741100993377482 0.7097992549668873 0.17948054635761587 0.7041080298013245
8 0.6922081953642383 0.5162975993377483 0.7025558774834437 0.5328538907284768 0.7118687913907285 0.5318191225165563 0.7185947847682119 0.5276800496688742 0.7113514072847682 0.5240583609271523 0.7041080298013245 0.5183671357615893 0.6999689569536424 0.5126759105960265
8 0.47283733443708603 0.9120964403973509 0.48318501655629137 0.9214093543046358 0.4940500827814569 0.9322744205298014 0.5018108443708609 0.9312396523178809 0.5012934602649006 0.921926738410596 0.496119619205298 0.9152007450331127 0.4873240894039735 0.9141659768211922
8 0.1763762417218543 0.9607305463576159 0.175858857615894 0.9767694536423841 0.1851717715231788 0.9778042218543046 0.19034561258278143 0.9669391556291391
8 0.17844577814569534 0.9172702814569537 0.18258485099337746 0.9234788907284768 0.1877586920529801 0.9224441225165563
8 0.19189776490066224 0.9162355132450332 0.2058671357615894 0.9265831953642385 0.21104097682119205 0.9296875 0.2120757450331126 0.9203745860927153 0.2069019039735099 0.9141659768211922 0.19914114238410593 0.9136485927152318
8 0.19551945364238407 0.15723302980132448 0.17948054635761587 0.15930256622516553 0.175858857615894 0.16551117549668873 0.18568915562913907 0.16809809602649003 0.19293253311258277 0.17275455298013243 0.20121067880794702 0.17223716887417215 0.20121067880794702 0.1644764072847682
8 0.21724958609271522 0.1479201158940397 0.20948882450331124 0.15154180463576156 0.2115583609271523 0.15930256622516553 0.21828435430463577 0.15826779801324503
8 0.7289424668874172 0.5856270695364237 0.7237686258278145 0.5892487582781457 0.7289424668874172 0.5944225993377483 0.7361858443708609 0.5939052152317881 0.7367032284768211 0.5887313741721854
8 0.7015211092715231 0.6156353476821191 0.6994515728476821 0.6223613410596026 0.7066949503311257 0.6327090231788078 0.7154904801324503 0.634778559602649 0.712903559602649 0.627017798013245
8 0.7563638245033112 0.584074917218543 0.7527421357615893 0.5923530629139073 0.7605028973509933 0.5944225993377483 0.7630898178807947 0.5871792218543046
8 0.5157802152317881 0.7134209437086092 0.5261278973509933 0.7232512417218542 0.5385451158940396 0.7263555463576158 0.5463058774834437 0.7279076986754967 0.5447537251655629 0.7222164735099337 0.5364755794701986 0.7175600165562914 0.5287148178807947 0.7139383278145695
8 0.24467094370860928 0.6140831953642383 0.23587541390728478 0.6151179635761589 0.23742756622516556 0.6223613410596026 0.244153559602649 0.6265004139072847 0.25294908940397354 0.6254656456953642 0.2560533940397351 0.619257036423841 0.24984478476821192 0.6156353476821191
8 0.3419665012406948 0.6145316377171215 0.33537531017369726 0.616470223325062 0.33576302729528534 0.6215105459057072 0.34274193548387094 0.625387717121588 0.3501085607940447 0.6277140198511166 0.35437344913151364 0.6242245657568237 0.3532102977667494 0.6187965260545905 0.3489454094292804 0.6160825062034739
8 0.3555366004962779 0.7048697270471463 0.3582506203473945 0.7106854838709677 0.36445409429280395 0.7145626550868486 0.3652295285359801 0.7083591811414391 0.36096464019851116 0.7052574441687345
8 0.36833126550868484 0.7021557071960298 0.3881048387096774 0.6986662531017369 0.40477667493796526 0.6955645161290323 0.41640818858560796 0.6936259305210918 0.4105924317617866 0.703318858560794 0.40167493796526055 0.7083591811414391 0.3927574441687345 0.7141749379652605 0.38190136476426795 0.716113523573201 0.3729838709677419 0.7133995037220843
8 0.2642741354466859 0.611896613832853 0.27823306916426516 0.6087445965417867 0.28994056195965423 0.6087445965417867 0.298946325648415 0.6127971902017291 0.3142561239193084 0.6177503602305475 0.32461275216138336 0.6195515129682997 0.321010446685879 0.6294578530259366 0.3129052593659943 0.6371127521613833 0.31155439481268016 0.6272064121037464 0.30254863112391933 0.6290075648414986 0.2917417146974064 0.6272064121037464 0.28273595100864557 0.6191012247838616 0.27598162824207495 0.6163994956772334
8 0.21879502881844384 0.6879953170028819 0.21384185878962542 0.7033051152737751 0.21564301152737758 0.7132114553314121 0.22825108069164268 0.7186149135446686 0.24446145533141211 0.7199657780979827 0.25706952449567727 0.7195154899135446 0.26247298270893377 0.7091588616714697 0.27057817002881845 0.7073577089337175 0.2732798991354467 0.6979016570605187 0.2737301873198848 0.6920479106628241 0.25706952449567727 0.6929484870317003 0.24356087896253603 0.6911473342939481 0.2273505043227666 0.6884456051873198
8 0.29039085014409227 0.7136617435158501 0.2863382564841499 0.7285212536023055 0.2980457492795389 0.7289715417867435 0.3111041066282421 0.7267201008645533 0.33722082132564846 0.7244686599423631 0.3268641930835735 0.7208663544668588 0.3111041066282421 0.7190652017291066
8 0.32641390489913547 0.6762878242074928 0.33496938040345825 0.6888958933717579 0.3399225504322767 0.6970010806916427 0.3313670749279539 0.6938490634005763 0.32461275216138336 0.6929484870317003 0.3259636167146974 0.700153097982709 0.3376711095100865 0.701503962536023 0.3484780259365995 0.7024045389048992 0.3570335014409222 0.700603386167147 0.35748378962536026 0.6911473342939481 0.3646884005763689 0.6798901296829971 0.3480277377521614 0.6713346541786743 0.3390219740634006 0.6713346541786743 0.3444254322766571 0.6821415706051873 0.3484780259365995 0.6852935878962536 0.3399225504322767 0.6816912824207493
8 0.2410973837209302 0.5994731104651163 0.23610101744186043 0.6035610465116279 0.2410973837209302 0.6081031976744187 0.24972747093023254 0.610374273255814 0.2574491279069767 0.6112827034883721 0.26244549418604646 0.6085574127906976 0.26244549418604646 0.6017441860465117 0.2579033430232558 0.5985646802325582 0.24791061046511625 0.5985646802325582
8 0.1499399038461539 0.6246995192307692 0.1304086538461539 0.6457331730769231 0.11237980769230775 0.6637620192307692 0.10336538461538466 0.6832932692307693 0.12890625 0.6847956730769231 0.1484375 0.6847956730769231 0.15393518518518517 0.6695601851851851 0.1484375 0.6592548076923077 0.15046296296296297 0.646412037037037 0.1484375 0.6412259615384615
8 0.1753472222222222 0.7922453703703703 0.16608796296296297 0.8009259259259259 0.16898148148148145 0.806712962962963 0.17650462962962962 0.8084490740740741 0.18171296296296297 0.8009259259259259 0.1857638888888889 0.7945601851851851 0.1857638888888889 0.7905092592592592
8 0.14641203703703703 0.8310185185185185 0.1423611111111111 0.8396990740740741 0.1423611111111111 0.8449074074074074 0.14699074074074073 0.8501157407407407 0.15277777777777776 0.8443287037037036 0.15740740740740738 0.8373842592592592 0.1545138888888889 0.8269675925925926
8 0.010416666666666666 0.49131944444444436 0.012731481481481479 0.5052083333333333 0.02256944444444444 0.5081018518518519 0.02256944444444444 0.5179398148148148 0.031828703703703706 0.5248842592592593 0.04282407407407407 0.521412037037037 0.04918981481481481 0.515625 0.046296296296296294 0.5040509259259258 0.03993055555555555 0.49537037037037035 0.028935185185185185 0.49131944444444436 0.021990740740740738 0.4895833333333333
8 0.007523148148148149 0.583912037037037 0.0063657407407407395 0.5949074074074073 0.012731481481481479 0.6001157407407407 0.02025462962962963 0.5943287037037036 0.023148148148148147 0.5879629629629629
8 0.3704710144927536 0.15081521739130435 0.365036231884058 0.16485507246376813 0.38541666666666663 0.16847826086956522 0.3836050724637681 0.161231884057971 0.3845108695652174 0.151268115942029 0.38858695652173914 0.14628623188405795 0.3976449275362319 0.14945652173913043 0.3971920289855072 0.14175724637681159 0.4017210144927536 0.13768115942028986 0.40896739130434784 0.13677536231884058 0.40534420289855067 0.13179347826086957 0.39492753623188404 0.12952898550724637 0.3872282608695652 0.129981884057971 0.38541666666666663 0.13632246376811594 0.37862318840579706 0.13677536231884058 0.3709239130434782 0.13677536231884058 0.3704710144927536 0.14039855072463767 0.35733695652173914 0.14356884057971014
8 0.35643115942028986 0.17391304347826086 0.34737318840579706 0.1743659420289855 0.3446557971014493 0.18115942028985504 0.353713768115942 0.1816123188405797 0.36141304347826086 0.18568840579710144 0.37454710144927533 0.1888586956521739 0.384963768115942 0.1875 0.38405797101449274 0.1779891304347826 0.37862318840579706 0.1721014492753623 0.3713768115942029 0.16847826086956522 0.36367753623188404 0.1698369565217391
9 0.2653663079470199 0.5318191225165563 0.2751966059602649 0.5292322019867549 0.28502690397350994 0.5297495860927153 0.29433981788079466 0.5328538907284768 0.287096440397351 0.5364755794701986 0.27623137417218546 0.5364755794701986 0.2679532284768212 0.5364755794701986
9 0.19914114238410593 0.5426841887417219 0.20121067880794702 0.5504449503311257 0.2105235927152318 0.5530318708609271 0.21104097682119205 0.5406146523178808
9 0.21569743377483444 0.5157802152317881 0.21362789735099338 0.5204366721854304 0.21931912251655628 0.5250931291390728 0.22552773178807944 0.5219888245033112 0.22087127483443708 0.5173323675496688
9 0.31606995033112584 0.523540976821192 0.3119308774834437 0.5338886589403973 0.3284871688741722 0.5344060430463575 0.32434809602649006 0.5302669701986755 0.32176117549668876 0.525610513245033
9 0.20328021523178808 0.9819432947019868 0.20638451986754966 0.9897040562913908 0.21362789735099338 0.9928083609271523 0.21983650662251658 0.9907388245033113 0.21724958609271522 0.9850475993377484 0.2131105132450331 0.9834954470198676
9 0.25139693708609273 0.5607926324503311 0.2560533940397351 0.5664838576158939 0.2627793874172185 0.5644143211920529 0.261744619205298 0.5597578642384106
9 0.13705504966887413 0.5359581953642383 0.14740273178807944 0.5457884933774835 0.15826779801324503 0.5457884933774835 0.16344163907284764 0.5395798841059603 0.16240687086092714 0.5318191225165563 0.15568087748344367 0.5281974337748344 0.14843749999999997 0.5292322019867549 0.1468853476821192 0.5364755794701986
9 0.2250103476821192 0.16240687086092714 0.22035389072847683 0.1670633278145695 0.22345819536423842 0.1763762417218543 0.23328849337748342 0.17378932119205295 0.23432326158940397 0.16758071192052978
9 0.09928600993377482 0.7863721026490066 0.09618170529801323 0.7951676324503311 0.1023903145695364 0.7998240894039734 0.1111858443708609 0.7982719370860927 0.10704677152317879 0.7925807119205298
9 0.12825951986754963 0.7982719370860927 0.12412044701986753 0.802928394039735 0.12981167218543044 0.8096543874172186 0.1380898178807947 0.8112065397350994 0.1422288907284768 0.8039631622516558 0.13860720198675494 0.7987893211920529
9 0.21880173841059603 0.7739548841059603 0.2069019039735099 0.7744722682119205 0.20276283112582782 0.781198261589404 0.2131105132450331 0.7925807119205298 0.22138865894039736 0.7936154801324503 0.2265625 0.7884416390728476 0.23380587748344372 0.7863721026490066 0.23070157284768214 0.7786113410596026 0.22604511589403975 0.7749896523178808
9 0.175858857615894 0.7620550496688742 0.1686154801324503 0.7584333609271523 0.1629242549668874 0.7573985927152317 0.166028559602649 0.7672288907284768 0.17534147350993373 0.7729201158940396 0.18103269867549668 0.7729201158940396 0.1851717715231788 0.7770591887417219 0.18672392384105957 0.7646419701986755
9 0.208971440397351 0.8049979304635763 0.2100062086092715 0.8148282284768212 0.21673220198675497 0.8189673013245035 0.22242342715231786 0.8184499172185431 0.22242342715231786 0.8112065397350994 0.21931912251655628 0.8065500827814571
9 0.18827607615894038 0.8469060430463576 0.1789631622516556 0.8489755794701986 0.175858857615894 0.8557015728476822 0.18361961920529798 0.8650144867549668 0.19500206953642382 0.8619101821192053 0.20483236754966888 0.8536320364238412 0.19758899006622516 0.849492963576159
9 0.1629242549668874 0.8691535596026491 0.17223716887417215 0.8774317052980132 0.17534147350993373 0.8888141556291391 0.17999793046357612 0.8919184602649007 0.18672392384105957 0.8836403145695364 0.18827607615894038 0.8727752483443709 0.18155008278145693 0.8681187913907286 0.1732719370860927 0.8665666390728477
9 0.07703849337748343 0.6146005794701986 0.06824296357615893 0.6140831953642383 0.062034354304635754 0.6166701158940396 0.06824296357615893 0.6239134933774835 0.08014279801324502 0.6265004139072847 0.08428187086092714 0.6223613410596026 0.09152524834437084 0.6208091887417219 0.08997309602649005 0.6166701158940396 0.08376448675496688 0.6156353476821191
9 0.1111858443708609 0.5721750827814569 0.10290769867549668 0.5768315397350994 0.10549461920529798 0.5814879966887416 0.11066846026490065 0.5851096854304635 0.11325538079470196 0.589766142384106 0.11739445364238407 0.584074917218543 0.11894660596026488 0.576314155629139
9 0.20121067880794702 0.5814879966887416 0.19603683774834435 0.5866618377483444 0.2001759105960265 0.5928704470198676 0.20431498344370863 0.5970095198675496 0.19603683774834435 0.5975269039735098 0.1939673013245033 0.6011485927152317 0.2058671357615894 0.6047702814569537 0.21104097682119205 0.603735513245033 0.21362789735099338 0.5954573675496688 0.2120757450331126 0.5876966059602649 0.2069019039735099 0.5830401490066225
9 0.011330711920529788 0.6384002483443708 0.00615687086092714 0.6451262417218542 0.009778559602648994 0.6508174668874172 0.0185740894039735 0.6482305463576158 0.019091473509933763 0.6415045529801324
9 0.18620653973509932 0.6228787251655629 0.1789631622516556 0.6223613410596026 0.1779283940397351 0.6296047185430462 0.1877586920529801 0.6363307119205298 0.1939673013245033 0.6306394867549668
9 0.2720923013245033 0.7423944536423841 0.25967508278145696 0.7548116721854304 0.2545012417218543 0.7615376655629139 0.2648489238410596 0.7636072019867549 0.2669184602649007 0.7729201158940396 0.2767487582781457 0.7703331953642383 0.28502690397350994 0.7687810430463575 0.2927876655629139 0.7646419701986755 0.296926738410596 0.7548116721854304 0.2912355132450331 0.7470509105960265 0.28399213576158944 0.7418770695364237
9 0.19189776490066224 0.6715128311258278 0.18103269867549668 0.6720302152317881 0.1789631622516556 0.6782388245033112 0.18982822847682118 0.6834126655629139 0.20431498344370863 0.6828952814569536 0.2120757450331126 0.679790976821192 0.2105235927152318 0.6735823675496688 0.1996585264900662 0.6720302152317881
9 0.2632967715231788 0.6539217715231788 0.2576055463576159 0.6508174668874172 0.2508795529801325 0.6513348509933774 0.24570571192052978 0.6565086920529801 0.25967508278145696 0.662199917218543 0.2736444536423841 0.6632346854304635 0.2803704470198675 0.6601303807947019 0.2788182947019867 0.6549565397350994 0.27157491721854304 0.6539217715231788
9 0.22914942052980133 0.746016142384106 0.23380587748344372 0.7594681291390728 0.23018418874172183 0.7641245860927152 0.22707988410596025 0.7584333609271523 0.21983650662251658 0.7517073675496688 0.21104097682119205 0.7465335264900662 0.20328021523178808 0.7382553807947019 0.20741928807947022 0.7356684602649006 0.20224544701986752 0.7289424668874172 0.2058671357615894 0.7232512417218542 0.2115583609271523 0.730494619205298 0.21569743377483444 0.7258381622516555 0.22552773178807944 0.7284250827814569 0.23328849337748342 0.7356684602649006 0.2400144867549669 0.7382553807947019 0.24984478476821192 0.740324917218543 0.24984478476821192 0.7486030629139073 0.24363617549668876 0.7517073675496688 0.23432326158940397 0.7475682947019867
9 0.3445260761589404 0.7605028973509933 0.339869619205298 0.7667115066225165 0.3460782284768212 0.7729201158940396 0.35280422185430466 0.769815811258278 0.35125206953642385 0.7636072019867549
9 0.3181394867549669 0.7894764072847682 0.31348302980132453 0.7936154801324503 0.3207264072847682 0.7993067052980132 0.3284871688741722 0.7951676324503311
9 0.04289114238410595 0.5556187913907285 0.038234685430463565 0.5618274006622517 0.04340852649006621 0.5675186258278145 0.05013451986754965 0.5649317052980132 0.04909975165562913 0.5582057119205298
9 0.07031249999999999 0.5261278973509933 0.062034354304635754 0.5281974337748344 0.0672081953642384 0.533371274834437 0.0760037251655629 0.533371274834437 0.08686879139072846 0.531301738410596 0.08583402317880794 0.5266452814569537 0.07807326158940396 0.5276800496688742
9 0.11687706953642382 0.613565811258278 0.10187293046357612 0.619257036423841 0.10756415562913905 0.6244308774834437 0.11998137417218542 0.624948261589404 0.12981167218543044 0.6228787251655629 0.13653766556291388 0.619257036423841 0.1334333609271523 0.6146005794701986 0.12567259933774833 0.6120136589403973
9 0.15361134105960264 0.5990790562913907 0.14585057947019867 0.5995964403973509 0.1510244205298013 0.609426738410596 0.16085471854304634 0.6130484271523178 0.16085471854304634 0.6078745860927152 0.15671564569536423 0.603735513245033
9 0.04082160596026489 0.6808257450331126 0.04392591059602648 0.6891038907284768 0.05168667218543045 0.689621274834437 0.05427359271523178 0.6828952814569536 0.049617135761589395 0.6808257450331126
9 0.17534147350993373 0.7004863410596026 0.16809809602649003 0.7025558774834437 0.17016763245033112 0.7103166390728476 0.17741100993377482 0.7097992549668873 0.17948054635761587 0.7041080298013245
9 0.6922081953642383 0.5162975993377483 0.7025558774834437 0.5328538907284768 0.7118687913907285 0.5318191225165563 0.7185947847682119 0.5276800496688742 0.7113514072847682 0.5240583609271523 0.7041080298013245 0.5183671357615893 0.6999689569536424 0.5126759105960265
9 0.47283733443708603 0.9120964403973509 0.48318501655629137 0.9214093543046358 0.4940500827814569 0.9322744205298014 0.5018108443708609 0.9312396523178809 0.5012934602649006 0.921926738410596 0.496119619205298 0.9152007450331127 0.4873240894039735 0.9141659768211922
9 0.1763762417218543 0.9607305463576159 0.175858857615894 0.9767694536423841 0.1851717715231788 0.9778042218543046 0.19034561258278143 0.9669391556291391
9 0.17844577814569534 0.9172702814569537 0.18258485099337746 0.9234788907284768 0.1877586920529801 0.9224441225165563
9 0.19189776490066224 0.9162355132450332 0.2058671357615894 0.9265831953642385 0.21104097682119205 0.9296875 0.2120757450331126 0.9203745860927153 0.2069019039735099 0.9141659768211922 0.19914114238410593 0.9136485927152318
9 0.19551945364238407 0.15723302980132448 0.17948054635761587 0.15930256622516553 0.175858857615894 0.16551117549668873 0.18568915562913907 0.16809809602649003 0.19293253311258277 0.17275455298013243 0.20121067880794702 0.17223716887417215 0.20121067880794702 0.1644764072847682
9 0.21724958609271522 0.1479201158940397 0.20948882450331124 0.15154180463576156 0.2115583609271523 0.15930256622516553 0.21828435430463577 0.15826779801324503
9 0.7289424668874172 0.5856270695364237 0.7237686258278145 0.5892487582781457 0.7289424668874172 0.5944225993377483 0.7361858443708609 0.5939052152317881 0.7367032284768211 0.5887313741721854
9 0.7015211092715231 0.6156353476821191 0.6994515728476821 0.6223613410596026 0.7066949503311257 0.6327090231788078 0.7154904801324503 0.634778559602649 0.712903559602649 0.627017798013245
9 0.7563638245033112 0.584074917218543 0.7527421357615893 0.5923530629139073 0.7605028973509933 0.5944225993377483 0.7630898178807947 0.5871792218543046
9 0.5157802152317881 0.7134209437086092 0.5261278973509933 0.7232512417218542 0.5385451158940396 0.7263555463576158 0.5463058774834437 0.7279076986754967 0.5447537251655629 0.7222164735099337 0.5364755794701986 0.7175600165562914 0.5287148178807947 0.7139383278145695
9 0.24467094370860928 0.6140831953642383 0.23587541390728478 0.6151179635761589 0.23742756622516556 0.6223613410596026 0.244153559602649 0.6265004139072847 0.25294908940397354 0.6254656456953642 0.2560533940397351 0.619257036423841 0.24984478476821192 0.6156353476821191
9 0.3419665012406948 0.6145316377171215 0.33537531017369726 0.616470223325062 0.33576302729528534 0.6215105459057072 0.34274193548387094 0.625387717121588 0.3501085607940447 0.6277140198511166 0.35437344913151364 0.6242245657568237 0.3532102977667494 0.6187965260545905 0.3489454094292804 0.6160825062034739
9 0.3555366004962779 0.7048697270471463 0.3582506203473945 0.7106854838709677 0.36445409429280395 0.7145626550868486 0.3652295285359801 0.7083591811414391 0.36096464019851116 0.7052574441687345
9 0.36833126550868484 0.7021557071960298 0.3881048387096774 0.6986662531017369 0.40477667493796526 0.6955645161290323 0.41640818858560796 0.6936259305210918 0.4105924317617866 0.703318858560794 0.40167493796526055 0.7083591811414391 0.3927574441687345 0.7141749379652605 0.38190136476426795 0.716113523573201 0.3729838709677419 0.7133995037220843
9 0.2642741354466859 0.611896613832853 0.27823306916426516 0.6087445965417867 0.28994056195965423 0.6087445965417867 0.298946325648415 0.6127971902017291 0.3142561239193084 0.6177503602305475 0.32461275216138336 0.6195515129682997 0.321010446685879 0.6294578530259366 0.3129052593659943 0.6371127521613833 0.31155439481268016 0.6272064121037464 0.30254863112391933 0.6290075648414986 0.2917417146974064 0.6272064121037464 0.28273595100864557 0.6191012247838616 0.27598162824207495 0.6163994956772334
9 0.21879502881844384 0.6879953170028819 0.21384185878962542 0.7033051152737751 0.21564301152737758 0.7132114553314121 0.22825108069164268 0.7186149135446686 0.24446145533141211 0.7199657780979827 0.25706952449567727 0.7195154899135446 0.26247298270893377 0.7091588616714697 0.27057817002881845 0.7073577089337175 0.2732798991354467 0.6979016570605187 0.2737301873198848 0.6920479106628241 0.25706952449567727 0.6929484870317003 0.24356087896253603 0.6911473342939481 0.2273505043227666 0.6884456051873198
9 0.29039085014409227 0.7136617435158501 0.2863382564841499 0.7285212536023055 0.2980457492795389 0.7289715417867435 0.3111041066282421 0.7267201008645533 0.33722082132564846 0.7244686599423631 0.3268641930835735 0.7208663544668588 0.3111041066282421 0.7190652017291066
9 0.32641390489913547 0.6762878242074928 0.33496938040345825 0.6888958933717579 0.3399225504322767 0.6970010806916427 0.3313670749279539 0.6938490634005763 0.32461275216138336 0.6929484870317003 0.3259636167146974 0.700153097982709 0.3376711095100865 0.701503962536023 0.3484780259365995 0.7024045389048992 0.3570335014409222 0.700603386167147 0.35748378962536026 0.6911473342939481 0.3646884005763689 0.6798901296829971 0.3480277377521614 0.6713346541786743 0.3390219740634006 0.6713346541786743 0.3444254322766571 0.6821415706051873 0.3484780259365995 0.6852935878962536 0.3399225504322767 0.6816912824207493
9 0.2410973837209302 0.5994731104651163 0.23610101744186043 0.6035610465116279 0.2410973837209302 0.6081031976744187 0.24972747093023254 0.610374273255814 0.2574491279069767 0.6112827034883721 0.26244549418604646 0.6085574127906976 0.26244549418604646 0.6017441860465117 0.2579033430232558 0.5985646802325582 0.24791061046511625 0.5985646802325582
9 0.1499399038461539 0.6246995192307692 0.1304086538461539 0.6457331730769231 0.11237980769230775 0.6637620192307692 0.10336538461538466 0.6832932692307693 0.12890625 0.6847956730769231 0.1484375 0.6847956730769231 0.15393518518518517 0.6695601851851851 0.1484375 0.6592548076923077 0.15046296296296297 0.646412037037037 0.1484375 0.6412259615384615
9 0.1753472222222222 0.7922453703703703 0.16608796296296297 0.8009259259259259 0.16898148148148145 0.806712962962963 0.17650462962962962 0.8084490740740741 0.18171296296296297 0.8009259259259259 0.1857638888888889 0.7945601851851851 0.1857638888888889 0.7905092592592592
9 0.14641203703703703 0.8310185185185185 0.1423611111111111 0.8396990740740741 0.1423611111111111 0.8449074074074074 0.14699074074074073 0.8501157407407407 0.15277777777777776 0.8443287037037036 0.15740740740740738 0.8373842592592592 0.1545138888888889 0.8269675925925926
9 0.010416666666666666 0.49131944444444436 0.012731481481481479 0.5052083333333333 0.02256944444444444 0.5081018518518519 0.02256944444444444 0.5179398148148148 0.031828703703703706 0.5248842592592593 0.04282407407407407 0.521412037037037 0.04918981481481481 0.515625 0.046296296296296294 0.5040509259259258 0.03993055555555555 0.49537037037037035 0.028935185185185185 0.49131944444444436 0.021990740740740738 0.4895833333333333
9 0.007523148148148149 0.583912037037037 0.0063657407407407395 0.5949074074074073 0.012731481481481479 0.6001157407407407 0.02025462962962963 0.5943287037037036 0.023148148148148147 0.5879629629629629
9 0.3704710144927536 0.15081521739130435 0.365036231884058 0.16485507246376813 0.38541666666666663 0.16847826086956522 0.3836050724637681 0.161231884057971 0.3845108695652174 0.151268115942029 0.38858695652173914 0.14628623188405795 0.3976449275362319 0.14945652173913043 0.3971920289855072 0.14175724637681159 0.4017210144927536 0.13768115942028986 0.40896739130434784 0.13677536231884058 0.40534420289855067 0.13179347826086957 0.39492753623188404 0.12952898550724637 0.3872282608695652 0.129981884057971 0.38541666666666663 0.13632246376811594 0.37862318840579706 0.13677536231884058 0.3709239130434782 0.13677536231884058 0.3704710144927536 0.14039855072463767 0.35733695652173914 0.14356884057971014
9 0.35643115942028986 0.17391304347826086 0.34737318840579706 0.1743659420289855 0.3446557971014493 0.18115942028985504 0.353713768115942 0.1816123188405797 0.36141304347826086 0.18568840579710144 0.37454710144927533 0.1888586956521739 0.384963768115942 0.1875 0.38405797101449274 0.1779891304347826 0.37862318840579706 0.1721014492753623 0.3713768115942029 0.16847826086956522 0.36367753623188404 0.1698369565217391
