19 0.38366336633663367 0.23545792079207922 0.39387376237623767 0.23452970297029702 0.39944306930693074 0.23607673267326734 0.4108910891089109 0.23205445544554454 0.4127475247524752 0.22926980198019803 0.42326732673267325 0.22834158415841585 0.4214108910891089 0.23205445544554454 0.43719059405940597 0.23205445544554454 0.4375 0.23607673267326734 0.42295792079207917 0.2363861386138614 0.41305693069306926 0.2363861386138614 0.40779702970297027 0.23545792079207922 0.4056311881188119 0.23855198019801982 0.4037747524752476 0.24504950495049505 0.4037747524752476 0.24783415841584158 0.4000618811881188 0.24845297029702973 0.39913366336633666 0.2376237623762376 0.39573019801980197 0.23669554455445546 0.39696782178217827 0.24845297029702973 0.3926361386138614 0.24907178217821785 0.3917079207920792 0.2376237623762376
19 0.4028465346534654 0.27382425742574257 0.37685643564356436 0.27784653465346537 0.3818069306930693 0.2806311881188119 0.41058168316831684 0.2784653465346535 0.4118193069306931 0.275990099009901 0.43069306930693074 0.27444306930693074 0.42976485148514854 0.27258663366336633
19 0.2998143564356436 0.3152846534653465 0.3196163366336634 0.3078589108910891 0.3378712871287129 0.3066212871287129 0.36262376237623767 0.30569306930693074 0.40717821782178215 0.30538366336633666 0.3913985148514852 0.30754950495049505 0.37376237623762376 0.30847772277227725 0.3493193069306931 0.31095297029702973 0.3264232673267327 0.3131188118811881
19 0.5021658415841584 0.34344059405940597 0.505259900990099 0.3576732673267327 0.5080445544554456 0.3796410891089109 0.5111386138613861 0.39603960396039606 0.5142326732673268 0.40470297029702973 0.5145420792079208 0.41862623762376244 0.5170173267326732 0.4294554455445545 0.5238242574257426 0.4393564356435644 0.536509900990099 0.45173267326732675 0.5306311881188119 0.4421410891089109 0.5244430693069307 0.4319306930693069 0.5213490099009901 0.4214108910891089 0.5185643564356436 0.41058168316831684 0.5204207920792079 0.4025371287128713 0.5216584158415841 0.4000618811881188 0.5163985148514851 0.39851485148514854 0.5145420792079208 0.3913985148514852 0.5136138613861386 0.38242574257425743 0.5111386138613861 0.37345297029702973 0.510519801980198 0.3660272277227723 0.5080445544554456 0.3604579207920792
19 0.4600866336633664 0.38521039603960394 0.46194306930693074 0.39882425742574257 0.4625618811881188 0.4096534653465347 0.46101485148514854 0.42450495049504955 0.4653465346534654 0.41058168316831684 0.4681311881188119 0.4006806930693069 0.4641089108910891 0.3997524752475248 0.4650371287128713 0.38985148514851486
19 0.4393564356435644 0.29300742574257427 0.4607054455445545 0.29269801980198024 0.4706064356435644 0.2939356435643564 0.48174504950495056 0.2942450495049505 0.5139232673267327 0.2936262376237624 0.5241336633663367 0.29207920792079206 0.5303217821782178 0.2849628712871287 0.5408415841584159 0.2843440594059406 0.5454826732673268 0.2874381188118812 0.5971534653465347 0.2911509900990099 0.59375 0.2936262376237624 0.562190594059406 0.29455445544554454 0.5423886138613861 0.29548267326732675 0.5380569306930694 0.2939356435643564 0.5324876237623762 0.2936262376237624 0.5297029702970297 0.29579207920792083 0.5040222772277227 0.2973391089108911 0.4919554455445545 0.2988861386138614 0.47153465346534656 0.2976485148514852
19 0.4885519801980198 0.3316831683168317 0.5321782178217822 0.3319925742574258 0.5433168316831684 0.3285891089108911 0.5683787128712872 0.32735148514851486 0.6256188118811881 0.3254950495049505 0.6531559405940595 0.3254950495049505 0.676980198019802 0.3248762376237624 0.6816212871287128 0.3310643564356436 0.6775990099009901 0.3319925742574258 0.6748143564356436 0.3288985148514852 0.6540841584158417 0.3295173267326733 0.6333539603960396 0.3307549504950495 0.5996287128712872 0.33261138613861385 0.5792079207920792 0.33323019801980197 0.5655940594059407 0.33261138613861385 0.5590965346534654 0.3353960396039604 0.5278465346534654 0.3347772277227723 0.5250618811881188 0.33323019801980197
19 0.33261138613861385 0.33353960396039606 0.34251237623762376 0.327970297029703 0.37097772277227725 0.3261138613861386 0.3787128712871287 0.3276608910891089 0.3901608910891089 0.327970297029703 0.40903465346534656 0.328279702970297 0.4118193069306931 0.33044554455445546 0.4337871287128713 0.3307549504950495 0.4467821782178218 0.3307549504950495 0.4495668316831683 0.3319925742574258 0.4467821782178218 0.3353960396039604 0.4412128712871287 0.3347772277227723 0.4102722772277228 0.3347772277227723 0.40748762376237624 0.33292079207920794 0.38551980198019803 0.3341584158415842 0.3796410891089109 0.3319925742574258 0.3502475247524753 0.33044554455445546
19 0.39696782178217827 0.3502475247524753 0.39913366336633666 0.35396039603960394 0.43719059405940597 0.35457920792079206 0.4368811881188119 0.35148514851485146 0.40501237623762376 0.35179455445544555
19 0.5163985148514851 0.3759282178217822 0.5179455445544555 0.3814975247524753 0.531559405940594 0.3765470297029703 0.5445544554455446 0.3731435643564357 0.5581683168316831 0.3712871287128713 0.5767326732673268 0.3706683168316832 0.5764232673267327 0.36788366336633666 0.5686881188118812 0.36757425742574257 0.5587871287128714 0.36726485148514854 0.5504331683168318 0.36757425742574257 0.5430074257425742 0.36788366336633666 0.5331064356435644 0.37004950495049505 0.5222772277227723 0.375
19 0.5798267326732673 0.3613861386138614 0.5829207920792079 0.3666460396039604 0.6098391089108911 0.36726485148514854 0.6321163366336634 0.36819306930693074 0.6497524752475248 0.37097772277227725 0.6587252475247525 0.375 0.6726485148514851 0.3765470297029703 0.6847153465346535 0.3790222772277228 0.6964727722772277 0.38706683168316836 0.7042079207920792 0.39603960396039606 0.7085396039603961 0.40903465346534656 0.708230198019802 0.4201732673267327 0.7066831683168318 0.4347153465346535 0.7038985148514851 0.4409034653465347 0.7014232673267327 0.45049504950495056 0.7004950495049506 0.4588490099009901 0.7008044554455446 0.46379950495049505 0.7091584158415841 0.46379950495049505 0.7097772277227723 0.4594678217821782 0.7107054455445545 0.4511138613861386 0.7113242574257426 0.44028465346534656 0.7128712871287128 0.4300742574257426 0.713490099009901 0.42048267326732675 0.7141089108910891 0.4102722772277228 0.713490099009901 0.4034653465346535 0.7107054455445545 0.39696782178217827 0.7076113861386139 0.3920173267326733 0.7038985148514851 0.38675742574257427 0.6989480198019802 0.38273514851485146 0.693069306930693 0.3784034653465347 0.6896658415841584 0.37685643564356436 0.6831683168316831 0.37283415841584155 0.6741955445544555 0.369740099009901 0.6639851485148516 0.3691212871287129 0.651299504950495 0.3666460396039604 0.6339727722772277 0.3623143564356436 0.6231435643564357 0.3573638613861386 0.6123143564356436 0.35860148514851486 0.6048886138613861 0.35829207920792083 0.5869430693069307 0.35860148514851486
19 0.588799504950495 0.3886138613861386 0.5931311881188119 0.3935643564356436 0.6175742574257426 0.38954207920792083 0.6407797029702971 0.38644801980198024 0.6553217821782178 0.3849009900990099 0.6608910891089109 0.3790222772277228 0.6522277227722773 0.3731435643564357 0.6478960396039605 0.3814975247524753 0.6345915841584159 0.38335396039603964 0.625 0.38273514851485146
19 0.45575495049504955 0.4452351485148515 0.4554455445544555 0.44028465346534656 0.45575495049504955 0.4340965346534654 0.46101485148514854 0.4313118811881188 0.4681311881188119 0.421720297029703 0.46875 0.4316212871287129 0.463490099009901 0.43440594059405946 0.46039603960396047 0.43626237623762376 0.4600866336633664 0.44245049504950495 0.4600866336633664 0.4474009900990099
19 0.46998762376237624 0.4412128712871287 0.47184405940594065 0.4492574257425742 0.48298267326732675 0.4492574257425742 0.49164603960396047 0.44832920792079206 0.5012376237623762 0.4449257425742575 0.5108292079207921 0.4421410891089109 0.5160891089108911 0.44059405940594065 0.5058787128712872 0.43904702970297027 0.4993811881188119 0.4381188118811881 0.4904084158415841 0.4381188118811881
19 0.4724628712871287 0.4566831683168317 0.474009900990099 0.4613242574257426 0.49102722772277224 0.4613242574257426 0.5068069306930694 0.46163366336633666 0.5136138613861386 0.4622524752475248 0.5216584158415841 0.4659653465346535 0.5300123762376238 0.4641089108910891 0.5349628712871287 0.4625618811881188 0.5349628712871287 0.4566831683168317 0.5318688118811881 0.45420792079207917 0.5290841584158417 0.4573019801980198 0.525990099009901 0.45977722772277224 0.5213490099009901 0.4607054455445545 0.5170173267326732 0.45853960396039606 0.5129950495049506 0.4566831683168317
19 0.2939356435643564 0.46194306930693074 0.30136138613861385 0.46441831683168316 0.31095297029702973 0.4607054455445545 0.31466584158415845 0.45575495049504955 0.3251856435643564 0.44771039603960394 0.3375618811881188 0.44616336633663367 0.3347772277227723 0.45235148514851486 0.3264232673267327 0.4591584158415841 0.3152846534653465 0.46194306930693074 0.3134282178217822 0.46998762376237624 0.30569306930693074 0.46967821782178215 0.297029702970297 0.4681311881188119
19 0.33694306930693074 0.4588490099009901 0.3323019801980198 0.4628712871287129 0.32363861386138615 0.4659653465346535 0.3165222772277228 0.46782178217821785 0.30538366336633666 0.47184405940594065 0.29269801980198024 0.4743193069306931 0.2880569306930693 0.4814356435643565 0.2806311881188119 0.4941212871287129 0.27351485148514854 0.4993811881188119 0.2793935643564357 0.5018564356435644 0.2871287128712871 0.4938118811881188 0.29207920792079206 0.484220297029703 0.3010519801980198 0.4786509900990099 0.3155940594059406 0.4727722772277228 0.32054455445544555 0.4721534653465347 0.32704207920792083 0.4733910891089109 0.33261138613861385 0.47308168316831684 0.3372524752475248 0.46844059405940597 0.33879950495049505 0.46441831683168316
19 0.6430084745762712 0.2804314329738059 0.6406009244992296 0.2852465331278891 0.6509533898305084 0.29126540832049314 0.6627503852080123 0.29439522342064717 0.6743066255778121 0.29632126348228044 0.6894741910631741 0.3004140986132512 0.6988636363636364 0.30546995377503855 0.7056047765793528 0.30234013867488446 0.699826656394453 0.30113636363636365 0.696937596302003 0.29632126348228044 0.6930855161787365 0.29535824345146383 0.6897149460708782 0.29656201848998465 0.681770030816641 0.294154468412943 0.6752696456086287 0.29126540832049314 0.6726213405238829 0.28837634822804314 0.6601020801232665 0.28596879815100157 0.6521571648690292 0.2840427580893683
19 0.6499903697996918 0.2693567026194145 0.6528794298921416 0.276097842835131 0.6673247303543913 0.27898690292758094 0.6776771956856702 0.2840427580893683 0.6861036209553159 0.2866910631741141 0.6918817411402156 0.28693181818181823 0.6882704160246533 0.27946841294298924 0.6791217257318952 0.2773016178736518 0.6718990755007704 0.27585708782742685
19 0.6006355932203389 0.4508859784283513 0.647342064714946 0.45257126348228044 0.6853813559322034 0.46340523882896767 0.6824922958397535 0.4687018489984592 0.6767141756548536 0.4687018489984592 0.672862095531587 0.4655720338983051 0.6663617103235747 0.46581278890600925 0.6572130200308166 0.4643682588597843 0.6492681047765794 0.4622014637904468 0.6446937596302003 0.4602754237288136 0.6360265793528506 0.46196070878274265 0.6290446841294298 0.4612384437596302 0.6251926040061633 0.45883089368258856 0.6189329738058551 0.4607569337442219
19 0.2840427580893683 0.5086671802773497 0.2809129429892142 0.5139637904468413 0.2927099383667181 0.5139637904468413 0.30161787365177195 0.5115562403697996 0.3095627889060093 0.5036113251155624 0.31437788906009245 0.4990369799691833 0.3172669491525424 0.4877214946070878 0.31437788906009245 0.4857954545454545 0.31293335901386754 0.49325885978428347 0.30980354391371345 0.5 0.3047476887519261 0.5065003852080123 0.30017334360554704 0.5108339753466872 0.2924691833590139 0.5115562403697996 0.28958012326656396 0.510593220338983 0.28645030816640993 0.5067411402157165
19 0.3201560092449923 0.510593220338983 0.3216005392912173 0.5158898305084746 0.3312307395993837 0.5163713405238829 0.34423151001540836 0.5170936055469953 0.35265793528505396 0.5178158705701079 0.36156587057010786 0.516612095531587 0.3627696456086287 0.5144453004622496 0.369270030816641 0.5146860554699537 0.3719183359013868 0.5139637904468413 0.3687885208012327 0.5108339753466872 0.36493644067796616 0.5108339753466872 0.3613251155624037 0.5130007704160247 0.3543432203389831 0.5142045454545454
19 0.33050847457627125 0.5024075500770416 0.33773112480739603 0.5026483050847458 0.3459167950693375 0.5127600154083205 0.3548247303543914 0.5197419106317411 0.3601213405238829 0.5233532357473035 0.364695685670262 0.5252792758089369 0.36734399075500773 0.5279275808936826 0.36373266563944534 0.53009437596302 0.35843605546995383 0.5286498459167951 0.35458397534668723 0.5267238058551618
19 0.6499030649926145 0.4733428729689808 0.6531342319054654 0.47749723042836045 0.6616737444608567 0.4791128138847858 0.6667512924667651 0.47749723042836045 0.68613829394387 0.47749723042836045 0.6937546159527327 0.4814207902511079 0.698832163958641 0.4818823855243723 0.7011401403249631 0.4798052067946824 0.7106028434268834 0.4798052067946824 0.7177575701624815 0.48072839734121126 0.7156803914327917 0.4781896233382571 0.7080640694239291 0.4765740398818316 0.7138340103397341 0.47403526587887745 0.713603212703102 0.4705733013293944 0.7103720457902511 0.46826532496307244 0.7073716765140325 0.4703425036927622 0.7048329025110782 0.47472765878877404 0.7004477474150665 0.47495845642540624 0.6972165805022157 0.47495845642540624 0.6949086041358937 0.47772802806499265 0.6905234490398818 0.4763432422451994 0.6879846750369276 0.4728812776957164
19 0.4158742614475628 0.6420559453471196 0.40895033234859673 0.6478258862629247 0.4017956056129986 0.6568269940915805 0.3955640694239291 0.6651357090103398 0.3881785450516987 0.676906388478582 0.38240860413589367 0.6868306868537666 0.37756185376661744 0.6956009970457903 0.37433068685376664 0.7013709379615953 0.3784850443131462 0.7020633308714919 0.38379338995568685 0.6944470088626293 0.39002492614475626 0.6852151033973413 0.3951024741506647 0.6764447932053176 0.40110321270310195 0.6676744830132939 0.4054883677991138 0.6614429468242246 0.4142586779911374 0.6489798744460857 0.417259047267356 0.6459795051698671
19 0.5785865952732644 0.6120522525849336 0.5785865952732644 0.6187453840472673 0.586202917282127 0.6339780280649927 0.5928960487444609 0.6482874815361891 0.6030511447562776 0.6577501846381093 0.6122830502215658 0.6674436853766618 0.6219765509601182 0.6743676144756278 0.6360552067946824 0.6782911742983753 0.6443639217134416 0.6773679837518464 0.6395171713441654 0.6739060192023634 0.6298236706056131 0.671136447562777 0.6219765509601182 0.6685976735598228 0.6164374076809453 0.6628277326440177 0.6108982644017725 0.6577501846381093 0.6009739660265879 0.6443639217134416 0.5919728581979321 0.6330548375184638 0.5887416912850812 0.6247461225997046 0.5820485598227474 0.61482182422452
19 0.5995891802067947 0.6672128877400295 0.6062823116691285 0.6792143648449039 0.61482182422452 0.6926006277695717 0.6212841580502216 0.7029865214180206 0.6339780280649927 0.7140648079763664 0.6418251477104875 0.7214503323485968 0.6519802437223043 0.7260662850812408 0.6538266248153619 0.7253738921713442 0.6480566838995568 0.7179883677991137 0.6399787666174299 0.7092180576070901 0.6282080871491876 0.6974473781388479 0.619437776957164 0.6879846750369276 0.6106674667651404 0.6778295790251108 0.6030511447562776 0.665366506646972
