11 0.16680021367521364 0.46661324786324787 0.16546474358974356 0.49265491452991456 0.16813568376068372 0.5186965811965811 0.17881944444444442 0.5380608974358975 0.19618055555555552 0.5467414529914529 0.2108707264957265 0.5373931623931625 0.20886752136752137 0.5227029914529915 0.2001869658119658 0.5073450854700855 0.19017094017094013 0.4946581196581197 0.17948717948717946 0.48397435897435903
13 0.24959935897435898 0.4165331196581197 0.24158653846153846 0.4305555555555555 0.2389155982905983 0.44591346153846156 0.24292200854700857 0.45860042735042733 0.2549412393162393 0.45993589743589747 0.26161858974358976 0.4512553418803419 0.26095085470085466 0.43656517094017094 0.2549412393162393 0.4245459401709402
13 0.4652777777777778 0.07799145299145296 0.45526175213675213 0.07932692307692304 0.4519230769230769 0.09001068376068373 0.4559294871794872 0.10069444444444442 0.46794871794871795 0.10002670940170937 0.4719551282051282 0.08934294871794869
11 0.3230502136752137 0.5821314102564104 0.3290598290598291 0.5754540598290598 0.3223824786324786 0.563434829059829 0.32572115384615385 0.5514155982905983 0.3350694444444445 0.5420673076923077 0.34775641025641024 0.5380608974358975 0.359107905982906 0.546073717948718 0.3524305555555556 0.5520833333333334 0.3704594017094017 0.5594284188034189 0.3871527777777778 0.5714476495726496 0.39049145299145305 0.5874732905982907 0.3871527777777778 0.6008279914529915 0.375133547008547 0.6155181623931625 0.3684561965811966 0.6221955128205129
11 0.24425747863247863 0.5968215811965812 0.24292200854700857 0.6095085470085471 0.24425747863247863 0.6228632478632479 0.25093482905982906 0.6308760683760684 0.2642895299145299 0.6262019230769231 0.27564102564102566 0.6215277777777778 0.2729700854700855 0.6148504273504274 0.2642895299145299 0.6061698717948718 0.2589476495726496 0.5948183760683761
13 0.45526175213675213 0.34308226495726496 0.46394230769230776 0.3524305555555556 0.46327457264957267 0.3644497863247863 0.45793269230769235 0.3784722222222222 0.4519230769230769 0.38782051282051283 0.4485844017094017 0.3951655982905983 0.4312232905982906 0.38982371794871795 0.43189102564102566 0.37980769230769235 0.43255876068376076 0.37246260683760685 0.4272168803418803 0.36578525641025644 0.42654914529914534 0.35710470085470086 0.4338942307692307 0.3450854700854701 0.4445779914529915 0.33974358974358976
13 0.3737980769230769 0.3490918803418804 0.3664529914529915 0.3544337606837607 0.3651175213675214 0.3651175213675214 0.3684561965811966 0.375133547008547 0.37646901709401714 0.38514957264957267 0.38381410256410253 0.3824786324786325 0.3858173076923077 0.3731303418803419 0.38381410256410253 0.36378205128205127 0.38114316239316237 0.35710470085470086
13 0.31303418803418803 0.37112713675213677 0.30168269230769235 0.37713675213675213 0.29967948717948717 0.38782051282051283 0.30635683760683763 0.4005074786324786 0.3150373931623932 0.40785256410256415 0.3243856837606838 0.406517094017094 0.3323985042735043 0.39850427350427353 0.3323985042735043 0.3891559829059829 0.3290598290598291 0.38047542735042733 0.32371794871794873 0.37446581196581197
11 0.1941773504273504 0.4432425213675214 0.19284188034188032 0.45726495726495725 0.1975160256410256 0.4726228632478633 0.2015224358974359 0.48731303418803423 0.20886752136752137 0.4979967948717949 0.22088675213675213 0.5013354700854701 0.2262286324786325 0.49198717948717946 0.22155448717948717 0.4786324786324786 0.23490918803418803 0.4813034188034188 0.2375801282051282 0.4712873931623932 0.2268963675213675 0.46461004273504275 0.2142094017094017 0.46794871794871795 0.21287393162393164 0.45459401709401714 0.21153846153846154 0.4432425213675214 0.202857905982906 0.43990384615384615
13 0.13675213675213674 0.7417200854700855 0.13074252136752135 0.7450587606837608 0.1267361111111111 0.7590811965811965 0.1314102564102564 0.7684294871794872 0.15144230769230765 0.7657585470085471 0.15010683760683757 0.7470619658119658
13 0.36177884615384615 0.43923611111111116 0.3510950854700855 0.44190705128205127 0.3417467948717949 0.4485844017094017 0.3404113247863248 0.46127136752136755 0.3557692307692308 0.46260683760683763 0.36044337606837606 0.4699519230769231 0.37646901709401714 0.46260683760683763 0.3791399572649573 0.453258547008547 0.375133547008547 0.4445779914529915
13 0.37246260683760685 0.3217147435897436 0.36378205128205127 0.3243856837606838 0.3611111111111111 0.3350694444444445 0.3651175213675214 0.34308226495726496 0.37646901709401714 0.34375 0.3824786324786325 0.33774038461538464 0.38181089743589747 0.3290598290598291
13 0.453258547008547 0.5447382478632479 0.44524572649572647 0.545405982905983 0.4405715811965812 0.5554220085470086 0.4412393162393163 0.5714476495726496 0.4512553418803419 0.5727831196581197 0.4592681623931624 0.562767094017094 0.46193910256410253 0.5520833333333334
13 0.21153846153846154 0.5981570512820513 0.2015224358974359 0.6034989316239316 0.1988514957264957 0.6155181623931625 0.20352564102564102 0.625534188034188 0.21487713675213677 0.625534188034188 0.22222222222222224 0.6148504273504274 0.22155448717948717 0.6068376068376069
13 0.2709668803418804 0.6302083333333334 0.26095085470085466 0.6335470085470086 0.25761217948717946 0.6435630341880343 0.2582799145299145 0.6529113247863247 0.26963141025641024 0.65491452991453 0.27897970085470086 0.6529113247863247 0.2796474358974359 0.641559829059829 0.2776442307692308 0.6355502136752137
13 0.48063568376068383 0.6909722222222222 0.47662927350427353 0.702323717948718 0.4779647435897436 0.7143429487179487 0.48330662393162394 0.7216880341880343 0.4966613247863248 0.7223557692307693 0.5073450854700855 0.7143429487179487 0.5073450854700855 0.7056623931623932 0.5026709401709402 0.6956463675213675 0.4946581196581197 0.6929754273504274
11 0.5854700854700855 0.6515758547008548 0.5687767094017094 0.6482371794871795 0.560763888888889 0.6535790598290598 0.5594284188034189 0.6642628205128205 0.5560897435897436 0.6729433760683761 0.560763888888889 0.6862980769230769 0.5687767094017094 0.6976495726495726 0.5807959401709402 0.6963141025641025 0.5894764957264957 0.6836271367521368 0.5934829059829061 0.6722756410256411 0.6081730769230769 0.6622596153846154 0.5981570512820513 0.6495726495726496
13 0.6014957264957265 0.5681089743589743 0.5921474358974359 0.5794604700854701 0.5921474358974359 0.6034989316239316 0.6068376068376069 0.5948183760683761 0.6108440170940171 0.5868055555555556 0.6101762820512822 0.5767895299145299
11 0.5674412393162394 0.39783653846153844 0.560763888888889 0.40451388888888895 0.562099358974359 0.4158653846153847 0.5527510683760684 0.4278846153846154 0.562767094017094 0.43923611111111116 0.5747863247863247 0.43522970085470086 0.5794604700854701 0.4232104700854701 0.578125 0.4185363247863248 0.5814636752136753 0.4098557692307693 0.577457264957265 0.4005074786324786
13 0.13875534188034186 0.6509081196581197 0.13608440170940167 0.6602564102564104 0.12940705128205127 0.6676014957264957 0.13074252136752135 0.6816239316239316 0.15211004273504272 0.6822916666666667 0.15277777777777773 0.6669337606837608 0.1487713675213675 0.6629273504273504 0.15010683760683757 0.6495726495726496
13 0.3090277777777778 0.5313835470085471 0.29834401709401714 0.5360576923076923 0.2923344017094017 0.5434027777777778 0.29300213675213677 0.5534188034188035 0.3003472222222222 0.562767094017094 0.3137019230769231 0.5661057692307693 0.31971153846153844 0.5594284188034189 0.3217147435897436 0.547409188034188 0.32037927350427353 0.5393963675213675
13 0.49532585470085466 0.1394230769230769 0.48263888888888895 0.14142628205128202 0.4759615384615385 0.15277777777777773 0.47662927350427353 0.16479700854700852 0.49198717948717946 0.17614850427350426 0.5020032051282051 0.17414529914529914 0.5060096153846154 0.16546474358974356 0.5060096153846154 0.15544871794871792 0.5026709401709402 0.1487713675213675
13 0.5053418803418803 0.3577724358974359 0.48731303418803423 0.3577724358974359 0.48597756410256415 0.36712072649572647 0.4966613247863248 0.37780448717948717 0.5093482905982907 0.38114316239316237 0.5140224358974359 0.37112713675213677
13 0.40918803418803423 0.47061965811965817 0.39917200854700857 0.4793002136752137 0.3924946581196581 0.4913194444444445 0.3998397435897436 0.5033386752136753 0.41185897435897434 0.5020032051282051 0.4198717948717949 0.49532585470085466 0.421207264957265 0.484642094017094 0.41786858974358976 0.4746260683760684
11 0.5587606837606838 0.5948183760683761 0.563434829059829 0.6168536324786326 0.5747863247863247 0.6141826923076923 0.5801282051282051 0.6014957264957265 0.5787927350427351 0.5881410256410257 0.5754540598290598 0.577457264957265 0.5654380341880343 0.5727831196581197 0.5587606837606838 0.577457264957265
13 0.40518162393162394 0.3557692307692308 0.39783653846153844 0.3597756410256411 0.39716880341880345 0.37446581196581197 0.40451388888888895 0.38181089743589747 0.41386217948717946 0.375133547008547 0.4158653846153847 0.3644497863247863
13 0.48664529914529914 0.514690170940171 0.4786324786324786 0.5233707264957265 0.47662927350427353 0.5347222222222222 0.4813034188034188 0.5447382478632479 0.4913194444444445 0.5434027777777778 0.4973290598290599 0.5347222222222222 0.4986645299145299 0.5240384615384616
13 0.5360576923076923 0.14342948717948717 0.5220352564102564 0.14676816239316237 0.5193643162393162 0.16012286324786323 0.5293803418803419 0.1674679487179487 0.5353899572649573 0.16412927350427348 0.5393963675213675 0.15478098290598288
13 0.5440705128205129 0.1207264957264957 0.5380608974358975 0.1314102564102564 0.5407318376068376 0.1427617521367521 0.5514155982905983 0.1420940170940171 0.5560897435897436 0.1347489316239316 0.5547542735042735 0.12606837606837604
13 0.4939903846153847 0.11338141025641021 0.48397435897435903 0.1207264957264957 0.4779647435897436 0.1300747863247863 0.48397435897435903 0.13608440170940167 0.49265491452991456 0.13608440170940167 0.4986645299145299 0.12740384615384612 0.499332264957265 0.12005876068376067
13 0.2903311965811966 0.6849626068376069 0.281650641025641 0.6936431623931625 0.2776442307692308 0.703659188034188 0.2849893162393162 0.7110042735042735 0.2950053418803419 0.7103365384615385 0.3003472222222222 0.702323717948718 0.3003472222222222 0.6929754273504274 0.297008547008547 0.6883012820512822
13 0.41185897435897434 0.5220352564102564 0.4031784188034188 0.5253739316239316 0.39850427350427353 0.5373931623931625 0.406517094017094 0.5480769230769231 0.4158653846153847 0.5527510683760684 0.4245459401709402 0.547409188034188 0.4252136752136752 0.5347222222222222 0.4205395299145299 0.5267094017094017
13 0.2776442307692308 0.5227029914529915 0.2743055555555556 0.5333867521367521 0.27697649572649574 0.547409188034188 0.28432158119658124 0.5534188034188035 0.2923344017094017 0.5487446581196582 0.2936698717948718 0.5360576923076923 0.2903311965811966 0.5267094017094017
13 0.5033386752136753 0.38782051282051283 0.4966613247863248 0.3924946581196581 0.4939903846153847 0.40251068376068383 0.5 0.41052350427350426 0.5080128205128205 0.40785256410256415 0.5086805555555556 0.3998397435897436
13 0.3150373931623932 0.6776175213675214 0.30969551282051283 0.6876335470085471 0.31303418803418803 0.7003205128205129 0.327724358974359 0.7056623931623932 0.3364049145299145 0.6963141025641025 0.33440170940170943 0.6849626068376069 0.32572115384615385 0.6782852564102565
13 0.5240384615384616 0.6302083333333334 0.5193643162393162 0.6475694444444444 0.5267094017094017 0.6589209401709402 0.5393963675213675 0.6569177350427351 0.5400641025641025 0.6442307692307693 0.5333867521367521 0.6355502136752137
13 0.5761217948717949 0.8245192307692308 0.5687767094017094 0.827190170940171 0.562767094017094 0.8365384615384615 0.5667735042735043 0.8465544871794872 0.5794604700854701 0.8465544871794872 0.5854700854700855 0.8378739316239316 0.5854700854700855 0.8311965811965812
13 0.19017094017094013 0.5741185897435898 0.1848290598290598 0.5827991452991453 0.18683226495726493 0.5961538461538461 0.19350961538461536 0.6028311965811965 0.19951923076923075 0.5941506410256411 0.19951923076923075 0.5827991452991453 0.1968482905982906 0.577457264957265
13 0.5273771367521368 0.5534188034188035 0.5206997863247864 0.5587606837606838 0.5180288461538461 0.5721153846153847 0.5193643162393162 0.5854700854700855 0.5300480769230769 0.5894764957264957 0.5380608974358975 0.5854700854700855 0.5400641025641025 0.5734508547008547 0.5373931623931625 0.563434829059829
13 0.46461004273504275 0.28365384615384615 0.45459401709401714 0.2903311965811966 0.4512553418803419 0.30502136752136755 0.45459401709401714 0.31770833333333337 0.46394230769230776 0.31971153846153844 0.4712873931623932 0.31169871794871795 0.47395833333333337 0.29834401709401714 0.4732905982905983 0.2903311965811966
13 0.31036324786324787 0.7537393162393162 0.30168269230769235 0.7570779914529915 0.29834401709401714 0.7704326923076923 0.30635683760683763 0.7771100427350428 0.3170405982905983 0.7737713675213675 0.32104700854700857 0.7630876068376069
13 0.39049145299145305 0.5614316239316239 0.3871527777777778 0.5701121794871795 0.38982371794871795 0.5821314102564104 0.3965010683760684 0.5868055555555556 0.4031784188034188 0.5821314102564104 0.4031784188034188 0.5707799145299146 0.4005074786324786 0.5641025641025641
13 0.18683226495726493 0.7123397435897436 0.17548076923076922 0.7130074786324787 0.172142094017094 0.7250267094017094 0.17948717948717946 0.734375 0.19217414529914528 0.7357104700854701 0.1968482905982906 0.7236912393162394 0.19484508547008544 0.716346153846154
13 0.5006677350427351 0.6909722222222222 0.5040064102564104 0.6829594017094017 0.5140224358974359 0.6829594017094017 0.5180288461538461 0.6916399572649573 0.5113514957264957 0.701655982905983 0.5046741452991453 0.6989850427350428
0 0.16680021367521364 0.46661324786324787 0.16546474358974356 0.49265491452991456 0.16813568376068372 0.5186965811965811 0.17881944444444442 0.5380608974358975 0.19618055555555552 0.5467414529914529 0.2108707264957265 0.5373931623931625 0.20886752136752137 0.5227029914529915 0.2001869658119658 0.5073450854700855 0.19017094017094013 0.4946581196581197 0.17948717948717946 0.48397435897435903
0 0.24959935897435898 0.4165331196581197 0.24158653846153846 0.4305555555555555 0.2389155982905983 0.44591346153846156 0.24292200854700857 0.45860042735042733 0.2549412393162393 0.45993589743589747 0.26161858974358976 0.4512553418803419 0.26095085470085466 0.43656517094017094 0.2549412393162393 0.4245459401709402
0 0.4652777777777778 0.07799145299145296 0.45526175213675213 0.07932692307692304 0.4519230769230769 0.09001068376068373 0.4559294871794872 0.10069444444444442 0.46794871794871795 0.10002670940170937 0.4719551282051282 0.08934294871794869
0 0.3230502136752137 0.5821314102564104 0.3290598290598291 0.5754540598290598 0.3223824786324786 0.563434829059829 0.32572115384615385 0.5514155982905983 0.3350694444444445 0.5420673076923077 0.34775641025641024 0.5380608974358975 0.359107905982906 0.546073717948718 0.3524305555555556 0.5520833333333334 0.3704594017094017 0.5594284188034189 0.3871527777777778 0.5714476495726496 0.39049145299145305 0.5874732905982907 0.3871527777777778 0.6008279914529915 0.375133547008547 0.6155181623931625 0.3684561965811966 0.6221955128205129
0 0.24425747863247863 0.5968215811965812 0.24292200854700857 0.6095085470085471 0.24425747863247863 0.6228632478632479 0.25093482905982906 0.6308760683760684 0.2642895299145299 0.6262019230769231 0.27564102564102566 0.6215277777777778 0.2729700854700855 0.6148504273504274 0.2642895299145299 0.6061698717948718 0.2589476495726496 0.5948183760683761
0 0.45526175213675213 0.34308226495726496 0.46394230769230776 0.3524305555555556 0.46327457264957267 0.3644497863247863 0.45793269230769235 0.3784722222222222 0.4519230769230769 0.38782051282051283 0.4485844017094017 0.3951655982905983 0.4312232905982906 0.38982371794871795 0.43189102564102566 0.37980769230769235 0.43255876068376076 0.37246260683760685 0.4272168803418803 0.36578525641025644 0.42654914529914534 0.35710470085470086 0.4338942307692307 0.3450854700854701 0.4445779914529915 0.33974358974358976
0 0.3737980769230769 0.3490918803418804 0.3664529914529915 0.3544337606837607 0.3651175213675214 0.3651175213675214 0.3684561965811966 0.375133547008547 0.37646901709401714 0.38514957264957267 0.38381410256410253 0.3824786324786325 0.3858173076923077 0.3731303418803419 0.38381410256410253 0.36378205128205127 0.38114316239316237 0.35710470085470086
0 0.31303418803418803 0.37112713675213677 0.30168269230769235 0.37713675213675213 0.29967948717948717 0.38782051282051283 0.30635683760683763 0.4005074786324786 0.3150373931623932 0.40785256410256415 0.3243856837606838 0.406517094017094 0.3323985042735043 0.39850427350427353 0.3323985042735043 0.3891559829059829 0.3290598290598291 0.38047542735042733 0.32371794871794873 0.37446581196581197
0 0.1941773504273504 0.4432425213675214 0.19284188034188032 0.45726495726495725 0.1975160256410256 0.4726228632478633 0.2015224358974359 0.48731303418803423 0.20886752136752137 0.4979967948717949 0.22088675213675213 0.5013354700854701 0.2262286324786325 0.49198717948717946 0.22155448717948717 0.4786324786324786 0.23490918803418803 0.4813034188034188 0.2375801282051282 0.4712873931623932 0.2268963675213675 0.46461004273504275 0.2142094017094017 0.46794871794871795 0.21287393162393164 0.45459401709401714 0.21153846153846154 0.4432425213675214 0.202857905982906 0.43990384615384615
0 0.13675213675213674 0.7417200854700855 0.13074252136752135 0.7450587606837608 0.1267361111111111 0.7590811965811965 0.1314102564102564 0.7684294871794872 0.15144230769230765 0.7657585470085471 0.15010683760683757 0.7470619658119658
0 0.36177884615384615 0.43923611111111116 0.3510950854700855 0.44190705128205127 0.3417467948717949 0.4485844017094017 0.3404113247863248 0.46127136752136755 0.3557692307692308 0.46260683760683763 0.36044337606837606 0.4699519230769231 0.37646901709401714 0.46260683760683763 0.3791399572649573 0.453258547008547 0.375133547008547 0.4445779914529915
0 0.37246260683760685 0.3217147435897436 0.36378205128205127 0.3243856837606838 0.3611111111111111 0.3350694444444445 0.3651175213675214 0.34308226495726496 0.37646901709401714 0.34375 0.3824786324786325 0.33774038461538464 0.38181089743589747 0.3290598290598291
0 0.453258547008547 0.5447382478632479 0.44524572649572647 0.545405982905983 0.4405715811965812 0.5554220085470086 0.4412393162393163 0.5714476495726496 0.4512553418803419 0.5727831196581197 0.4592681623931624 0.562767094017094 0.46193910256410253 0.5520833333333334
0 0.21153846153846154 0.5981570512820513 0.2015224358974359 0.6034989316239316 0.1988514957264957 0.6155181623931625 0.20352564102564102 0.625534188034188 0.21487713675213677 0.625534188034188 0.22222222222222224 0.6148504273504274 0.22155448717948717 0.6068376068376069
0 0.2709668803418804 0.6302083333333334 0.26095085470085466 0.6335470085470086 0.25761217948717946 0.6435630341880343 0.2582799145299145 0.6529113247863247 0.26963141025641024 0.65491452991453 0.27897970085470086 0.6529113247863247 0.2796474358974359 0.641559829059829 0.2776442307692308 0.6355502136752137
0 0.48063568376068383 0.6909722222222222 0.47662927350427353 0.702323717948718 0.4779647435897436 0.7143429487179487 0.48330662393162394 0.7216880341880343 0.4966613247863248 0.7223557692307693 0.5073450854700855 0.7143429487179487 0.5073450854700855 0.7056623931623932 0.5026709401709402 0.6956463675213675 0.4946581196581197 0.6929754273504274
0 0.5854700854700855 0.6515758547008548 0.5687767094017094 0.6482371794871795 0.560763888888889 0.6535790598290598 0.5594284188034189 0.6642628205128205 0.5560897435897436 0.6729433760683761 0.560763888888889 0.6862980769230769 0.5687767094017094 0.6976495726495726 0.5807959401709402 0.6963141025641025 0.5894764957264957 0.6836271367521368 0.5934829059829061 0.6722756410256411 0.6081730769230769 0.6622596153846154 0.5981570512820513 0.6495726495726496
0 0.6014957264957265 0.5681089743589743 0.5921474358974359 0.5794604700854701 0.5921474358974359 0.6034989316239316 0.6068376068376069 0.5948183760683761 0.6108440170940171 0.5868055555555556 0.6101762820512822 0.5767895299145299
0 0.5674412393162394 0.39783653846153844 0.560763888888889 0.40451388888888895 0.562099358974359 0.4158653846153847 0.5527510683760684 0.4278846153846154 0.562767094017094 0.43923611111111116 0.5747863247863247 0.43522970085470086 0.5794604700854701 0.4232104700854701 0.578125 0.4185363247863248 0.5814636752136753 0.4098557692307693 0.577457264957265 0.4005074786324786
0 0.13875534188034186 0.6509081196581197 0.13608440170940167 0.6602564102564104 0.12940705128205127 0.6676014957264957 0.13074252136752135 0.6816239316239316 0.15211004273504272 0.6822916666666667 0.15277777777777773 0.6669337606837608 0.1487713675213675 0.6629273504273504 0.15010683760683757 0.6495726495726496
0 0.3090277777777778 0.5313835470085471 0.29834401709401714 0.5360576923076923 0.2923344017094017 0.5434027777777778 0.29300213675213677 0.5534188034188035 0.3003472222222222 0.562767094017094 0.3137019230769231 0.5661057692307693 0.31971153846153844 0.5594284188034189 0.3217147435897436 0.547409188034188 0.32037927350427353 0.5393963675213675
0 0.49532585470085466 0.1394230769230769 0.48263888888888895 0.14142628205128202 0.4759615384615385 0.15277777777777773 0.47662927350427353 0.16479700854700852 0.49198717948717946 0.17614850427350426 0.5020032051282051 0.17414529914529914 0.5060096153846154 0.16546474358974356 0.5060096153846154 0.15544871794871792 0.5026709401709402 0.1487713675213675
0 0.5053418803418803 0.3577724358974359 0.48731303418803423 0.3577724358974359 0.48597756410256415 0.36712072649572647 0.4966613247863248 0.37780448717948717 0.5093482905982907 0.38114316239316237 0.5140224358974359 0.37112713675213677
0 0.40918803418803423 0.47061965811965817 0.39917200854700857 0.4793002136752137 0.3924946581196581 0.4913194444444445 0.3998397435897436 0.5033386752136753 0.41185897435897434 0.5020032051282051 0.4198717948717949 0.49532585470085466 0.421207264957265 0.484642094017094 0.41786858974358976 0.4746260683760684
0 0.5587606837606838 0.5948183760683761 0.563434829059829 0.6168536324786326 0.5747863247863247 0.6141826923076923 0.5801282051282051 0.6014957264957265 0.5787927350427351 0.5881410256410257 0.5754540598290598 0.577457264957265 0.5654380341880343 0.5727831196581197 0.5587606837606838 0.577457264957265
0 0.40518162393162394 0.3557692307692308 0.39783653846153844 0.3597756410256411 0.39716880341880345 0.37446581196581197 0.40451388888888895 0.38181089743589747 0.41386217948717946 0.375133547008547 0.4158653846153847 0.3644497863247863
0 0.48664529914529914 0.514690170940171 0.4786324786324786 0.5233707264957265 0.47662927350427353 0.5347222222222222 0.4813034188034188 0.5447382478632479 0.4913194444444445 0.5434027777777778 0.4973290598290599 0.5347222222222222 0.4986645299145299 0.5240384615384616
0 0.5360576923076923 0.14342948717948717 0.5220352564102564 0.14676816239316237 0.5193643162393162 0.16012286324786323 0.5293803418803419 0.1674679487179487 0.5353899572649573 0.16412927350427348 0.5393963675213675 0.15478098290598288
0 0.5440705128205129 0.1207264957264957 0.5380608974358975 0.1314102564102564 0.5407318376068376 0.1427617521367521 0.5514155982905983 0.1420940170940171 0.5560897435897436 0.1347489316239316 0.5547542735042735 0.12606837606837604
0 0.4939903846153847 0.11338141025641021 0.48397435897435903 0.1207264957264957 0.4779647435897436 0.1300747863247863 0.48397435897435903 0.13608440170940167 0.49265491452991456 0.13608440170940167 0.4986645299145299 0.12740384615384612 0.499332264957265 0.12005876068376067
0 0.2903311965811966 0.6849626068376069 0.281650641025641 0.6936431623931625 0.2776442307692308 0.703659188034188 0.2849893162393162 0.7110042735042735 0.2950053418803419 0.7103365384615385 0.3003472222222222 0.702323717948718 0.3003472222222222 0.6929754273504274 0.297008547008547 0.6883012820512822
0 0.41185897435897434 0.5220352564102564 0.4031784188034188 0.5253739316239316 0.39850427350427353 0.5373931623931625 0.406517094017094 0.5480769230769231 0.4158653846153847 0.5527510683760684 0.4245459401709402 0.547409188034188 0.4252136752136752 0.5347222222222222 0.4205395299145299 0.5267094017094017
0 0.2776442307692308 0.5227029914529915 0.2743055555555556 0.5333867521367521 0.27697649572649574 0.547409188034188 0.28432158119658124 0.5534188034188035 0.2923344017094017 0.5487446581196582 0.2936698717948718 0.5360576923076923 0.2903311965811966 0.5267094017094017
0 0.5033386752136753 0.38782051282051283 0.4966613247863248 0.3924946581196581 0.4939903846153847 0.40251068376068383 0.5 0.41052350427350426 0.5080128205128205 0.40785256410256415 0.5086805555555556 0.3998397435897436
0 0.3150373931623932 0.6776175213675214 0.30969551282051283 0.6876335470085471 0.31303418803418803 0.7003205128205129 0.327724358974359 0.7056623931623932 0.3364049145299145 0.6963141025641025 0.33440170940170943 0.6849626068376069 0.32572115384615385 0.6782852564102565
0 0.5240384615384616 0.6302083333333334 0.5193643162393162 0.6475694444444444 0.5267094017094017 0.6589209401709402 0.5393963675213675 0.6569177350427351 0.5400641025641025 0.6442307692307693 0.5333867521367521 0.6355502136752137
0 0.5761217948717949 0.8245192307692308 0.5687767094017094 0.827190170940171 0.562767094017094 0.8365384615384615 0.5667735042735043 0.8465544871794872 0.5794604700854701 0.8465544871794872 0.5854700854700855 0.8378739316239316 0.5854700854700855 0.8311965811965812
0 0.19017094017094013 0.5741185897435898 0.1848290598290598 0.5827991452991453 0.18683226495726493 0.5961538461538461 0.19350961538461536 0.6028311965811965 0.19951923076923075 0.5941506410256411 0.19951923076923075 0.5827991452991453 0.1968482905982906 0.577457264957265
0 0.5273771367521368 0.5534188034188035 0.5206997863247864 0.5587606837606838 0.5180288461538461 0.5721153846153847 0.5193643162393162 0.5854700854700855 0.5300480769230769 0.5894764957264957 0.5380608974358975 0.5854700854700855 0.5400641025641025 0.5734508547008547 0.5373931623931625 0.563434829059829
0 0.46461004273504275 0.28365384615384615 0.45459401709401714 0.2903311965811966 0.4512553418803419 0.30502136752136755 0.45459401709401714 0.31770833333333337 0.46394230769230776 0.31971153846153844 0.4712873931623932 0.31169871794871795 0.47395833333333337 0.29834401709401714 0.4732905982905983 0.2903311965811966
0 0.31036324786324787 0.7537393162393162 0.30168269230769235 0.7570779914529915 0.29834401709401714 0.7704326923076923 0.30635683760683763 0.7771100427350428 0.3170405982905983 0.7737713675213675 0.32104700854700857 0.7630876068376069
0 0.39049145299145305 0.5614316239316239 0.3871527777777778 0.5701121794871795 0.38982371794871795 0.5821314102564104 0.3965010683760684 0.5868055555555556 0.4031784188034188 0.5821314102564104 0.4031784188034188 0.5707799145299146 0.4005074786324786 0.5641025641025641
0 0.18683226495726493 0.7123397435897436 0.17548076923076922 0.7130074786324787 0.172142094017094 0.7250267094017094 0.17948717948717946 0.734375 0.19217414529914528 0.7357104700854701 0.1968482905982906 0.7236912393162394 0.19484508547008544 0.716346153846154
0 0.5006677350427351 0.6909722222222222 0.5040064102564104 0.6829594017094017 0.5140224358974359 0.6829594017094017 0.5180288461538461 0.6916399572649573 0.5113514957264957 0.701655982905983 0.5046741452991453 0.6989850427350428
16 0.5560897435897436 0.18749999999999997 0.5407318376068376 0.19551282051282048 0.5353899572649573 0.21153846153846154 0.5434027777777778 0.22756410256410256 0.5614316239316239 0.2268963675213675 0.5734508547008547 0.2122061965811966 0.5747863247863247 0.1975160256410256 0.5681089743589743 0.18950320512820512
16 0.46327457264957267 0.22155448717948717 0.4565972222222222 0.2235576923076923 0.45526175213675213 0.2375801282051282 0.4559294871794872 0.25227029914529914 0.46661324786324787 0.2516025641025641 0.46794871794871795 0.2389155982905983 0.46728098290598297 0.2282318376068376
16 0.37646901709401714 0.6829594017094017 0.3651175213675214 0.686965811965812 0.3631143162393163 0.6996527777777778 0.37112713675213677 0.7110042735042735 0.38114316239316237 0.7096688034188035 0.38782051282051283 0.7003205128205129 0.3858173076923077 0.6909722222222222
16 0.1534455128205128 0.5841346153846154 0.15411324786324784 0.5934829059829061 0.15811965811965809 0.5968215811965812 0.16212606837606836 0.6115117521367521 0.16613247863247863 0.6155181623931625 0.1768162393162393 0.6322115384615385 0.18549679487179485 0.6282051282051282 0.17414529914529914 0.6121794871794872 0.16947115384615383 0.5934829059829061
16 0.5 0.30969551282051283 0.4973290598290599 0.30235042735042733 0.48864850427350426 0.30301816239316237 0.48063568376068383 0.3143696581196581 0.4813034188034188 0.3243856837606838 0.48864850427350426 0.32572115384615385 0.49065170940170943 0.3384081196581197 0.4973290598290599 0.3290598290598291 0.5093482905982907 0.3190438034188034 0.5073450854700855 0.3110309829059829
16 0.5467414529914529 0.3217147435897436 0.5347222222222222 0.3243856837606838 0.5267094017094017 0.3370726495726496 0.5260416666666667 0.3510950854700855 0.5287126068376069 0.36177884615384615 0.5373931623931625 0.3631143162393163 0.5387286324786326 0.3450854700854701 0.5487446581196582 0.33774038461538464 0.5520833333333334 0.3263888888888889
16 0.5273771367521368 0.5500801282051282 0.5293803418803419 0.5287126068376069 0.5173611111111112 0.5320512820512822 0.5126869658119658 0.5200320512820513 0.5413995726495726 0.5120192307692307 0.5507478632478633 0.514690170940171 0.5500801282051282 0.5353899572649573 0.5400641025641025 0.5600961538461539
9 0.029246794871794858 0.6428952991452992 0.019898504273504244 0.6395566239316239 0.007879273504273476 0.6442307692307693 0.010550213675213643 0.6575854700854701 0.013888888888888857 0.6655982905982907 0.02190170940170938 0.6635950854700855 0.02457264957264956 0.6535790598290598
9 0.017227564102564076 0.703659188034188 0.02056623931623929 0.7210202991452992 0.0239049145299145 0.7230235042735044 0.025240384615384588 0.73303952991453 0.04393696581196578 0.7270299145299146 0.04660790598290595 0.7123397435897436 0.047275641025640996 0.6976495726495726 0.03392094017094014 0.6989850427350428
1 0.3544337606837607 0.7584134615384616 0.36244658119658124 0.7657585470085471 0.3684561965811966 0.7824519230769231 0.3891559829059829 0.7704326923076923 0.3918269230769231 0.7597489316239316 0.38514957264957267 0.7530715811965812 0.3731303418803419 0.7557425213675214
16 0.2642895299145299 0.7390491452991453 0.2602831196581197 0.7270299145299146 0.25227029914529914 0.7303685897435898 0.24959935897435898 0.7430555555555556 0.25761217948717946 0.7564102564102565 0.2676282051282052 0.7524038461538461 0.2723023504273504 0.7597489316239316 0.28231837606837606 0.7597489316239316 0.29834401709401714 0.7557425213675214 0.29634081196581197 0.749065170940171 0.28766025641025644 0.7430555555555556 0.27897970085470086 0.734375 0.2709668803418804 0.734375
16 0.2389155982905983 0.5327190170940171 0.2389155982905983 0.5193643162393162 0.24893162393162394 0.5133547008547008 0.25761217948717946 0.5200320512820513 0.2602831196581197 0.5387286324786326 0.25227029914529914 0.5407318376068376 0.24893162393162394 0.5340544871794872
16 0.4692841880341881 0.5240384615384616 0.4559294871794872 0.5400641025641025 0.46461004273504275 0.5514155982905983 0.4772970085470086 0.5480769230769231 0.4712873931623932 0.5360576923076923
1 0.43990384615384615 0.5988247863247864 0.4312232905982906 0.6095085470085471 0.4345619658119658 0.6248664529914529 0.4512553418803419 0.6081730769230769 0.4499198717948718 0.5848023504273504 0.44190705128205127 0.5881410256410257
16 0.14610042735042733 0.3263888888888889 0.13608440170940167 0.3390758547008547 0.1334134615384615 0.359107905982906 0.13541666666666666 0.3871527777777778 0.13875534188034186 0.40584935897435903 0.15077457264957264 0.41052350427350426 0.16012286324786323 0.3965010683760684 0.15878739316239315 0.38047542735042733 0.15811965811965809 0.36244658119658124 0.15411324786324784 0.3524305555555556 0.16079059829059827 0.3390758547008547 0.15878739316239315 0.3297275641025641 0.1534455128205128 0.3243856837606838
16 0.1020299145299145 0.16212606837606836 0.10002670940170937 0.18683226495726493 0.1207264957264957 0.18683226495726493 0.12272970085470084 0.16613247863247863
16 0.20352564102564102 0.2676282051282052 0.18950320512820512 0.2829861111111111 0.19350961538461536 0.30168269230769235 0.2048611111111111 0.30836004273504275 0.21621260683760685 0.29834401709401714 0.21754807692307693 0.281650641025641
1 0.17280982905982906 0.42988782051282054 0.17347756410256407 0.45526175213675213 0.17881944444444442 0.45726495726495725 0.18416132478632477 0.4312232905982906
16 0.18549679487179485 0.37713675213675213 0.1828258547008547 0.38982371794871795 0.18683226495726493 0.40384615384615385 0.1941773504273504 0.41386217948717946 0.2015224358974359 0.40918803418803423 0.20219017094017094 0.3951655982905983 0.1988514957264957 0.3858173076923077
14 0.41119123931623935 0.29967948717948717 0.40384615384615385 0.29834401709401714 0.39783653846153844 0.30568910256410253 0.39917200854700857 0.3170405982905983 0.40518162393162394 0.3217147435897436 0.41386217948717946 0.31637286324786323
9 0.41119123931623935 0.29967948717948717 0.40384615384615385 0.29834401709401714 0.39783653846153844 0.30568910256410253 0.39917200854700857 0.3170405982905983 0.40518162393162394 0.3217147435897436 0.41386217948717946 0.31637286324786323
16 0.36537887828162297 0.3217482100238664 0.36276849642004777 0.31391706443914086 0.3541915274463007 0.31018794749403344 0.3463603818615752 0.3105608591885442 0.34263126491646784 0.3187649164677805 0.34561455847255373 0.3299522673031027 0.3471062052505967 0.33741050119331745 0.34785202863961817 0.3463603818615752 0.3500894988066826 0.3564289976133652 0.3556831742243437 0.36314140811455853 0.3620226730310263 0.3650059665871122 0.36463305489260145 0.35792064439140814 0.3650059665871122 0.3444958233890215 0.36053102625298333 0.3359188544152745
16 0.5313245823389021 0.4351133651551312 0.5145435560859188 0.43660501193317425 0.5059665871121719 0.4451819809069212 0.5055936754176611 0.4574880668257756 0.5093227923627686 0.4697941527446301 0.5208830548926013 0.4746420047732697 0.5316974940334129 0.46755668257756555 0.5380369928400954 0.45562350835322196 0.5380369928400954 0.44480906921241053
16 0.42392601431980903 0.7032368735083532 0.41311157517899766 0.707711813842482 0.41199284009546544 0.7147971360381862 0.4153490453460621 0.7237470167064439 0.4231801909307876 0.7248657517899761 0.4246718377088305 0.7155429594272076 0.42989260143198094 0.7211366348448687 0.436977923627685 0.7196449880668258 0.4399612171837709 0.710695107398568 0.4418257756563245 0.6991348448687351 0.4410799522673031 0.6886933174224343 0.43474045346062057 0.6842183770883055 0.4272822195704057 0.6842183770883055 0.4235531026252983 0.6916766109785202
16 0.3500894988066826 0.6730310262529833 0.34375000000000006 0.6748955847255369 0.34300417661097854 0.6857100238663485 0.35083532219570407 0.6864558472553699 0.3515811455847256 0.6812350835322196 0.36575178997613367 0.6767601431980907 0.3661247016706444 0.6693019093078758 0.3720912887828163 0.6637082338902147 0.37022673031026254 0.6514021479713603 0.36276849642004777 0.6480459427207637 0.35605608591885446 0.653266706443914 0.35344570405727926 0.6610978520286396 0.3515811455847256 0.6685560859188544
16 0.3814140811455847 0.61597553699284 0.37544749403341293 0.6230608591885441 0.37395584725537 0.6338752983293555 0.37544749403341293 0.6439439140811456 0.38365155131264916 0.6487917661097852 0.39334725536992843 0.647673031026253 0.4011784009546539 0.6402147971360381 0.4030429594272077 0.6290274463007159 0.40453460620525056 0.6197046539379475 0.4030429594272077 0.6100089498806682 0.3993138424821003 0.6021778042959427 0.4049075178997613 0.5936008353221957 0.4019242243436755 0.5857696897374701 0.3963305489260144 0.5887529832935561 0.3899910501193318 0.5827863961813843 0.39036396181384253 0.5898717183770883 0.38775357995226734 0.6006861575178998 0.3847702863961814 0.608890214797136
16 0.24464178657074345 0.33307104316546765 0.23340077937649886 0.3416891486810552 0.22778027577937654 0.3536795563549161 0.23077787769784175 0.36454586330935257 0.2450164868105516 0.3690422661870504 0.2603791966426859 0.36417116306954445 0.26337679856115115 0.3544289568345324 0.2577562949640288 0.3450614508393286 0.25213579136690656 0.33794214628297364
16 0.2682479016786571 0.2723696043165468 0.2562574940047962 0.28061300959232616 0.2502622901678658 0.28998051558753 0.2502622901678658 0.304593824940048 0.2596297961630696 0.3120878297362111 0.27199490407673865 0.3109637290167866 0.28361061151079137 0.30346972422062357 0.28660821342925663 0.292228717026379 0.2843600119904077 0.28323591127098324 0.27836480815347725 0.27536720623501204
16 0.44660521582733814 0.526791067146283 0.4555980215827338 0.5091801558752997 0.4623426258992806 0.49306804556354916 0.4627173261390888 0.475457134292566 0.46196792565947237 0.45522332134292565 0.4698366306954436 0.44660521582733814 0.4765812350119904 0.4443570143884892 0.4859487410071942 0.43686300959232616 0.49681504796163073 0.43424010791366907 0.5005620503597122 0.4428582134292566 0.49868854916067146 0.46009442446043164 0.49943794964028776 0.4825764388489208 0.49793914868105515 0.49756444844124703 0.4998126498800959 0.5110536570743405 0.5001873501199041 0.5230440647482014 0.4870728417266187 0.514800659472422 0.46946193045563545 0.5237934652278178 0.4544739208633094 0.5414043764988009 0.4454811151079137 0.5451513788968825
16 0.28323591127098324 0.7654751199040767 0.27012140287769787 0.7643510191846523 0.27012140287769787 0.7767161270983214 0.28248651079136694 0.7827113309352518 0.2843600119904077 0.7894559352517986 0.2862335131894485 0.775966726618705 0.3008468225419665 0.7748426258992807 0.2982239208633094 0.7710956235011991 0.3019709232613909 0.7602293165467626 0.2839853117505996 0.7602293165467626
16 0.22515737410071948 0.6377023381294964 0.21803806954436453 0.6384517386091126 0.21354166666666669 0.6425734412470023 0.21429106714628304 0.6515662470023981 0.219162170263789 0.6590602517985611 0.22890437649880102 0.6616831534772183 0.23752248201438855 0.6579361510791367 0.23902128297362113 0.6500674460431655 0.23677308153477222 0.6448216426858513 0.2304031774580336 0.639201139088729
16 0.5054331534772183 0.19892835731414873 0.49718974820143885 0.21541516786570747 0.49531624700239807 0.23227667865707438 0.48857164268585135 0.24876348920863314 0.5185476618705036 0.2513863908872902 0.5252922661870503 0.2450164868105516 0.5159247601918465 0.23902128297362113 0.5106789568345323 0.2274055755395684 0.5125524580335731 0.21504046762589932 0.5177982613908874 0.2023006594724221 0.5189223621103117 0.1925584532374101 0.5136765587529977 0.18768735011990412 0.5076813549160671 0.19031025179856118
16 0.5399055755395683 0.2510116906474821 0.5391561750599521 0.26637440047961636 0.5395308752997602 0.28248651079136694 0.5369079736211031 0.2967251199040768 0.5320368705035972 0.30272032374100727 0.5260416666666667 0.31433603117506 0.5264163669064749 0.32969874100719426 0.5346597721822542 0.32557703836930457 0.5492730815347722 0.3214553357314149 0.5545188848920863 0.32332883693045567 0.55376948441247 0.3079661270983214 0.5593899880095924 0.2974745203836931 0.5680080935251799 0.2911046163069545 0.5743779976019184 0.2821118105515588 0.5721297961630696 0.27461780575539574 0.5605140887290168 0.27536720623501204 0.5560176858513189 0.26225269784172667 0.5503971822541966 0.2566321942446044 0.5481489808153477 0.24951288968824942
16 0.6549385491606714 0.3533048561151079 0.6365782374100719 0.3660446642685852 0.6369529376498801 0.38328087529976024 0.6425734412470023 0.4001423860911271 0.6508168465227817 0.4050134892086331 0.6534397482014389 0.41550509592326135 0.6609337529976019 0.426746103117506 0.6706759592326139 0.4346148081534772 0.6762964628297362 0.426746103117506 0.6751723621103117 0.41063399280575535 0.6721747601918465 0.40651229016786566 0.6661795563549161 0.41812799760191843 0.6624325539568345 0.4091351918465228 0.6590602517985611 0.4001423860911271 0.653814448441247 0.3971447841726619 0.6515662470023981 0.3859037769784173 0.6646807553956835 0.38328087529976024 0.6680530575539568 0.3555530575539569 0.6620578537170264 0.3574265587529976
16 0.6290842326139089 0.402390587529976 0.6193420263788969 0.4001423860911271 0.6118480215827338 0.40613758992805754 0.6125974220623501 0.4173785971223022 0.609974520383693 0.4252473021582734 0.6028552158273381 0.4357389088729017 0.6002323141486811 0.448853417266187 0.595361211031175 0.4529751199040767 0.5979841127098322 0.463466726618705 0.6110986211031175 0.4645908273381295 0.6110986211031175 0.4855740407673861 0.6047287170263789 0.48894634292565947 0.6043540167865707 0.49644034772182255 0.6110986211031175 0.502435551558753 0.6152203237410072 0.514800659472422 0.6208408273381295 0.5207958633093525 0.619716726618705 0.52941396882494 0.619716726618705 0.5451513788968825 0.6253372302158273 0.5560176858513189 0.6433228417266187 0.5515212829736211 0.6504421462829736 0.5414043764988009 0.653814448441247 0.5316621702637889 0.6534397482014389 0.5159247601918465 0.6515662470023981 0.5020608513189448 0.6500674460431655 0.49231864508393286 0.6594349520383693 0.48782224220623505 0.66130845323741 0.4777053357314148 0.6553132494004796 0.47433303357314144 0.6485686450839329 0.46683902877697847 0.6500674460431655 0.46009442446043164 0.658685551558753 0.45334982014388486 0.6639313549160671 0.4447317146282973 0.6643060551558753 0.4353642086330935 0.6609337529976019 0.4301184052757794 0.6560626498800959 0.42374850119904073 0.6504421462829736 0.4203761990407674 0.6425734412470023 0.417003896882494 0.6373276378896883 0.40950989208633093
16 0.3233695652173913 0.4900362318840579 0.32699275362318836 0.4805253623188405 0.3183876811594203 0.48278985507246375 0.3061594202898551 0.48369565217391297 0.3034420289855072 0.4959239130434782 0.30570652173913043 0.509963768115942 0.3188405797101449 0.5190217391304348 0.33152173913043476 0.5235507246376812 0.34103260869565216 0.5131340579710144 0.34827898550724634 0.5054347826086956 0.34601449275362317 0.49682971014492755 0.3351449275362319 0.5027173913043478 0.3242753623188406 0.49682971014492755
1 0.2759831460674157 0.4676966292134831 0.2759831460674157 0.4922752808988764 0.2854634831460674 0.49543539325842695 0.2991573033707865 0.4996488764044944 0.3030196629213483 0.4929775280898876 0.2952949438202247 0.4859550561797753 0.2917837078651685 0.4764747191011236 0.2935393258426966 0.4680477528089887
16 0.27668539325842695 0.5663623595505618 0.26896067415730335 0.5747893258426966 0.2658005617977528 0.5839185393258426 0.2679073033707865 0.5905898876404494 0.2773876404494382 0.6004213483146067 0.28827247191011235 0.6004213483146067 0.2956460674157303 0.586376404494382 0.29775280898876405 0.5737359550561798 0.2970505617977528 0.5607443820224719 0.2875702247191011 0.5632022471910112
13 0.4234564777327935 0.6511892712550608 0.4152327935222672 0.653087044534413 0.4120698380566802 0.6590966599190283 0.41270242914979755 0.6663714574898785 0.4190283400809717 0.670167004048583 0.42693572874493924 0.6673203441295547 0.4291497975708502 0.6619433198380567 0.427252024291498 0.65625
0 0.4234564777327935 0.6511892712550608 0.4152327935222672 0.653087044534413 0.4120698380566802 0.6590966599190283 0.41270242914979755 0.6663714574898785 0.4190283400809717 0.670167004048583 0.42693572874493924 0.6673203441295547 0.4291497975708502 0.6619433198380567 0.427252024291498 0.65625
13 0.49778593117408904 0.6122849190283401 0.4939903846153846 0.6173456477732794 0.4920926113360323 0.625253036437247 0.49367408906882587 0.6337930161943319 0.5 0.6341093117408907 0.5047444331983806 0.6255693319838056 0.5037955465587045 0.6201923076923077 0.5003162955465588 0.616713056680162
0 0.49778593117408904 0.6122849190283401 0.4939903846153846 0.6173456477732794 0.4920926113360323 0.625253036437247 0.49367408906882587 0.6337930161943319 0.5 0.6341093117408907 0.5047444331983806 0.6255693319838056 0.5037955465587045 0.6201923076923077 0.5003162955465588 0.616713056680162
16 0.36302083333333335 0.7135416666666667 0.35416666666666663 0.7166666666666667 0.34895833333333337 0.7291666666666667 0.34895833333333337 0.7432291666666667 0.35416666666666663 0.7541666666666667 0.3692708333333333 0.7526041666666667 0.3875 0.7447916666666667 0.39895833333333336 0.7380208333333333 0.403125 0.7255208333333333 0.4020833333333333 0.7161458333333333 0.3963541666666667 0.7119791666666667 0.38645833333333335 0.7125 0.37604166666666666 0.7130208333333333
