13 0.754104872881356 0.4978813559322034 0.7454978813559323 0.5005296610169492 0.7421875 0.5111228813559323 0.7415254237288136 0.5237023305084746 0.7461599576271187 0.5309851694915254 0.7560911016949153 0.5276747881355932 0.7620497881355932 0.5164194915254238 0.7620497881355932 0.5058262711864407
18 0.6561175847457628 0.552833686440678 0.6481726694915254 0.5554819915254238 0.6435381355932204 0.5673993644067796 0.6494968220338984 0.5773305084745763 0.659427966101695 0.5726959745762712 0.6614141949152542 0.5634269067796611
18 0.6051377118644068 0.6283103813559323 0.596530720338983 0.6302966101694916 0.5945444915254238 0.6402277542372882 0.6031514830508475 0.6448622881355932 0.6117584745762712 0.6402277542372882 0.6117584745762712 0.6322828389830508
18 0.5621027542372882 0.6680349576271187 0.5515095338983051 0.6733315677966102 0.5501853813559323 0.6839247881355932 0.5601165254237288 0.6872351694915254 0.5687235169491526 0.6812764830508475 0.568061440677966 0.674655720338983
13 0.7143802966101696 0.37936970338983056 0.704449152542373 0.3840042372881356 0.7018008474576272 0.3952595338983051 0.7110699152542372 0.40188029661016955 0.7203389830508475 0.396583686440678 0.7216631355932204 0.3886387711864407
13 0.6117584745762712 0.4038665254237288 0.6024894067796611 0.4085010593220339 0.596530720338983 0.41843220338983056 0.603813559322034 0.43034957627118653 0.6177171610169492 0.43101165254237295 0.6243379237288136 0.4217425847457627 0.6230137711864407 0.413135593220339
18 0.6549899193548387 0.4973118279569892 0.6465893817204301 0.4998319892473118 0.641549059139785 0.510752688172043 0.6432291666666667 0.5233534946236559 0.653309811827957 0.5250336021505376 0.6608702956989247 0.5174731182795699 0.6617103494623656 0.5073924731182795
13 0.6877520161290323 0.5544354838709677 0.6768313172043011 0.5535954301075268 0.6684307795698925 0.5636760752688172 0.6692708333333334 0.5787970430107527 0.6801915322580646 0.5846774193548387 0.6919522849462366 0.5787970430107527 0.6944724462365592 0.5670362903225806
18 0.5239415322580646 0.13188844086021506 0.5138608870967742 0.1327284946236559 0.5096606182795699 0.1453293010752688 0.521421370967742 0.15625 0.5298219086021506 0.15120967741935482
18 0.6407090053763441 0.15120967741935482 0.6297883064516129 0.15456989247311828 0.6255880376344086 0.1663306451612903 0.6297883064516129 0.17893145161290322 0.6423891129032258 0.17977150537634407 0.6499495967741936 0.17053091397849462 0.6491095430107527 0.16129032258064516
13 0.5382224462365592 0.5090725806451613 0.5281418010752689 0.5149529569892473 0.5247815860215054 0.5300739247311828 0.5281418010752689 0.5426747311827957 0.5441028225806452 0.5401545698924731 0.5550235215053764 0.5292338709677419 0.5525033602150538 0.5191532258064516 0.5474630376344086 0.510752688172043
18 0.4180947580645162 0.324260752688172 0.4088541666666667 0.3335013440860215 0.4155745967741936 0.3461021505376344 0.42901545698924737 0.3435819892473118 0.4306955645161291 0.3326612903225806
13 0.2122815860215054 0.38726478494623656 0.20052083333333334 0.3973454301075269 0.19968077956989252 0.4149865591397849 0.21144153225806456 0.4217069892473118 0.2232022849462366 0.4141465053763441 0.22572244623655915 0.4015456989247312
13 0.8196404569892474 0.360383064516129 0.8087197580645162 0.36374327956989244 0.809559811827957 0.37466397849462363 0.8188004032258064 0.3797043010752688 0.828040994623656 0.3729838709677419
18 0.6919522849462366 0.6073588709677419 0.6843918010752689 0.6123991935483871 0.6869119623655914 0.6216397849462365 0.6944724462365592 0.6241599462365591 0.7037130376344086 0.6199596774193548 0.7037130376344086 0.6115591397849462
13 0.6079469086021506 0.34694220430107525 0.599546370967742 0.35282258064516125 0.5953461021505377 0.36794354838709675 0.6029065860215054 0.3763440860215054 0.6104670698924732 0.37466397849462363 0.6129872311827957 0.36542338709677413 0.6138272849462366 0.35786290322580644
13 0.6547897196261683 0.42917640186915884 0.6452978971962617 0.42990654205607476 0.6401869158878505 0.44231892523364486 0.6401869158878505 0.4547313084112149 0.6474883177570093 0.45984228971962615 0.6540595794392523 0.4518107476635514 0.65625 0.4393983644859813
13 0.7460572429906541 0.4050817757009346 0.7380257009345794 0.4080023364485982 0.733644859813084 0.41676401869158874 0.7372955607476636 0.428446261682243 0.7460572429906541 0.42917640186915884 0.7526285046728971 0.421875 0.7533586448598131 0.41457359813084116
0 0.8196404569892474 0.360383064516129 0.8087197580645162 0.36374327956989244 0.809559811827957 0.37466397849462363 0.8188004032258064 0.3797043010752688 0.828040994623656 0.3729838709677419
0 0.7460572429906541 0.4050817757009346 0.7380257009345794 0.4080023364485982 0.733644859813084 0.41676401869158874 0.7372955607476636 0.428446261682243 0.7460572429906541 0.42917640186915884 0.7526285046728971 0.421875 0.7533586448598131 0.41457359813084116
0 0.754104872881356 0.4978813559322034 0.7454978813559323 0.5005296610169492 0.7421875 0.5111228813559323 0.7415254237288136 0.5237023305084746 0.7461599576271187 0.5309851694915254 0.7560911016949153 0.5276747881355932 0.7620497881355932 0.5164194915254238 0.7620497881355932 0.5058262711864407
0 0.6877520161290323 0.5544354838709677 0.6768313172043011 0.5535954301075268 0.6684307795698925 0.5636760752688172 0.6692708333333334 0.5787970430107527 0.6801915322580646 0.5846774193548387 0.6919522849462366 0.5787970430107527 0.6944724462365592 0.5670362903225806
0 0.5382224462365592 0.5090725806451613 0.5281418010752689 0.5149529569892473 0.5247815860215054 0.5300739247311828 0.5281418010752689 0.5426747311827957 0.5441028225806452 0.5401545698924731 0.5550235215053764 0.5292338709677419 0.5525033602150538 0.5191532258064516 0.5474630376344086 0.510752688172043
0 0.6547897196261683 0.42917640186915884 0.6452978971962617 0.42990654205607476 0.6401869158878505 0.44231892523364486 0.6401869158878505 0.4547313084112149 0.6474883177570093 0.45984228971962615 0.6540595794392523 0.4518107476635514 0.65625 0.4393983644859813
0 0.6079469086021506 0.34694220430107525 0.599546370967742 0.35282258064516125 0.5953461021505377 0.36794354838709675 0.6029065860215054 0.3763440860215054 0.6104670698924732 0.37466397849462363 0.6129872311827957 0.36542338709677413 0.6138272849462366 0.35786290322580644
0 0.6117584745762712 0.4038665254237288 0.6024894067796611 0.4085010593220339 0.596530720338983 0.41843220338983056 0.603813559322034 0.43034957627118653 0.6177171610169492 0.43101165254237295 0.6243379237288136 0.4217425847457627 0.6230137711864407 0.413135593220339
0 0.7143802966101696 0.37936970338983056 0.704449152542373 0.3840042372881356 0.7018008474576272 0.3952595338983051 0.7110699152542372 0.40188029661016955 0.7203389830508475 0.396583686440678 0.7216631355932204 0.3886387711864407
13 0.2527405104712042 0.5529695680628273 0.24660503926701574 0.5546056937172774 0.24374181937172779 0.5636043848167539 0.24537794502617802 0.5742392015706806 0.2523314790575917 0.5820107984293194 0.2588759816753927 0.576693390052356 0.2609211387434555 0.5676946989528796 0.2601030759162304 0.561559227748691
0 0.2527405104712042 0.5529695680628273 0.24660503926701574 0.5546056937172774 0.24374181937172779 0.5636043848167539 0.24537794502617802 0.5742392015706806 0.2523314790575917 0.5820107984293194 0.2588759816753927 0.576693390052356 0.2609211387434555 0.5676946989528796 0.2601030759162304 0.561559227748691
