0 0.19017094017094022 0.39917200854700857 0.18215811965811968 0.41386217948717946 0.18482905982905978 0.43255876068376065 0.19951923076923075 0.43790064102564097 0.20486111111111108 0.421875 0.20085470085470086 0.40852029914529914
0 0.2716346153846154 0.41386217948717946 0.2596153846153846 0.4245459401709401 0.2569444444444445 0.44190705128205127 0.27297008547008544 0.4525908119658119 0.28632478632478636 0.4472489316239316 0.28899572649572647 0.43122329059829057 0.2849893162393163 0.4192040598290598
0 0.49599358974358976 0.6475694444444444 0.48263888888888895 0.6622596153846153 0.48931623931623935 0.6769497863247863 0.5080128205128206 0.6796207264957265 0.5120192307692308 0.6609241452991453
0 0.45726495726495725 0.5206997863247863 0.44524572649572647 0.5300480769230769 0.4492521367521368 0.5487446581196581 0.46127136752136755 0.5580929487179487 0.4732905982905983 0.5407318376068375
0 0.6856303418803419 0.07331730769230767 0.6789529914529915 0.08400106837606836 0.6816239316239316 0.10269764957264953 0.6936431623931624 0.09602029914529911
0 0.48397435897435903 0.38314636752136755 0.46794871794871795 0.38982371794871795 0.46260683760683763 0.40718482905982906 0.4652777777777778 0.4285523504273504 0.48530982905982906 0.44190705128205127 0.5013354700854702 0.43522970085470086 0.5053418803418804 0.4205395299145299 0.4946581196581197 0.40852029914529914 0.4879807692307693 0.39783653846153844
0 0.5780498798076923 0.34142127403846156 0.5675330528846153 0.3444260817307692 0.5667818509615384 0.35682091346153844 0.5769230769230769 0.3602013221153846 0.5818058894230769 0.3523137019230769
0 0.5093482905982907 0.5580929487179487 0.5013354700854702 0.5754540598290598 0.5066773504273504 0.5901442307692307 0.517361111111111 0.5994925213675214 0.5293803418803419 0.5914797008547008 0.5280448717948719 0.5754540598290598 0.5280448717948719 0.5594284188034188
0 0.49073517628205127 0.7180989583333333 0.4797175480769231 0.7211037660256411 0.4752103365384615 0.7406350160256411 0.4857271634615385 0.7456430288461539 0.49123597756410253 0.7416366185897436 0.4952423878205129 0.7276141826923077
0 0.6549979967948718 0.06505408653846158 0.6524939903846154 0.07256610576923081 0.6539963942307693 0.08258213141025644 0.6580028044871795 0.0895933493589744 0.6630108173076923 0.08208133012820516 0.6620092147435898 0.07306690705128209
0 0.6159354967948718 0.11212940705128209 0.6109274839743589 0.11964142628205132 0.6139322916666667 0.1286558493589744 0.6204427083333333 0.1316606570512821 0.6254507211538461 0.12214543269230774 0.6234475160256411 0.11663661858974364
0 0.5698617788461539 0.23332331730769237 0.5643529647435898 0.23432491987179493 0.5628505608974359 0.2408353365384616 0.5648537660256411 0.24734575320512825 0.5723657852564102 0.24784655448717957 0.5743689903846154 0.24183693910256415
0 0.42863581730769235 0.3364883814102565 0.4251302083333333 0.34299879807692313 0.4266326121794872 0.35101161858974367 0.43063902243589747 0.35802283653846156 0.4391526442307693 0.35902443910256415 0.4466646634615385 0.3500100160256411 0.4451622596153846 0.3414963942307693 0.4366486378205129 0.3379907852564103
0 0.5668569711538461 0.4621895032051282 0.5633513621794871 0.47020232371794873 0.5648537660256411 0.4817207532051282 0.5723657852564102 0.4842247596153846 0.5743689903846154 0.4772135416666667 0.5723657852564102 0.46970152243589747
0 0.399589342948718 0.5493289262820513 0.39157652243589747 0.5573417467948718 0.3945813301282052 0.568359375 0.4015925480769231 0.5763721955128205 0.41060697115384615 0.5733673878205128 0.4171173878205129 0.5648537660256411 0.41761818910256415 0.5553385416666667 0.41110777243589747 0.5493289262820513
0 0.3890725160256411 0.5673577724358975 0.38306290064102566 0.5723657852564102 0.3825620993589744 0.580879407051282 0.39157652243589747 0.5853866185897436 0.3985877403846154 0.580879407051282 0.3975861378205129 0.5748697916666667
0 0.3920773237179488 0.6374699519230769 0.3845653044871795 0.6439803685897436 0.38306290064102566 0.6595052083333333 0.3920773237179488 0.6680188301282051 0.40660056089743585 0.6625100160256411 0.4096053685897436 0.6519931891025641 0.40209334935897434 0.6424779647435898
0 0.47120392628205127 0.580879407051282 0.46519431089743585 0.5873898237179487 0.46519431089743585 0.5999098557692307 0.470703125 0.6069210737179487 0.4797175480769231 0.6059194711538461 0.4837239583333333 0.5969050480769231 0.48222155448717946 0.5888922275641025 0.47771434294871795 0.5848858173076923
0 0.3379907852564103 0.40209334935897434 0.32847556089743596 0.4076021634615385 0.32446915064102566 0.41611578525641024 0.32847556089743596 0.4256310096153846 0.340995592948718 0.42863581730769235 0.3485076121794872 0.42462940705128205 0.3490084134615385 0.41511418269230765 0.344501201923077 0.40810296474358976
0 0.40076622596153844 0.3049879807692307 0.3955078125 0.30724158653846156 0.39513221153846156 0.3132512019230769 0.3992638221153846 0.3173828125 0.40564903846153844 0.31625600961538464 0.40827824519230765 0.31137319711538464 0.40677584134615385 0.3076171875
0 0.6888521634615384 0.3151292067307692 0.6839693509615384 0.3181340144230769 0.6820913461538461 0.32527043269230765 0.6862229567307693 0.33315805288461536 0.693359375 0.3339092548076923 0.6967397836538461 0.3271484375 0.6952373798076923 0.32113882211538464
0 0.7016225961538461 0.3102463942307692 0.6978665865384615 0.3196364182692307 0.6986177884615384 0.33052884615384615 0.6963641826923077 0.34292367788461536 0.6993689903846153 0.3508112980769231 0.7076322115384615 0.34517728365384615 0.7098858173076923 0.33315805288461536 0.7072566105769231 0.32752403846153844 0.7083834134615384 0.31625600961538464
0 0.5810546875 0.24827223557692307 0.5757962740384615 0.25390625 0.5754206730769231 0.26329627403846156 0.5754206730769231 0.27193509615384615 0.5821814903846153 0.2756911057692307 0.5885667067307693 0.2708082932692307 0.5911959134615384 0.26029146634615385 0.5896935096153846 0.25202824519230765 0.5851862980769231 0.2490234375
0 0.5344801682692307 0.28771033653846156 0.5295973557692307 0.29184194711538464 0.5292217548076923 0.2997295673076923 0.5348557692307693 0.30386117788461536 0.5408653846153846 0.30160757211538464 0.5412409855769231 0.29409555288461536 0.5393629807692307 0.2903395432692307
0 0.5780498798076923 0.28921274038461536 0.5731670673076923 0.2937199519230769 0.5720402644230769 0.30160757211538464 0.576171875 0.30724158653846156 0.5829326923076923 0.30724158653846156 0.5874399038461539 0.3019831730769231 0.5881911057692307 0.2948467548076923 0.5840594951923077 0.2903395432692307
0 0.20883413461538464 0.44621394230769235 0.205078125 0.4552283653846153 0.20470252403846154 0.4676231971153846 0.20883413461538464 0.47889122596153844 0.21859975961538464 0.4762620192307693 0.22348257211538464 0.4679987980769231 0.22348257211538464 0.4567307692307693 0.21897536057692307 0.4503455528846153 0.21296574519230765 0.44621394230769235
0 0.2805739182692307 0.8188100961538461 0.27493990384615385 0.8251953125 0.27794471153846156 0.8364633413461539 0.28432992788461536 0.83984375 0.29259314903846156 0.8364633413461539 0.29672475961538464 0.8289513221153847 0.29597355769230765 0.8233173076923077 0.29146634615384615 0.819561298076923
0 0.278261952191235 0.4675049800796812 0.2639442231075697 0.47373007968127484 0.26145418326693226 0.4861802788844621 0.26518924302788843 0.5036105577689243 0.2795069721115538 0.5029880478087649 0.29133466135458164 0.49427290836653387 0.29506972111553786 0.4830677290836653 0.2894671314741036 0.47373007968127484
0 0.4936503984063744 0.5378486055776892 0.4849352589641434 0.5397161354581673 0.47559760956175295 0.5515438247011952 0.47124003984063745 0.5627490039840637 0.47373007968127484 0.5683515936254979 0.4861802788844621 0.5695966135458167 0.4936503984063744 0.5664840637450198 0.49614043824701193 0.5552788844621513 0.49800796812748993 0.5446962151394421
16 0.2533615537848605 0.7165089641434262 0.2589641434262948 0.7246015936254979 0.25608669833729214 0.7344863420427553 0.25274643705463185 0.7437648456057008 0.2520041567695962 0.7537856294536817 0.2546021377672209 0.7649198337292161 0.26276722090261284 0.7664043942992874 0.2658117529880478 0.7575946215139442 0.2757719123505976 0.7656872509960159 0.28280878859857483 0.7600950118764846 0.282437648456057 0.7519299287410927 0.2850356294536817 0.7474762470308789 0.2906027315914489 0.751187648456057 0.2950564133016627 0.7567547505938242 0.3009946555819477 0.7578681710213777 0.3035926365795724 0.7537856294536817 0.3073040380047506 0.7419091448931117 0.3061906175771972 0.7315172209026128 0.3028503562945368 0.7218675771971497 0.29579869358669836 0.7229809976247031 0.29654097387173395 0.7159293349168646 0.29654097387173395 0.7062796912114014 0.2876336104513064 0.7018260095011877 0.28058194774346795 0.6966300475059383 0.27390142517814725 0.6925475059382423 0.2646229216152019 0.6970011876484561 0.26054038004750596 0.7077642517814727
16 0.3156125498007968 0.49427290836653387 0.30751992031872505 0.49178286852589637 0.3037848605577689 0.5004980079681275 0.305652390438247 0.5092131474103585 0.3156125498007968 0.5110806772908366 0.3224601593625498 0.5241533864541832 0.3255727091633466 0.5372260956175299 0.3436254980079681 0.5397161354581673 0.35234063745019917 0.5502988047808764 0.3542081673306773 0.5664840637450198 0.35109857482185275 0.5804631828978623 0.3581502375296912 0.5841745843230404 0.3718824228028504 0.5782363420427553 0.3759960159362549 0.5714641434262948 0.37910856573705176 0.563371513944223 0.3716384462151394 0.5527888446215139 0.37226095617529875 0.5390936254980079 0.36790338645418325 0.5253984063745019 0.3585657370517928 0.5166832669322708 0.34549302788844616 0.5141932270916334 0.3386454183266932 0.5017430278884462 0.3317978087649402 0.4992529880478087 0.3261952191235059 0.5011205179282868 0.3261952191235059 0.49178286852589637 0.31997011952191234 0.4892928286852589
0 0.3317978087649402 0.55652390438247 0.32495019920318724 0.5608814741035857 0.31997011952191234 0.5708416334661355 0.3230826693227091 0.5808017928286853 0.3342878486055777 0.5864043824701195 0.34300298804780877 0.5801792828685258 0.34611553784860555 0.5708416334661355 0.3423804780876494 0.561503984063745
16 0.21974601593625498 0.4289093625498007 0.2203685258964143 0.4177041832669322 0.21165338645418325 0.4139691235059761 0.20605079681274902 0.41957171314741026 0.20169322709163345 0.4320219123505976 0.19671314741035856 0.4401145418326693 0.1911105577689243 0.4506972111553784 0.19173306772908366 0.4643924302788844 0.19484561752988044 0.4793326693227091 0.20667330677290835 0.4861802788844621 0.20480577689243024 0.49614043824701193 0.2072958167330677 0.5048555776892429 0.2253486055776892 0.5079681274900398 0.23966633466135456 0.506723107569721 0.24589143426294818 0.4948954183266932 0.24402390438247007 0.4830677290836653 0.23779880478087648 0.47559760956175295 0.23344123505976094 0.4675049800796812 0.22783864541832669 0.45816733067729076 0.22472609561752988 0.4488296812749003 0.2303286852589641 0.4407370517928286
16 0.2041832669322709 0.5085906374501992 0.19858067729083664 0.518550796812749 0.20044820717131473 0.5291334661354581 0.2072958167330677 0.5372260956175299 0.2110308764940239 0.5484312749003983 0.21850099601593623 0.5428286852589641 0.22410358565737049 0.5422061752988048 0.2259711155378486 0.5515438247011952 0.23468625498007967 0.5527888446215139 0.23655378486055775 0.540961155378486 0.235308764940239 0.5253984063745019 0.23344123505976094 0.5141932270916334 0.22348107569721112 0.5135707171314741 0.2122758964143426 0.511703187250996
16 0.4382470119521912 0.547808764940239 0.42766434262948205 0.5440737051792828 0.4201942231075697 0.5334910358565736 0.42641932270916333 0.5247758964143425 0.4382470119521912 0.5260209163346613 0.44758466135458164 0.5297559760956175 0.4506972111553784 0.5428286852589641 0.45567729083665337 0.5546563745019919 0.45567729083665337 0.5664840637450198 0.4506972111553784 0.5808017928286853 0.4388695219123505 0.5932519920318724 0.43077689243027883 0.5988545816733067 0.4245517928286852 0.5957420318725098 0.4201942231075697 0.5832918326693226 0.4102340637450199 0.58578187250996 0.4033864541832669 0.5826693227091633 0.39404880478087645 0.5876494023904382 0.3853336653386454 0.5932519920318724 0.3752226840855107 0.6008758907363421 0.36631532066508316 0.5982779097387174 0.3670576009501188 0.5875148456057008 0.3834661354581673 0.5689741035856574 0.3903137450199203 0.5664840637450198 0.3884462151394422 0.5583914342629481 0.3896912350597609 0.5509213147410359 0.3977838645418327 0.5397161354581673 0.4015189243027888 0.5353585657370518 0.4133466135458167 0.534113545816733 0.4214392430278884 0.5372260956175299 0.42641932270916333 0.5465637450199202 0.4245517928286852 0.5559013944223107 0.43139940239043817 0.5590139442231076
16 0.4805776892430279 0.7065488047808764 0.46812749003984055 0.7158864541832669 0.4624406175771972 0.7274346793349169 0.46429631828978624 0.7192695961995249 0.45947149643705465 0.7137024940617577 0.45093527315914483 0.7137024940617577 0.44239904988123513 0.7170427553444181 0.44165676959619954 0.7255789786223278 0.44314133016627083 0.7370843230403801 0.4468527315914489 0.739311163895487 0.45613123515439435 0.7367131828978623 0.45754482071713143 0.7457669322709163 0.4544322709163346 0.7619521912350596 0.45816733067729076 0.7750249003984063 0.46875 0.7800049800796812 0.47995517928286846 0.7750249003984063 0.4886703187250996 0.7638197211155378 0.49676294820717126 0.7482569721115537 0.5017430278884462 0.7376743027888446 0.5023655378486056 0.7239790836653386 0.49987549800796804 0.7140189243027888 0.49116035856573703 0.7090388446215139
16 0.36728087649402386 0.33553286852589637 0.35422036082474223 0.3340850515463917 0.346166237113402 0.346971649484536 0.34736055776892427 0.37288346613545814 0.34051294820717126 0.37412848605577687 0.33055278884462147 0.37288346613545814 0.321215139442231 0.37786354581673304 0.3137450199203187 0.3896912350597609 0.31249999999999994 0.4021414342629481 0.3137450199203187 0.41521414342629476 0.31934760956175295 0.42766434262948205 0.32495019920318724 0.4432270916334661 0.3336653386454183 0.4519422310756972 0.34798306772908366 0.44820717131474097 0.3585657370517928 0.4463396414342629 0.3548306772908366 0.4363794820717131 0.35109561752988044 0.4289093625498007 0.36043326693227085 0.4239292828685259 0.36354581673306774 0.41210159362549803 0.37288346613545814 0.4033864541832669 0.3772410358565737 0.38782370517928283 0.3853336653386454 0.37288346613545814 0.3853336653386454 0.3598107569721115 0.3772410358565737 0.3535856573705179 0.3772410358565737 0.33989043824701193
16 0.4662599601593625 0.5727091633466135 0.45754482071713143 0.58578187250996 0.4544322709163346 0.6000996015936255 0.45816733067729076 0.613172310756972 0.47124003984063745 0.6150398406374501 0.48555776892430275 0.611304780876494 0.49676294820717126 0.6094372509960159 0.5054780876494023 0.6119272908366533 0.511703187250996 0.6212649402390438 0.5011205179282868 0.6287350597609561 0.48680278884462147 0.6399402390438247 0.4787101593625498 0.6530129482071713 0.4762201195219123 0.667953187250996 0.47808764940239035 0.6804033864541832 0.4849352589641434 0.6916085657370517 0.48991533864541825 0.7034362549800796 0.5004980079681275 0.7065488047808764 0.5048555776892429 0.6997011952191234 0.5179282868525896 0.6990786852589641 0.5285109561752988 0.6909860557768923 0.5484312749003983 0.6947211155378485 0.5652390438247011 0.6928535856573704 0.5751992031872509 0.6853834661354581 0.5745766932270916 0.6766683266932271 0.5683515936254979 0.6723107569721115 0.5571464143426295 0.6735557768924302 0.5465637450199202 0.6741782868525895 0.5378486055776892 0.6716882470119521 0.5347360557768923 0.6623505976095616 0.5359810756972111 0.6480328685258964 0.5422061752988048 0.6430527888446215 0.5534113545816732 0.6418077689243027 0.5608814741035857 0.6343376494023903 0.5596364541832669 0.6187749003984063 0.570219123505976 0.6162848605577689 0.5745766932270916 0.6075697211155378 0.5751992031872509 0.5982320717131474 0.5671065737051793 0.5944970119521912 0.5608814741035857 0.5932519920318724 0.5627490039840637 0.5814243027888446 0.5596364541832669 0.5733316733067728 0.5534113545816732 0.5689741035856574 0.5428286852589641 0.5627490039840637 0.540961155378486 0.5552788844621513 0.532246015936255 0.5521663346613546 0.5241533864541832 0.5502988047808764 0.5235308764940239 0.5372260956175299 0.5260209163346613 0.5229083665338645 0.5253984063745019 0.5029880478087649 0.5173057768924302 0.49987549800796804 0.5092131474103585 0.5073456175298804 0.5061005976095617 0.518550796812749 0.5023655378486056 0.5247758964143425 0.49240537848605576 0.5253984063745019 0.48431274900398397 0.5297559760956175 0.47559760956175295 0.5372260956175299 0.46999501992031867 0.547808764940239 0.46563745019920316 0.5596364541832669 0.4631474103585657 0.5671065737051793
16 0.5540338645418326 0.8117529880478086 0.5422061752988048 0.8111304780876493 0.5328685258964143 0.8186005976095616 0.532246015936255 0.8316733067729082 0.5446962151394421 0.8403884462151394 0.5571464143426295 0.8428784860557768 0.5671065737051793 0.8378984063745019 0.5708416334661355 0.8304282868525895 0.570219123505976 0.8242031872509961 0.5583914342629481 0.8248256972111554 0.5540338645418326 0.8186005976095616
12 0.4487118320610687 0.16722328244274814 0.43082061068702304 0.1910782442748092 0.3950381679389313 0.20062022900763363 0.3342080152671757 0.20300572519083976 0.35209923664122145 0.23520992366412216 0.38311068702290085 0.2721851145038169 0.4117366412213741 0.298425572519084 0.45109732824427484 0.297232824427481 0.4940362595419847 0.2674141221374046 0.5345896946564886 0.2113549618320611 0.5834923664122137 0.15291030534351152 0.5930343511450381 0.11116412213740463 0.6085400763358779 0.046755725190839745 0.5954198473282443 0.0026240458015267714 0.4797232824427482 0.0002385496183206645 0.48926526717557267 0.03244274809160311 0.4940362595419847 0.05987595419847334 0.4880725190839696 0.09446564885496189 0.4689885496183207 0.12666984732824432
12 0.003816793893129855 0.21851145038167946 0.0073950381679389835 0.24833015267175576 0.02170801526717563 0.275763358778626 0.044370229007633676 0.2960400763358779 0.05987595419847334 0.2805343511450382 0.05033396946564892 0.2566793893129772 0.03005725190839703 0.23043893129770998
16 0.26383587786259544 0.5715648854961832 0.27814885496183217 0.5954198473282444 0.2805343511450383 0.6276240458015268 0.2793416030534352 0.6574427480916031 0.297232824427481 0.634780534351145 0.2936545801526718 0.5930343511450382 0.30081106870229013 0.5787213740458015 0.28649809160305345 0.566793893129771
16 0.5362435567010309 0.31233891752577314 0.5225515463917525 0.3179768041237113 0.5233569587628866 0.3308634020618556 0.5346327319587629 0.3381121134020618 0.5491301546391752 0.3405283505154639 0.5555734536082474 0.3316688144329897 0.5547680412371133 0.31636597938144323 0.5467139175257731 0.3107280927835051
16 0.2648195876288659 0.1971649484536082 0.2543492268041237 0.20360824742268036 0.2535438144329897 0.21568943298969065 0.26159793814432986 0.22696520618556698 0.2736791237113402 0.22696520618556698 0.27770618556701027 0.2164948453608247 0.2744845360824742 0.20441365979381437
16 0.6272551546391752 0.2946198453608247 0.6175902061855669 0.30750644329896903 0.6159793814432989 0.33327963917525766 0.616784793814433 0.3518041237113402 0.6256443298969072 0.36791237113402053 0.6264497422680412 0.384020618556701 0.6385309278350515 0.38563144329896903 0.6417525773195876 0.37032860824742264 0.6393363402061856 0.3493878865979381 0.6377255154639175 0.3308634020618556 0.6369201030927835 0.30911726804123707
16 0.26965206185567003 0.40415592783505155 0.25918170103092775 0.4001288659793814 0.24951675257731956 0.4105992268041237 0.24307345360824736 0.42590206185567003 0.24226804123711335 0.44362113402061853 0.2479059278350515 0.462951030927835 0.25112757731958757 0.47422680412371127 0.25676546391752575 0.4943621134020618 0.2583762886597938 0.5064432989690721 0.2599871134020618 0.5201353092783505 0.2712628865979381 0.5273840206185566 0.28092783505154634 0.540270618556701 0.28576030927835044 0.5330219072164948 0.28576030927835044 0.5161082474226804 0.2913981958762886 0.5016108247422679 0.2994523195876288 0.4871134020618556 0.3018685567010309 0.4758376288659793 0.29703608247422675 0.45731314432989684 0.29220360824742264 0.4500644329896907 0.2978414948453608 0.4379832474226804 0.29703608247422675 0.423485824742268 0.29220360824742264 0.41221005154639173 0.2833440721649484 0.40496134020618546
16 0.2173002577319587 0.5829574742268041 0.22052190721649478 0.6063144329896907 0.229381443298969 0.6320876288659794 0.24710051546391748 0.6280605670103092 0.2543492268041237 0.620006443298969 0.25515463917525766 0.6071198453608246 0.25112757731958757 0.5942332474226804 0.2438788659793814 0.5829574742268041 0.23663015463917522 0.5902061855670102 0.23260309278350513 0.5958440721649485
0 0.6264497422680412 0.4943621134020618 0.616784793814433 0.50402706185567 0.6208118556701031 0.5161082474226804 0.6288659793814433 0.5241623711340206 0.6393363402061856 0.5144974226804123 0.6385309278350515 0.50402706185567
0 0.5998711340206185 0.3993234536082474 0.5910115979381443 0.40576675257731953 0.5885953608247422 0.41784793814432986 0.5950386597938144 0.4275128865979381 0.6063144329896907 0.424291237113402 0.6103414948453608 0.4138208762886597 0.6119523195876289 0.40496134020618546 0.6103414948453608 0.3920747422680412
9 0.5958440721649485 0.17944587628865977 0.5829574742268041 0.19555412371134018 0.578125 0.21327319587628862 0.5869845360824743 0.2164948453608247 0.6014819587628866 0.21005154639175255 0.6071198453608246 0.21568943298969065 0.5966494845360824 0.227770618556701 0.5894007731958762 0.24065721649484534 0.5990657216494845 0.2438788659793814 0.6103414948453608 0.23904639175257728 0.6216172680412371 0.23340850515463912 0.6248389175257731 0.24548969072164945 0.6304768041237113 0.25515463917525766 0.6441688144329897 0.25676546391752575 0.6481958762886598 0.24548969072164945 0.6490012886597938 0.23099226804123707 0.6626932989690721 0.227770618556701 0.6634987113402062 0.21568943298969065 0.6594716494845361 0.20360824742268036 0.6538337628865979 0.19797036082474223 0.6401417525773195 0.19474871134020616 0.6304768041237113 0.19313788659793812 0.6304768041237113 0.18266752577319584 0.6216172680412371 0.17864046391752575 0.6127577319587629 0.1770296391752577
9 0.6900773195876289 0.1609213917525773 0.6844394329896907 0.1536726804123711 0.6723582474226804 0.1576997422680412 0.6683311855670102 0.17139175257731956 0.6739690721649485 0.18266752577319584 0.6860502577319587 0.1858891752577319 0.6924935567010309 0.17864046391752575
9 0.6904800257731958 0.24226804123711335 0.6792042525773196 0.24629510309278344 0.6727609536082474 0.2632087628865979 0.6751771907216495 0.2752899484536082 0.6792042525773196 0.28898195876288657 0.6904800257731958 0.29300902061855666 0.698534149484536 0.2825386597938144 0.693701675257732 0.2704574742268041 0.697728737113402 0.2527384020618556 0.69933956185567 0.2648195876288659 0.7049774484536082 0.2744845360824742 0.7130315721649485 0.2704574742268041 0.7170586340206185 0.26079252577319584 0.7170586340206185 0.26079252577319584 0.7186694587628866 0.2785115979381443 0.7267235824742266 0.2793170103092783 0.7283344072164948 0.2632087628865979 0.7283344072164948 0.24871134020618552 0.7146423969072165 0.24548969072164945 0.7057828608247423 0.23904639175257728 0.7033666237113401 0.22535438144329892 0.7065882731958762 0.20602448453608244 0.7049774484536082 0.18669458762886595 0.696117912371134 0.18266752577319584 0.692896262886598 0.19474871134020616 0.6920908505154639 0.20199742268041235 0.6888692010309277 0.19555412371134018 0.6840367268041238 0.18991623711340205 0.6792042525773196 0.20280283505154634 0.6864529639175257 0.21568943298969065 0.692896262886598 0.22293814432989686
9 0.6300740979381443 0.42912371134020616 0.619603737113402 0.44442654639175255 0.6236307989690723 0.4508698453608247 0.6324903350515465 0.4395940721649484 0.6308795103092784 0.4653672680412371 0.6357119845360824 0.48228092783505155 0.6494039948453608 0.4863079896907216 0.6510148195876289 0.47422680412371127 0.6558472938144331 0.462145618556701 0.6574581185567011 0.4484536082474226 0.6679284793814432 0.44201030927835044 0.6775934278350515 0.4363724226804123 0.6945070876288659 0.4403994845360824 0.69933956185567 0.43153994845360816 0.697728737113402 0.42026417525773196 0.693701675257732 0.4089884020618556 0.6816204896907216 0.4081829896907216 0.6663176546391754 0.4097938144329897 0.6590689432989689 0.4138208762886597 0.6542364690721649 0.4275128865979381 0.6485985824742269 0.421875 0.6502094072164948 0.40657216494845355 0.6429606958762886 0.3985180412371133 0.6332957474226804 0.4114046391752577
9 0.6590689432989689 0.4726159793814433 0.6582635309278351 0.4863079896907216 0.6751771907216495 0.4871134020618556 0.6655122422680412 0.49355670103092775 0.6695393041237112 0.50402706185567 0.6816204896907216 0.499194587628866 0.6848421391752577 0.4887242268041237 0.6848421391752577 0.4734213917525773 0.6920908505154639 0.47181056701030927 0.6904800257731958 0.46375644329896903 0.6792042525773196 0.4565077319587629 0.6735663659793815 0.4492590206185566 0.6639014175257731 0.45248067010309273
9 0.6083279639175257 0.5861791237113402 0.6034954896907216 0.5942332474226804 0.5954413659793815 0.6047036082474226 0.5938305412371134 0.6216172680412371 0.5978576030927835 0.6320876288659794 0.6083279639175257 0.6409471649484535 0.6204091494845361 0.6409471649484535 0.6204091494845361 0.6304768041237113 0.6276578608247423 0.6175902061855669 0.6268524484536082 0.6087306701030928 0.617992912371134 0.6151739690721649 0.6115496134020619 0.6192010309278351 0.6091333762886597 0.6079252577319587 0.6171875 0.5998711340206185 0.6228253865979381 0.5950386597938144
9 0.6204091494845361 0.5491301546391752 0.6043009020618557 0.5579896907216495 0.6075225515463917 0.5692654639175257 0.6204091494845361 0.5749033505154639 0.6341011597938143 0.5700708762886597 0.6365173969072165 0.5587951030927835 0.6477931701030928 0.5539626288659794 0.6494039948453608 0.5434922680412371 0.6373228092783505 0.5354381443298968 0.6276578608247423 0.5330219072164948
9 0.3876449742268041 0.7263208762886598 0.3884503865979382 0.7408182989690721 0.4013369845360824 0.7512886597938144 0.40858569587628857 0.7601481958762887 0.4013369845360824 0.7665914948453608 0.39892074742268036 0.776256443298969 0.41341817010309273 0.7786726804123711 0.43274806701030927 0.7826997422680412 0.44321842783505155 0.7665914948453608 0.43033182989690727 0.7553157216494845 0.43758054123711343 0.7472615979381443 0.42711018041237114 0.7416237113402062 0.41663981958762886 0.736791237113402 0.4126127577319588 0.7311533505154639 0.40294780927835044 0.7408182989690721 0.3948936855670103 0.734375
9 0.6663176546391754 0.36227448453608246 0.6574581185567011 0.3783827319587628 0.6751771907216495 0.37435567010309273 0.6792042525773196 0.36469072164948446 0.6735663659793815 0.35502577319587625
9 0.6783988402061855 0.5144974226804123 0.6655122422680412 0.5193298969072164 0.6727609536082474 0.5322164948453608 0.6856475515463917 0.5322164948453608 0.6896746134020619 0.5233569587628866 0.6888692010309277 0.5096649484536082
0 0.6290825415676959 0.07682600950118765 0.6272268408551069 0.08684679334916864 0.6298248218527316 0.09538301662707839 0.6339073634204275 0.10020783847980999 0.6361342042755345 0.09278503562945369 0.6365053444180522 0.08276425178147269 0.633165083135392 0.07719714964370547
16 0.5678444180522566 0.04453681710213776 0.5641330166270784 0.05307304038004751 0.5659887173396674 0.06457838479809977 0.5711846793349169 0.07274346793349169 0.5763806413301663 0.07979513064133018 0.5800920427553444 0.07608372921615202 0.5778652019002375 0.06828978622327792 0.574896080760095 0.05678444180522565 0.578978622327791 0.055671021377672214 0.5793497624703088 0.04899049881235155 0.5763806413301663 0.04379453681710214
16 0.6346496437054632 0.04973277909738717 0.6301959619952494 0.05492874109263658 0.6305671021377672 0.06457838479809977 0.6342785035629455 0.0708877672209026 0.6402167458432304 0.0705166270783848 0.6420724465558194 0.06346496437054631 0.6413301662707839 0.057897862232779096
16 0.3507274346793349 0.20004453681710213 0.3581502375296912 0.20449821852731592 0.36149049881235157 0.21266330166270783 0.36371733966745845 0.21897268408551068 0.3696555819477435 0.21637470308788598 0.3703978622327791 0.2089519002375297 0.3752226840855107 0.20338479809976245 0.38116092636579574 0.19707541567695963 0.3692844418052256 0.1967042755344418 0.3633461995249406 0.19484857482185275 0.3633461995249406 0.20338479809976245 0.35592339667458434 0.19855997624703087
16 0.49695665083135393 0.37596496437054633 0.48211104513064135 0.3763361045130641 0.4691211401425178 0.37856294536817103 0.45650237529691207 0.38747030878859856 0.45019299287410924 0.4060273159144893 0.44796615201900236 0.42050178147268413 0.452790973871734 0.438687648456057 0.46318289786223277 0.4498218527315914 0.47988420427553447 0.4524198337292161 0.49435866983372917 0.452790973871734 0.5080908551068883 0.4449970308788599 0.5166270783847982 0.43423396674584325 0.5158847980997625 0.4238420427553444 0.5073485748218527 0.4130789786223278 0.5080908551068883 0.40380047505938244 0.5129156769596199 0.3919239904988124 0.5144002375296912 0.38153206650831356 0.5118022565320665 0.3755938242280285 0.5051217339667459 0.3763361045130641
0 0.36371733966745845 0.891478622327791 0.35592339667458434 0.8937054631828978 0.3499851543942993 0.9014994061757721 0.3514697149643705 0.9118913301662708 0.35666567695962 0.9204275534441806 0.3648307600950119 0.9219121140142518 0.36854216152019004 0.9156027315914489 0.3763361045130641 0.9141181710213777 0.37967636579572445 0.9070665083135392 0.3781918052256532 0.8989014251781473 0.3733669833729216 0.89333432304038
0 0.3035926365795724 0.7860748218527316 0.29876781472684083 0.7931264845605701 0.29876781472684083 0.8035184085510689 0.3013657957244656 0.8150237529691211 0.3143557007125891 0.8168794536817103 0.32177850356294535 0.8109412114014252 0.3240053444180523 0.8042606888361045 0.3202939429928741 0.797209026128266 0.3154691211401425 0.7916419239904988
0 0.3919239904988124 0.7946110451306414 0.38635688836104515 0.797209026128266 0.38413004750593827 0.8035184085510689 0.3870991686460808 0.8127969121140144 0.39229513064133015 0.8153948931116389 0.39934679334916867 0.8116834916864608 0.4012024940617577 0.8050029691211401 0.40008907363420426 0.7994358669833729
0 0.3447891923990499 0.8005492874109263 0.3373663895486936 0.8031472684085511 0.33365498812351546 0.8127969121140144 0.336624109263658 0.8205908551068883 0.34701603325415675 0.8220754156769596 0.3540676959619952 0.8187351543942993 0.3551811163895487 0.8105700712589075 0.352583135391924 0.8050029691211401
16 0.3499851543942993 0.604958432304038 0.3355106888361045 0.6079275534441806 0.33588182897862234 0.6131235154394299 0.36000593824228033 0.6146080760095012 0.36854216152019004 0.6097832541567696 0.37114014251781474 0.6031027315914489 0.3666864608076009 0.5975356294536817 0.36186163895486934 0.5960510688836105 0.35666567695962 0.5964222090261282 0.3518408551068884 0.599020190023753
16 0.31175771971496435 0.6290825415676959 0.3073040380047506 0.6383610451306414 0.3047060570071259 0.6468972684085511 0.30915973871733965 0.6576603325415677 0.3214073634204276 0.6654542755344418 0.3343972684085511 0.6606294536817102 0.3351395486935867 0.6524643705463183 0.3459026128266033 0.6546912114014252 0.34627375296912116 0.6606294536817102 0.3562945368171021 0.6643408551068883 0.362603919239905 0.6728770783847982 0.3692844418052256 0.6754750593824228 0.3696555819477435 0.6795576009501187 0.3603770783847981 0.6802998812351544 0.3607482185273159 0.6899495249406176 0.3715112826603325 0.6921763657957245 0.3882125890736342 0.6877226840855106 0.39897565320665085 0.7099910926365796 0.4119655581947743 0.7007125890736342 0.4216152019002375 0.6814133016627079 0.4234709026128266 0.665083135391924 0.4216152019002375 0.655062351543943 0.41975950118764843 0.6454127078384798 0.4141923990498812 0.6361342042755345 0.40862529691211397 0.6290825415676959 0.4134501187648456 0.6227731591448931 0.41233669833729214 0.6153503562945368 0.4078830166270784 0.6097832541567696 0.39971793349168644 0.609040973871734 0.39266627078384797 0.6142369358669834 0.3882125890736342 0.6201751781472684 0.38747030878859856 0.6283402612826603 0.3781918052256532 0.6275979809976248 0.3733669833729216 0.626855700712589 0.3729958432304038 0.6365053444180522 0.376707244655582 0.6465261282660333 0.3752226840855107 0.6506086698337292 0.3633461995249406 0.6435570071258907 0.36186163895486934 0.6365053444180522 0.3629750593824228 0.6301959619952494 0.376707244655582 0.6246288598574822 0.3763361045130641 0.6168349168646081 0.372624703087886 0.6120100950118765 0.3677998812351544 0.6120100950118765 0.3603770783847981 0.6160926365795725 0.34887173396674587 0.6146080760095012 0.34664489311163893 0.6220308788598575 0.342562351543943 0.6220308788598575 0.3410777909738717 0.630938242280285 0.34850059382422804 0.6353919239904988 0.3455314726840855 0.6387321852731591 0.3392220902612827 0.6402167458432304 0.33365498812351546 0.6394744655581948 0.32697446555819476 0.6357630641330166 0.32437648456057006 0.6313093824228029 0.3210362232779097 0.6272268408551069
9 0.3652019002375297 0.7137024940617577 0.3633461995249406 0.7222387173396674 0.3652019002375297 0.7278058194774346 0.36445961995249404 0.7363420427553444 0.3733669833729216 0.7404245843230404 0.3793052256532067 0.7374554631828978 0.38190320665083133 0.731146080760095 0.38190320665083133 0.7229809976247031 0.38153206650831356 0.71333135391924
9 0.32845902612826605 0.7218675771971497 0.32177850356294535 0.7192695961995249 0.31584026128266035 0.7237232779097387 0.3173248218527316 0.7333729216152018 0.32363420427553447 0.7385688836104513 0.3343972684085511 0.735228622327791 0.33959323040380046 0.7296615201900238 0.3399643705463183 0.7207541567695962 0.33588182897862234 0.71333135391924 0.3254899049881235 0.6977434679334917 0.3254899049881235 0.7096199524940617 0.32845902612826605 0.7181561757719714
