0 0.532800572519084 0.34971374045801534 0.5161020992366412 0.35687022900763365 0.5149093511450381 0.3807251908396947 0.5268368320610687 0.39861641221374045 0.5447280534351145 0.38788167938931306 0.5506917938931298 0.3711832061068703 0.5471135496183207 0.35329198473282447
0 0.5125238549618322 0.48091603053435117 0.49701812977099247 0.49165076335877866 0.4946326335877863 0.5155057251908397 0.5041746183206108 0.5345896946564885 0.5184875954198473 0.5393606870229009 0.532800572519084 0.5226622137404581 0.532800572519084 0.5011927480916031
16 0.4552719465648856 0.2674141221374046 0.44930820610687033 0.28769083969465653 0.43976622137404586 0.3139312977099237 0.45050095419847336 0.33420801526717564 0.46600667938931295 0.33062977099236646 0.46600667938931295 0.30558206106870234 0.4838979007633588 0.29961832061068705 0.5005963740458016 0.28888358778625955 0.5113311068702291 0.2674141221374046 0.49701812977099247 0.2817270992366413 0.4791269083969466 0.29007633587786263 0.46481393129770987 0.28769083969465653
16 0.4099475190839696 0.3950381679389313 0.39682729007633594 0.43320610687022904 0.375357824427481 0.4749522900763359 0.39682729007633594 0.4689885496183207 0.4099475190839696 0.48687977099236646 0.4278387404580153 0.4833015267175573 0.44334446564885505 0.46063931297709926 0.44334446564885505 0.4391698473282443 0.4361879770992367 0.42485687022900764
16 0.5864742366412214 0.40458015267175573 0.5626192748091604 0.3890744274809161 0.5471135496183207 0.3962309160305344 0.5566555343511451 0.4165076335877863 0.5566555343511451 0.4415553435114504 0.5685830152671756 0.45467557251908397 0.5828959923664122 0.45825381679389315 0.598401717557252 0.4630248091603054 0.6055582061068703 0.44751908396946566 0.6186784351145039 0.4284351145038168 0.6186784351145039 0.4129293893129772 0.642533396946565 0.3950381679389313 0.6520753816793894 0.3795324427480916 0.6508826335877863 0.3604484732824428 0.6616173664122138 0.34971374045801534 0.6747375954198475 0.36283396946564894 0.6783158396946567 0.35329198473282447 0.6675811068702291 0.342557251908397 0.6759303435114505 0.33301526717557256 0.6687738549618322 0.32347328244274814 0.6520753816793894 0.33420801526717564 0.6365696564885497 0.3544847328244275 0.6377624045801527 0.3771469465648855 0.6294131679389314 0.3902671755725191 0.6139074427480917 0.3998091603053435 0.6067509541984734 0.3854961832061069 0.6270276717557254 0.3783396946564886 0.6246421755725192 0.365219465648855 0.6091364503816795 0.3520992366412214 0.5912452290076337 0.34732824427480924 0.5888597328244275 0.36283396946564894 0.578125 0.3580629770992367 0.5602337786259544 0.3544847328244275 0.555462786259542 0.36641221374045807 0.5709685114503816 0.3795324427480916
16 0.4982108778625955 0.4487118320610687 0.46839217557251905 0.477337786259542 0.46481393129770987 0.5095419847328244 0.4779341603053435 0.5417461832061069 0.5005963740458016 0.564408396946565 0.5256440839694656 0.566793893129771 0.5447280534351145 0.5441316793893131 0.5506917938931298 0.5119274809160306 0.5435353053435115 0.4856870229007634 0.5268368320610687 0.46183206106870234
16 0.5363788167938932 0.6371660305343512 0.5208730916030534 0.65625 0.5161020992366412 0.680104961832061 0.5268368320610687 0.7039599236641222 0.5459208015267176 0.7051526717557252 0.5614265267175573 0.6836832061068703 0.5626192748091604 0.6657919847328244
16 0.4755486641221374 0.6920324427480916 0.47674141221374045 0.7194656488549619 0.4815124045801527 0.7552480916030535 0.5029818702290078 0.7612118320610687 0.50775286259542 0.7373568702290076 0.5232585877862596 0.7218511450381679 0.5125238549618322 0.6932251908396947 0.49940362595419857 0.7039599236641222 0.4898616412213741 0.6872614503816794
16 0.49701812977099247 0.8411259541984734 0.488668893129771 0.8697519083969466 0.487476145038168 0.8947996183206108 0.50775286259542 0.9210400763358779 0.5268368320610687 0.9210400763358779 0.5411498091603054 0.8936068702290078 0.5447280534351145 0.856631679389313 0.533993320610687 0.8363549618320612 0.5184875954198473 0.8303912213740459
16 0.6914360687022901 0.5846851145038168 0.6842795801526718 0.633587786259542 0.7212547709923666 0.6085400763358779 0.711712786259542 0.5942270992366413
16 0.9347566793893132 0.5608301526717557 0.9180582061068703 0.5727576335877863 0.9192509541984734 0.5978053435114504 0.9287929389312979 0.6133110687022901 0.9442986641221374 0.6001908396946566 0.9466841603053435 0.5822996183206107
16 0.798783396946565 0.5035782442748091 0.7808921755725192 0.5095419847328244 0.7749284351145039 0.5322041984732825 0.7844704198473285 0.5489026717557253 0.8071326335877863 0.54293893129771 0.8130963740458016 0.5226622137404581
16 0.6795085877862597 0.8268129770992367 0.6437261450381679 0.8470896946564885 0.6353769083969466 0.8733301526717557 0.6473043893129772 0.8947996183206108 0.6735448473282444 0.9031488549618321 0.6866650763358779 0.8924141221374047 0.6783158396946567 0.8733301526717557 0.66400286259542 0.8637881679389313 0.6771230916030536 0.856631679389313 0.690243320610687 0.8447041984732826
16 0.6401479007633588 0.7874522900763359 0.6282204198473285 0.8160782442748091 0.6473043893129772 0.8280057251908397 0.6532681297709925 0.8160782442748091 0.644918893129771 0.8077290076335878 0.6508826335877863 0.7946087786259542
16 0.5805104961832062 0.8256202290076337 0.555462786259542 0.8291984732824428 0.5709685114503816 0.8399332061068703 0.5900524809160306 0.8590171755725191 0.6055582061068703 0.8590171755725191 0.6055582061068703 0.8435114503816795 0.5936307251908397 0.8315839694656489 0.5912452290076337 0.8065362595419847 0.6162929389312979 0.7946087786259542 0.6079437022900764 0.7874522900763359 0.6282204198473285 0.768368320610687 0.5733540076335878 0.7826812977099237
13 0.5125238549618322 0.48091603053435117 0.49701812977099247 0.49165076335877866 0.4946326335877863 0.5155057251908397 0.5041746183206108 0.5345896946564885 0.5184875954198473 0.5393606870229009 0.532800572519084 0.5226622137404581 0.532800572519084 0.5011927480916031
13 0.532800572519084 0.34971374045801534 0.5161020992366412 0.35687022900763365 0.5149093511450381 0.3807251908396947 0.5268368320610687 0.39861641221374045 0.5447280534351145 0.38788167938931306 0.5506917938931298 0.3711832061068703 0.5471135496183207 0.35329198473282447
