11 0.28828721374045807 0.4284351145038168 0.27158874045801534 0.44990458015267176 0.27039599236641226 0.4797232824427481 0.28232347328244284 0.5047709923664122 0.30498568702290085 0.5143129770992367 0.3240696564885497 0.4988072519083969 0.3240696564885497 0.47256679389312983 0.3157204198473283 0.45348282442748095
11 0.3813215648854963 0.4284351145038168 0.37058683206106874 0.4379770992366413 0.37058683206106874 0.46183206106870234 0.3860925572519085 0.4797232824427481 0.39682729007633594 0.5 0.41233301526717553 0.49165076335877866 0.41114026717557267 0.4689885496183207 0.4027910305343513 0.45586832061068705
11 0.6878578244274809 0.37476145038167946 0.6520753816793894 0.3902671755725191 0.6294131679389314 0.4129293893129772 0.6174856870229009 0.4391698473282443 0.6031727099236642 0.47256679389312983 0.5960162213740459 0.5011927480916031 0.5972089694656489 0.5238549618320612 0.6162929389312979 0.5333969465648856 0.6484971374045803 0.5143129770992367 0.6878578244274809 0.47853053435114506 0.7069417938931298 0.45229007633587787 0.6759303435114505 0.4379770992366413 0.7140982824427482 0.40219465648854963 0.7510734732824428 0.3950381679389313 0.7439169847328244 0.3807251908396947 0.7176765267175573 0.3735687022900764
11 0.7140982824427482 0.5870706106870229 0.7522662213740459 0.5858778625954199 0.7737356870229009 0.6061545801526718 0.7618082061068703 0.6204675572519085 0.776121183206107 0.6312022900763359 0.7618082061068703 0.6586354961832062 0.6950143129770993 0.7433206106870229 0.6604246183206108 0.7266221374045803 0.6413406488549619 0.6908396946564885 0.6473043893129772 0.6645992366412214 0.6341841603053435 0.6479007633587787 0.6484971374045803 0.6192748091603054 0.6735448473282444 0.6061545801526718 0.6854723282442748 0.5834923664122138
11 0.44572996183206115 0.5656011450381679 0.4135257633587786 0.5679866412213741 0.40875477099236657 0.5846851145038168 0.45646469465648865 0.6395515267175573 0.47197041984732824 0.6383587786259542 0.47674141221374045 0.6192748091603054 0.4779341603053435 0.6049618320610687 0.4946326335877863 0.5870706106870229 0.4791269083969466 0.5656011450381679
11 0.5280295801526718 0.32347328244274814 0.5113311068702291 0.33420801526717564 0.508945610687023 0.3544847328244275 0.5101383587786261 0.3735687022900764 0.5256440839694656 0.3914599236641222 0.5459208015267176 0.3890744274809161 0.5578482824427482 0.3676049618320611 0.5614265267175573 0.34732824427480924 0.555462786259542 0.33301526717557256
16 0.50775286259542 0.6204675572519085 0.4922471374045802 0.634780534351145 0.4958253816793894 0.6574427480916031 0.508945610687023 0.6824904580152672 0.5304150763358779 0.6944179389312978 0.5351860687022901 0.6693702290076337 0.5280295801526718 0.6514790076335879
11 0.48270515267175573 0.3998091603053435 0.46600667938931295 0.4129293893129772 0.46242843511450393 0.43320610687022904 0.46958492366412213 0.45825381679389315 0.4779341603053435 0.477337786259542 0.5005963740458016 0.48091603053435117 0.5125238549618322 0.46183206106870234 0.5137166030534353 0.4403625954198474 0.5065601145038169 0.4165076335877863
0 0.28828721374045807 0.4284351145038168 0.27158874045801534 0.44990458015267176 0.27039599236641226 0.4797232824427481 0.28232347328244284 0.5047709923664122 0.30498568702290085 0.5143129770992367 0.3240696564885497 0.4988072519083969 0.3240696564885497 0.47256679389312983 0.3157204198473283 0.45348282442748095
0 0.3813215648854963 0.4284351145038168 0.37058683206106874 0.4379770992366413 0.37058683206106874 0.46183206106870234 0.3860925572519085 0.4797232824427481 0.39682729007633594 0.5 0.41233301526717553 0.49165076335877866 0.41114026717557267 0.4689885496183207 0.4027910305343513 0.45586832061068705
0 0.44572996183206115 0.5656011450381679 0.4135257633587786 0.5679866412213741 0.40875477099236657 0.5846851145038168 0.45646469465648865 0.6395515267175573 0.47197041984732824 0.6383587786259542 0.47674141221374045 0.6192748091603054 0.4779341603053435 0.6049618320610687 0.4946326335877863 0.5870706106870229 0.4791269083969466 0.5656011450381679
0 0.7140982824427482 0.5870706106870229 0.7522662213740459 0.5858778625954199 0.7737356870229009 0.6061545801526718 0.7618082061068703 0.6204675572519085 0.776121183206107 0.6312022900763359 0.7618082061068703 0.6586354961832062 0.6950143129770993 0.7433206106870229 0.6604246183206108 0.7266221374045803 0.6413406488549619 0.6908396946564885 0.6473043893129772 0.6645992366412214 0.6341841603053435 0.6479007633587787 0.6484971374045803 0.6192748091603054 0.6735448473282444 0.6061545801526718 0.6854723282442748 0.5834923664122138
0 0.6878578244274809 0.37476145038167946 0.6520753816793894 0.3902671755725191 0.6294131679389314 0.4129293893129772 0.6174856870229009 0.4391698473282443 0.6031727099236642 0.47256679389312983 0.5960162213740459 0.5011927480916031 0.5972089694656489 0.5238549618320612 0.6162929389312979 0.5333969465648856 0.6484971374045803 0.5143129770992367 0.6878578244274809 0.47853053435114506 0.7069417938931298 0.45229007633587787 0.6759303435114505 0.4379770992366413 0.7140982824427482 0.40219465648854963 0.7510734732824428 0.3950381679389313 0.7439169847328244 0.3807251908396947 0.7176765267175573 0.3735687022900764
0 0.5280295801526718 0.32347328244274814 0.5113311068702291 0.33420801526717564 0.508945610687023 0.3544847328244275 0.5101383587786261 0.3735687022900764 0.5256440839694656 0.3914599236641222 0.5459208015267176 0.3890744274809161 0.5578482824427482 0.3676049618320611 0.5614265267175573 0.34732824427480924 0.555462786259542 0.33301526717557256
0 0.48270515267175573 0.3998091603053435 0.46600667938931295 0.4129293893129772 0.46242843511450393 0.43320610687022904 0.46958492366412213 0.45825381679389315 0.4779341603053435 0.477337786259542 0.5005963740458016 0.48091603053435117 0.5125238549618322 0.46183206106870234 0.5137166030534353 0.4403625954198474 0.5065601145038169 0.4165076335877863
9 0.6520753816793894 0.8947996183206108 0.665195610687023 0.8697519083969466 0.6795085877862597 0.8506679389312977 0.6711593511450383 0.8172709923664122 0.6473043893129772 0.8053435114503816 0.6162929389312979 0.7767175572519085 0.6115219465648856 0.7588263358778626 0.6067509541984734 0.7325858778625954 0.5912452290076337 0.7123091603053435 0.5721612595419847 0.7027671755725191 0.5459208015267176 0.7182729007633588 0.5268368320610687 0.7182729007633588 0.5041746183206108 0.69918893129771 0.48270515267175573 0.69918893129771 0.46362118320610685 0.723043893129771 0.46004293893129783 0.7480916030534351 0.4588501908396948 0.7850667938931297 0.46362118320610685 0.8184637404580153 0.47077767175572516 0.8423187022900764 0.4850906488549619 0.8625954198473282 0.5101383587786261 0.8685591603053435 0.5161020992366412 0.8840648854961832 0.5113311068702291 0.9222328244274809 0.5005963740458016 0.9532442748091603 0.4958253816793894 0.9818702290076337 0.4938762909744051 0.9984375 0.7009780534351145 0.9984375 0.6973998091603054 0.9663645038167938 0.6842795801526718 0.9401240458015268 0.6675811068702291 0.9198473282442748
13 0.9204437022900764 0.7254293893129772 0.9061307251908397 0.7290076335877863 0.8989742366412214 0.744513358778626 0.9061307251908397 0.7624045801526718 0.9216364503816795 0.7588263358778626 0.932371183206107 0.7433206106870229
13 0.7176765267175573 0.47018129770992373 0.7021708015267176 0.48210877862595425 0.6973998091603054 0.5 0.7069417938931298 0.5143129770992367 0.7224475190839696 0.5047709923664122 0.7296040076335879 0.49045801526717564
13 0.8369513358778626 0.47018129770992373 0.8142891221374047 0.49284351145038174 0.8309875954198475 0.5011927480916031 0.845300572519084 0.48926526717557256
0 0.7176765267175573 0.47018129770992373 0.7021708015267176 0.48210877862595425 0.6973998091603054 0.5 0.7069417938931298 0.5143129770992367 0.7224475190839696 0.5047709923664122 0.7296040076335879 0.49045801526717564
0 0.9204437022900764 0.7254293893129772 0.9061307251908397 0.7290076335877863 0.8989742366412214 0.744513358778626 0.9061307251908397 0.7624045801526718 0.9216364503816795 0.7588263358778626 0.932371183206107 0.7433206106870229
0 0.8369513358778626 0.47018129770992373 0.8142891221374047 0.49284351145038174 0.8309875954198475 0.5011927480916031 0.845300572519084 0.48926526717557256
16 0.36347987288135597 0.8348781779661018 0.3561970338983051 0.8448093220338982 0.36016949152542377 0.8567266949152543 0.3674523305084746 0.865333686440678 0.380031779661017 0.859375 0.3833421610169492 0.8474576271186441 0.3806938559322034 0.8395127118644068 0.3694385593220339 0.8388506355932204
16 0.4164459745762712 0.8501059322033898 0.40585275423728817 0.854740466101695 0.3979078389830509 0.8659957627118645 0.4038665254237288 0.8785752118644068 0.41445974576271183 0.8871822033898307 0.4250529661016949 0.8798993644067797 0.4290254237288136 0.8679819915254237 0.4243908898305085 0.8580508474576272
