4 0.5899174528301887 0.3853920990566038 0.5909001572327044 0.3971845518867925 0.6017099056603773 0.40086969339622647 0.6125196540880503 0.4111880896226416 0.6233294025157233 0.4170843160377359 0.6370872641509434 0.4222435141509434 0.656741352201258 0.423717570754717 0.6714819182389937 0.4207694575471699 0.6832743710691823 0.41487323113207547 0.6940841194968553 0.406028891509434 0.7009630503144654 0.3964475235849057 0.6999803459119497 0.3905512971698114 0.7078419811320755 0.3787588443396227 0.695066823899371 0.3765477594339623 0.6832743710691823 0.38244398584905664 0.670499213836478 0.3876031839622642 0.652810534591195 0.388340212264151 0.6351218553459119 0.38907724056603776 0.6184158805031447 0.388340212264151 0.6056407232704403 0.38612912735849064
4 0.34129323899371067 0.3802329009433963 0.347189465408805 0.39276238207547176 0.3530856918238994 0.4045548349056604 0.3658608490566037 0.4141362028301887 0.3806014150943396 0.41855837264150947 0.3982900943396226 0.4170843160377359 0.4199095911949685 0.41339917452830194 0.4356328616352201 0.4082399764150944 0.45332154088050314 0.39865860849056606 0.4621658805031446 0.3979215801886793 0.4602004716981132 0.388340212264151 0.44644261006289304 0.3876031839622642 0.4356328616352201 0.3898142688679246 0.4228577044025157 0.39202535377358494 0.4032036163522012 0.3934994103773585 0.3874803459119497 0.3912883254716982 0.3697916666666667 0.3876031839622642 0.35701650943396224 0.38096992924528306
19 0.47297562893081757 0.39865860849056606 0.46511399371069184 0.4104510613207547 0.4493907232704402 0.42150648584905664 0.4169614779874214 0.43477299528301894 0.4356328616352201 0.4340359669811321 0.4592177672955975 0.42519162735849064 0.474941037735849 0.41266214622641517 0.48575078616352196 0.39571049528301894
19 0.5732114779874213 0.4045548349056604 0.58500393081761 0.40013266509433965 0.5997444968553459 0.41487323113207547 0.6193985849056604 0.4222435141509434 0.6459316037735849 0.4355100235849057 0.656741352201258 0.4421432783018869 0.6469143081761006 0.445091391509434 0.6272602201257862 0.4384581367924529 0.6085888364779873 0.42740271226415094 0.588934748427673 0.4178213443396227
19 0.6007272012578616 0.49299823113207547 0.6223466981132076 0.5047906839622642 0.6429834905660378 0.5187942216981132 0.6302083333333334 0.5025795990566039 0.6115369496855346 0.48931308962264153 0.6026926100628931 0.48194280660377364
19 0.4808372641509433 0.4613060141509434 0.4670794025157232 0.46646521226415094 0.45725235849056595 0.4767836084905661 0.45725235849056595 0.4871020047169812 0.44545990566037735 0.5011055424528302 0.42973663522012573 0.5084758254716981 0.42089229559748426 0.5276385613207547 0.43366745283018865 0.5136350235849056 0.4461887835703002 0.5072200829383886 0.4540876777251185 0.5001851303317535 0.4580371248025276 0.4938906990521327 0.46149289099526064 0.4879665284360189 0.4619865718799368 0.48241261848341227 0.465936018957346 0.4757479265402843 0.47334123222748814 0.4687129739336492 0.4817338072669826 0.4657508886255924
19 0.3721366508688783 0.23804058056872038 0.38546603475513425 0.23285693127962084 0.4052132701421801 0.22989484597156395 0.4205173775671406 0.22545171800947866 0.4289099526066351 0.22397067535545023 0.4432266982622433 0.21656546208530805 0.4397709320695103 0.22397067535545023 0.4298973143759873 0.22804354265402843 0.4180489731437599 0.2313758886255924 0.40669431279620855 0.23322719194312796 0.39484597156398105 0.2354487559241706
19 0.357326224328594 0.2646993483412322 0.36670616113744076 0.26914247630331756 0.38052922590837285 0.26914247630331756 0.3963270142180095 0.2654398696682464 0.41212480252764616 0.26284804502369663 0.42742890995260663 0.26136700236966826 0.44520142180094785 0.260626481042654 0.4531003159557662 0.2524807464454976 0.44520142180094785 0.25285100710900477 0.43088467614533965 0.2547023104265403 0.4215047393364929 0.2547023104265403 0.41360584518167454 0.2561833530805687 0.40471958925750395 0.2565536137440758 0.3943522906793049 0.25729413507109006 0.3795418641390205 0.2595156990521327
19 0.6199644549763034 0.2291543246445497 0.6293443917851501 0.2354487559241706 0.6426737756714062 0.23767031990521326 0.6569905213270143 0.24100266587677727 0.6727883096366509 0.24581605450236962 0.6910545023696684 0.25062944312796204 0.7068522906793049 0.2565536137440758 0.7216627172195893 0.250259182464455 0.7152448657187995 0.24803761848341233 0.7033965244865719 0.24581605450236962 0.6925355450236967 0.2432242298578199 0.6826619273301738 0.2398918838862559 0.6727883096366509 0.23730005924170613 0.6634083728278042 0.23470823459715637 0.6515600315955766 0.2321164099526066 0.6426737756714062 0.2310056279620853 0.6323064770932071 0.22878406398104265
19 0.48963270142180093 0.2654398696682464 0.5083925750394944 0.2669209123222749 0.5256714060031595 0.2665506516587678 0.54739336492891 0.2646993483412322 0.5666469194312798 0.26284804502369663 0.5844194312796209 0.2609967417061611 0.6081161137440759 0.260626481042654 0.6308254344391785 0.2598859597156398 0.6451421800947869 0.26173726303317535 0.6599526066350712 0.2643290876777251 0.6643957345971565 0.2717343009478673 0.6688388625592417 0.27580716824644547 0.6747630331753556 0.2817313388625592 0.6708135860979464 0.280990817535545 0.6673578199052134 0.27765847156398105 0.6634083728278042 0.27395586492890994 0.6599526066350712 0.2695127369668246 0.6579778830963666 0.2665506516587678 0.6535347551342813 0.2650696090047393 0.6446484992101106 0.2635885663507109 0.6352685624012638 0.26247778436018954 0.6278633491311217 0.26210752369668244 0.6105845181674566 0.26247778436018954 0.598242496050553 0.26247778436018954 0.5854067930489733 0.26284804502369663 0.567634281200632 0.2646993483412322 0.5483807266982623 0.2665506516587678 0.5266587677725119 0.2684019549763033 0.5093799368088467 0.2687722156398104
19 0.36127567140600314 0.2869149881516587 0.36226303317535546 0.29320941943127965 0.38398499210110587 0.2924688981042654 0.4017575039494471 0.2928391587677725 0.4205173775671406 0.2928391587677725 0.42693522906793047 0.2869149881516587 0.41311216429699843 0.2869149881516587 0.3933649289099526 0.28654472748815163 0.381022906793049 0.28654472748815163
19 0.6308254344391785 0.2850636848341232 0.6347748815165878 0.2891365521327014 0.6490916271721959 0.2880257701421801 0.6683451816745656 0.29024733412322273 0.6792061611374408 0.2924688981042654 0.6895734597156399 0.29765254739336494 0.6880924170616114 0.2924688981042654 0.6787124802527646 0.2883960308056872 0.6658767772511849 0.28617446682464454 0.6515600315955766 0.28432316350710896
9 0.33856635071090047 0.26581013033175355 0.3331358609794629 0.26988299763033174 0.3281990521327014 0.2750666469194313 0.3281990521327014 0.2769179502369668 0.333629541864139 0.2769179502369668 0.3395537124802528 0.27395586492890994 0.34251579778830965 0.27025325829383884
9 0.3958333333333333 0.2391513625592417 0.3899091627172196 0.24211344786729855 0.39040284360189575 0.24655657582938387 0.39533965244865715 0.24914840047393363 0.3997827804107425 0.24729709715639808 0.4017575039494471 0.2432242298578199
9 0.4768579595426561 0.31971470976253297 0.4721855760773967 0.31930244063324537 0.4716358839050132 0.3221883245382586 0.47548372911169745 0.3246619393139841 0.47740765171503957 0.32589874670184693 0.4798812664907652 0.3234251319261214 0.4837291116974494 0.32136378627968337 0.4829045734388743 0.31909630606860157
9 0.6194707740916273 0.28765550947867297 0.6145339652448657 0.29024733412322273 0.611571879936809 0.2928391587677725 0.6179897314375987 0.29432020142180093 0.6249012638230648 0.29394994075829384 0.6268759873617694 0.29172837677725116 0.6244075829383887 0.2891365521327014
