10 0.44057158119658124 0.21354166666666666 0.421875 0.16813568376068372 0.39917200854700857 0.17748397435897434 0.3764690170940171 0.20552884615384617 0.37112713675213677 0.25761217948717946 0.3510950854700855 0.26295405982905984 0.3364049145299145 0.2950053418803419 0.3390758547008547 0.3364049145299145 0.3551014957264957 0.30301816239316237 0.34975961538461536 0.33373397435897434 0.3457532051282052 0.3684561965811966 0.3604433760683761 0.4058493589743589 0.4058493589743589 0.4472489316239316 0.4445779914529915 0.4646100427350427 0.48864850427350426 0.47930021367521364 0.5126869658119657 0.45926816239316237 0.5487446581196581 0.4459134615384615 0.5594284188034188 0.4192040598290598 0.5994925213675213 0.40852029914529914 0.5994925213675213 0.37780448717948717 0.5674412393162394 0.36578525641025644 0.5273771367521368 0.3524305555555556 0.5247061965811965 0.32572115384615385 0.4979967948717949 0.3110309829059829 0.5273771367521368 0.29767628205128205 0.5300480769230769 0.2669604700854701 0.515357905982906 0.24025106837606836 0.5206997863247864 0.19885149572649571 0.5247061965811965 0.16813568376068372 0.5073450854700855 0.14676816239316237 0.45659722222222215 0.15611645299145296 0.43923611111111105 0.16012286324786323
10 0.6021634615384615 0.21487713675213677 0.5861378205128205 0.1801549145299145 0.5594284188034188 0.16680021367521364 0.5420673076923077 0.17614850427350423 0.5434027777777777 0.2122061965811966 0.5540865384615385 0.2482638888888889 0.5714476495726496 0.2549412393162393 0.5981570512820513 0.24425747863247863 0.5821314102564102 0.2669604700854701 0.5701121794871794 0.30702457264957267 0.5754540598290598 0.33373397435897434 0.5821314102564102 0.3217147435897436 0.5941506410256411 0.3564369658119658 0.6128472222222221 0.375133547008547 0.6248664529914529 0.3577724358974359 0.640892094017094 0.38448183760683763 0.6515758547008547 0.3404113247863248 0.6555822649572649 0.3003472222222222 0.6462339743589742 0.2536057692307692 0.6288728632478632 0.22288995726495725 0.6155181623931624 0.2389155982905983
10 0.19618055555555558 0.7183493589743589 0.22288995726495728 0.6929754273504274 0.2776442307692308 0.6929754273504274 0.3016826923076923 0.6903044871794871 0.3203792735042735 0.6676014957264957 0.3564369658119658 0.6622596153846153 0.373798076923077 0.6756143162393162 0.3951655982905983 0.6689369658119657 0.39917200854700857 0.6956463675213674 0.36845619658119655 0.7023237179487178 0.3551014957264957 0.7170138888888888 0.3297275641025641 0.7223557692307693 0.31904380341880345 0.7383814102564102 0.2803151709401709 0.7450587606837606 0.2282318376068376 0.7463942307692307
18 0.10225785340314135 0.14152486910994763 0.09080497382198952 0.14806937172774867 0.08835078534031413 0.16524869109947643 0.09898560209424083 0.17424738219895286 0.10798429319371727 0.16606675392670156 0.10880235602094239 0.15215968586387435
18 0.0768979057591623 0.16524869109947643 0.06789921465968586 0.16852094240837695 0.0662630890052356 0.18406413612565445 0.07526178010471204 0.19224476439790575 0.08671465968586387 0.18488219895287955 0.087532722513089 0.17588350785340312
18 0.02781413612565445 0.10716623036649213 0.017179319371727748 0.11452879581151831 0.01881544502617801 0.12925392670157068 0.031086387434554975 0.12761780104712042 0.035994764397905755 0.11861910994764398
18 0.36567408376963345 0.09734947643979057 0.3558573298429319 0.10225785340314135 0.356675392670157 0.11452879581151831 0.3738547120418848 0.11452879581151831 0.37630890052356014 0.10634816753926701
15 0.9726767015706805 0.09407722513089004 0.96940445026178 0.11861910994764398 0.9620418848167539 0.12352748691099476 0.9644960732984293 0.13988874345549737 0.9784031413612565 0.14479712041884815 0.9882198952879581 0.1325261780104712 0.9857657068062826 0.12270942408376961 0.9882198952879581 0.10553010471204187 0.9849476439790574 0.09653141361256544
0 0.9726767015706805 0.09407722513089004 0.96940445026178 0.11861910994764398 0.9620418848167539 0.12352748691099476 0.9644960732984293 0.13988874345549737 0.9784031413612565 0.14479712041884815 0.9882198952879581 0.1325261780104712 0.9857657068062826 0.12270942408376961 0.9882198952879581 0.10553010471204187 0.9849476439790574 0.09653141361256544
9 0.44057158119658124 0.21354166666666666 0.421875 0.16813568376068372 0.39917200854700857 0.17748397435897434 0.3764690170940171 0.20552884615384617 0.37112713675213677 0.25761217948717946 0.3510950854700855 0.26295405982905984 0.3364049145299145 0.2950053418803419 0.3390758547008547 0.3364049145299145 0.3551014957264957 0.30301816239316237 0.34975961538461536 0.33373397435897434 0.3457532051282052 0.3684561965811966 0.3604433760683761 0.4058493589743589 0.4058493589743589 0.4472489316239316 0.4445779914529915 0.4646100427350427 0.48864850427350426 0.47930021367521364 0.5126869658119657 0.45926816239316237 0.5487446581196581 0.4459134615384615 0.5594284188034188 0.4192040598290598 0.5994925213675213 0.40852029914529914 0.5994925213675213 0.37780448717948717 0.5674412393162394 0.36578525641025644 0.5273771367521368 0.3524305555555556 0.5247061965811965 0.32572115384615385 0.4979967948717949 0.3110309829059829 0.5273771367521368 0.29767628205128205 0.5300480769230769 0.2669604700854701 0.515357905982906 0.24025106837606836 0.5206997863247864 0.19885149572649571 0.5247061965811965 0.16813568376068372 0.5073450854700855 0.14676816239316237 0.45659722222222215 0.15611645299145296 0.43923611111111105 0.16012286324786323
9 0.6021634615384615 0.21487713675213677 0.5861378205128205 0.1801549145299145 0.5594284188034188 0.16680021367521364 0.5420673076923077 0.17614850427350423 0.5434027777777777 0.2122061965811966 0.5540865384615385 0.2482638888888889 0.5714476495726496 0.2549412393162393 0.5981570512820513 0.24425747863247863 0.5821314102564102 0.2669604700854701 0.5701121794871794 0.30702457264957267 0.5754540598290598 0.33373397435897434 0.5821314102564102 0.3217147435897436 0.5941506410256411 0.3564369658119658 0.6128472222222221 0.375133547008547 0.6248664529914529 0.3577724358974359 0.640892094017094 0.38448183760683763 0.6515758547008547 0.3404113247863248 0.6555822649572649 0.3003472222222222 0.6462339743589742 0.2536057692307692 0.6288728632478632 0.22288995726495725 0.6155181623931624 0.2389155982905983
9 0.19618055555555558 0.7183493589743589 0.22288995726495728 0.6929754273504274 0.2776442307692308 0.6929754273504274 0.3016826923076923 0.6903044871794871 0.3203792735042735 0.6676014957264957 0.3564369658119658 0.6622596153846153 0.373798076923077 0.6756143162393162 0.3951655982905983 0.6689369658119657 0.39917200854700857 0.6956463675213674 0.36845619658119655 0.7023237179487178 0.3551014957264957 0.7170138888888888 0.3297275641025641 0.7223557692307693 0.31904380341880345 0.7383814102564102 0.2803151709401709 0.7450587606837606 0.2282318376068376 0.7463942307692307
