5 0.6591768731988472 0.35117975504322774 0.6519722622478386 0.3570335014409222 0.6519722622478386 0.36919128242074933 0.6501711095100864 0.3790976224783862 0.6488202449567723 0.38630223342939485 0.6308087175792507 0.38630223342939485 0.6136977665706052 0.3867525216138329 0.5974873919308357 0.38630223342939485 0.5821775936599424 0.38855367435158505 0.5767741354466859 0.37414445244956773 0.5997388328530259 0.37279358789625366 0.6145983429394812 0.36153638328530263 0.6055925792507204 0.3601855187319885 0.6073937319884726 0.3489283141210375 0.6402647694524496 0.34937860230547557 0.6461185158501441 0.35433177233429397
5 0.6569254322766571 0.365588976945245 0.667282060518732 0.3705421469740634 0.6735860951008645 0.377296469740634 0.6753872478386167 0.38945425072046114 0.678539265129683 0.40386347262247835 0.6807907060518732 0.4133195244956772 0.6866444524495676 0.42007384726224783 0.7082582853025936 0.42547730547550433 0.7114103025936599 0.41602125360230546 0.7132114553314121 0.39891030259365995 0.7145623198847262 0.38945425072046114 0.7244686599423631 0.38945425072046114 0.7253692363112392 0.40161203170028814 0.7402287463976945 0.41692182997118155 0.7555385446685878 0.4245767291066282 0.7546379682997117 0.40701548991354464 0.7523865273775215 0.39395713256484155 0.7438310518731989 0.3836005043227666 0.7298721181556196 0.37324387608069165 0.7249189481268011 0.36919128242074933 0.7253692363112392 0.3633375360230548 0.6924981988472622 0.3619866714697407 0.6726855187319885 0.35973523054755047
5 0.5074297550432276 0.6519722622478386 0.4790615994236311 0.6803404178674352 0.5020262968299711 0.690246757925072 0.5092309077809798 0.6879953170028819
5 0.501125720461095 0.7078079971181557 0.5020262968299711 0.7010536743515849 0.5123829250720461 0.6983519452449568 0.5141840778097982 0.6861941642651297 0.5326458933717579 0.6857438760806917 0.5380493515850143 0.6879953170028819 0.5308447406340058 0.6947496397694525 0.5448036743515849 0.6988022334293948 0.5312950288184438 0.7024045389048992 0.5204881123919308 0.7024045389048992 0.521838976945245 0.7064571325648414 0.5348973342939481 0.7114103025936599 0.5020262968299711 0.712310878962536
5 0.511032060518732 0.589382204610951 0.5006754322766571 0.5956862391930835 0.49932456772334294 0.6294578530259366 0.5191372478386167 0.6371127521613833 0.5263418587896254 0.6506213976945244 0.5394002161383284 0.6470190922190201 0.5375990634005763 0.6384636167146974 0.5263418587896254 0.634411023054755 0.5258915706051873 0.622703530259366 0.5132835014409222 0.6209023775216138 0.5105817723342939 0.611446325648415 0.5186869596541787 0.601539985590778
5 0.5475054034582133 0.6249549711815562 0.5375990634005763 0.6249549711815562 0.5384996397694525 0.633510446685879 0.5502071325648414 0.6326098703170029 0.5511077089337175 0.6290075648414986 0.5709203890489913 0.6127971902017291 0.5506574207492795 0.6159492074927954
5 0.5502071325648414 0.5655169308357348 0.5506574207492795 0.5727215417867435 0.5700198126801153 0.5767741354466859 0.5731718299711815 0.5650666426512968
5 0.46105007204610954 0.6375630403458212 0.4587986311239193 0.6578260086455331 0.44799171469740634 0.6717849423631124 0.45024315561959655 0.6870947406340058 0.4624009365994236 0.6888958933717579 0.46105007204610954 0.678989553314121 0.46600324207492794 0.6690832132564841 0.46735410662824206 0.6578260086455331 0.4799621757925072 0.6456682276657061 0.47275756484149856 0.6380133285302594
5 0.48581592219020175 0.5542597262247838 0.48311419308357345 0.5619146253602305 0.47590958213256485 0.5646163544668588 0.47545929394812675 0.5556105907780979 0.4691552593659942 0.5632654899135446 0.4732078530259366 0.5700198126801153 0.4894182276657061 0.578125 0.4903188040345821 0.5533591498559078
5 0.4245767291066282 0.6069434438040345 0.4241264409221902 0.6353115994236311 0.4412373919308357 0.6254052593659942 0.4520443083573487 0.6136977665706052 0.45069344380403453 0.6006394092219021 0.43673451008645536 0.6006394092219021
5 0.5150846541786743 0.5511077089337175 0.4988742795389049 0.5479556916426513 0.4844650576368876 0.5479556916426513 0.47275756484149856 0.5515579971181557 0.46510266570605185 0.5646163544668588 0.4655529538904899 0.5790255763688761 0.47140670028818443 0.590282780979827 0.4934708213256484 0.6028908501440922 0.49121938040345825 0.611446325648415 0.4745587175792507 0.6222532420749279 0.45294488472622474 0.6402647694524496 0.4349333573487032 0.6519722622478386 0.4353836455331412 0.6731358069164265 0.422775576368876 0.6690832132564841 0.42592759365994237 0.6465688040345821 0.4349333573487032 0.6479196685878963 0.4569974783861671 0.633510446685879 0.4867164985590778 0.611446325648415 0.4876170749279539 0.6046920028818443 0.4691552593659942 0.6037914265129682 0.45609690201729103 0.5970371037463977 0.4511437319884726 0.5835284582132565 0.45159402017291067 0.5650666426512968 0.45159402017291067 0.5542597262247838 0.45654719020172907 0.543903097982709 0.46960554755043227 0.5326458933717579 0.4867164985590778 0.5299441642651297 0.5015760086455331 0.5303944524495676 0.5164355187319885 0.5353476224783862 0.5245407060518732 0.5407510806916427 0.5258915706051873 0.5461545389048992
5 0.3646884005763689 0.556511167146974 0.37549531700288186 0.5628152017291066 0.4047640489913545 0.5628152017291066 0.4097172190201729 0.5569614553314122 0.4187229827089337 0.5623649135446686 0.4497928674351585 0.5628152017291066 0.4430385446685879 0.5538094380403458 0.4520443083573487 0.5484059798270893 0.42592759365994237 0.5470551152737751 0.4164715417867435 0.5511077089337175 0.40611491354466855 0.5448036743515849 0.411068083573487 0.5394002161383284 0.42862932276657056 0.5398505043227665 0.4403368155619597 0.5344470461095101 0.4520443083573487 0.5425522334293948 0.45069344380403453 0.5276927233429395 0.4416876801152737 0.5249909942363112 0.4407871037463977 0.5137337896253602 0.4362842219020173 0.5092309077809798 0.4466408501440922 0.5020262968299711 0.4407871037463977 0.49166966858789624 0.4466408501440922 0.4826639048991354 0.4308807636887608 0.4745587175792507 0.41692182997118155 0.47005583573487025 0.40521433717579247 0.4772604466858789 0.4007114553314121 0.4687049711815562 0.388103386167147 0.47590958213256485 0.39170569164265134 0.49121938040345825 0.38855367435158505 0.5038274495677233 0.388103386167147 0.5096811959654178 0.3781970461095101 0.5132835014409222 0.36829070605187325 0.5141840778097982 0.3633375360230548 0.51148234870317
5 0.39305655619596547 0.5691192363112392 0.388103386167147 0.5875810518731989 0.3962085734870317 0.5871307636887608 0.40521433717579247 0.5740724063400576 0.40926693083573484 0.5718209654178674 0.41061779538904897 0.5920839337175792 0.41602125360230546 0.5992885446685878 0.4241264409221902 0.5965868155619597 0.42547730547550433 0.5884816282420748 0.41827269452449567 0.5758735590778098 0.41467038904899134 0.5700198126801153 0.4128692363112392 0.5623649135446686
5 0.4484420028818444 0.6209023775216138 0.4511437319884726 0.6353115994236311 0.4799621757925072 0.6154989193083573 0.4624009365994236 0.6082943083573487
5 0.36874099423631124 0.6082943083573487 0.37774675792507206 0.6263058357348703 0.39305655619596547 0.6447676512968299 0.41061779538904897 0.6663814841498559 0.41827269452449567 0.6501711095100864 0.411068083573487 0.6483699567723342 0.4047640489913545 0.6154989193083573 0.39800972622478387 0.6006394092219021 0.3781970461095101 0.60108969740634 0.37414445244956773 0.5992885446685878
