5 0.5456730769230769 0.45612980769230765 0.5528846153846153 0.47415865384615385 0.5691105769230769 0.4963942307692307 0.5907451923076923 0.5192307692307693 0.6177884615384615 0.5384615384615384 0.6496394230769231 0.5438701923076923 0.6322115384615384 0.5246394230769231 0.6177884615384615 0.5234375 0.6201923076923077 0.5192307692307693 0.6412259615384615 0.4987980769230769 0.6502403846153846 0.4987980769230769 0.6466346153846153 0.48137019230769235 0.6358173076923077 0.46814903846153844 0.6213942307692307 0.4597355769230769 0.5991586538461539 0.4495192307692307 0.5763221153846153 0.4387019230769231 0.5637019230769231 0.43689903846153844 0.5709134615384615 0.45252403846153844 0.5799278846153846 0.46875 0.5745192307692307 0.47896634615384615
0 0.3787802419354839 0.6774193548387097 0.37525201612903225 0.680695564516129 0.37525201612903225 0.6854838709677419 0.37752016129032256 0.6882560483870968 0.3815524193548387 0.6854838709677419 0.38230846774193544 0.6814516129032258
0 0.3840725806451613 0.6794354838709677 0.38230846774193544 0.6814516129032258 0.38230846774193544 0.6857358870967742 0.38533266129032256 0.6867439516129032 0.38785282258064513 0.6837197580645161 0.3870967741935484 0.6814516129032258
0 0.4876512096774193 0.7174899193548387 0.4841229838709677 0.7220262096774193 0.483366935483871 0.7263104838709677 0.4871471774193548 0.7288306451612903 0.4924395161290322 0.7270665322580645 0.4974798387096774 0.7235383064516129 0.4982358870967742 0.719758064516129 0.4957157258064516 0.7174899193548387 0.4921875 0.7169858870967742
0 0.5073084677419355 0.7242943548387097 0.5042842741935484 0.7258064516129032 0.5027721774193548 0.7295866935483871 0.5037802419354839 0.7328629032258064 0.509828629032258 0.7336189516129032 0.514616935483871 0.7308467741935484 0.5128528225806451 0.7273185483870968
0 0.5821572580645161 0.6766633064516129 0.5793850806451613 0.6801915322580645 0.5803931451612903 0.6844758064516129 0.5841733870967742 0.6859879032258064 0.5864415322580645 0.6837197580645161 0.5866935483870968 0.6804435483870968 0.5851814516129032 0.6784274193548387
0 0.5133568548387097 0.7026209677419355 0.5100806451612903 0.7064012096774193 0.508820564516129 0.7104334677419355 0.5123487903225806 0.7116935483870968 0.5153729838709677 0.7104334677419355 0.5171370967741935 0.7066532258064516 0.516633064516129 0.7048891129032258
0 0.3472782258064516 0.5385584677419355 0.34223790322580644 0.538054435483871 0.3412298387096774 0.5433467741935484 0.34324596774193544 0.547883064516129 0.3490423387096774 0.5483870967741935 0.35357862903225806 0.5471270161290323 0.3545866935483871 0.5428427419354839 0.3515625 0.5393145161290323
2 0.47015624999999994 0.5265625 0.46875 0.5290625 0.46875 0.531875 0.47062499999999996 0.53328125 0.4728125 0.53234375 0.473125 0.53015625 0.47234375 0.5284375
2 0.46359374999999997 0.475 0.46140625 0.47750000000000004 0.46234374999999994 0.48 0.46546875 0.48015625 0.46781249999999996 0.47781250000000003 0.46796875 0.47562499999999996 0.46609375000000003 0.47515625000000006
2 0.47046875000000005 0.47609375 0.4690625 0.47703125 0.46984375 0.47921874999999997 0.4721875 0.4803125 0.47421875 0.47796874999999994 0.47375 0.47640625
2 0.51515625 0.4490625 0.5121875 0.4496875 0.5131249999999999 0.453125 0.5157812500000001 0.45421875 0.51890625 0.45265625 0.5198437499999999 0.45078125 0.51796875 0.44984375
2 0.52390625 0.45296875 0.5231250000000001 0.4565625 0.52453125 0.459375 0.5271874999999999 0.45859375 0.529375 0.45671875 0.528125 0.45453124999999994 0.52609375 0.45390625
2 0.53328125 0.459375 0.5309375000000001 0.460625 0.5310937499999999 0.46375 0.5337500000000001 0.46421875 0.5365624999999999 0.4625 0.53734375 0.4609375 0.5353125000000001 0.45968749999999997
2 0.53515625 0.46875 0.5353125000000001 0.471875 0.5375 0.47406249999999994 0.54015625 0.47375 0.54125 0.47046875000000005 0.5396875 0.468125 0.53796875 0.46765625
2 0.48343749999999996 0.5310937499999999 0.48203125 0.53328125 0.48296875000000006 0.53671875 0.48609375000000005 0.53734375 0.48859375 0.53515625 0.488125 0.53234375 0.48624999999999996 0.53125
2 0.48859375 0.5278125 0.4875 0.530625 0.48953125000000003 0.5326562499999999 0.4915625 0.5310937499999999 0.49124999999999996 0.5284375
2 0.5103125000000001 0.52953125 0.5078125 0.53203125 0.50890625 0.5348437500000001 0.51125 0.5346875 0.51265625 0.53234375 0.51265625 0.53046875
2 0.47781250000000003 0.54125 0.47609375 0.54421875 0.47640625 0.546875 0.47890625 0.5471874999999999 0.48125 0.54578125 0.48125 0.5431250000000001 0.48015625 0.5415625000000001
2 0.44625000000000004 0.42984375 0.44343750000000004 0.43062500000000004 0.441875 0.43359375 0.44203125 0.43671875 0.44484375 0.4371875 0.44703125000000005 0.43562500000000004 0.449375 0.43578124999999995 0.45062499999999994 0.4328125 0.449375 0.43078125
2 0.44890625 0.41968750000000005 0.448125 0.42312500000000003 0.45046875000000003 0.42515625 0.453125 0.42437500000000006 0.453125 0.42140625 0.45140624999999995 0.41984374999999996
2 0.5220312500000001 0.53625 0.5231250000000001 0.5378125 0.525 0.5378125 0.5246875 0.53671875 0.5237499999999999 0.53578125
2 0.485 0.52421875 0.48328125 0.52515625 0.48453125 0.526875 0.48656249999999995 0.52734375 0.4878125 0.52640625 0.48734374999999996 0.5253125
2 0.46218750000000003 0.50453125 0.4603125 0.5065625 0.46171875 0.5090625 0.46421875 0.5092187499999999 0.46609375000000003 0.506875 0.46484375 0.50546875
2 0.4503125 0.51515625 0.44828124999999996 0.5175 0.45 0.5196875000000001 0.45140624999999995 0.52 0.4525 0.51796875 0.45234375 0.5159374999999999
2 0.4578125 0.5181250000000001 0.45421875 0.5181250000000001 0.45499999999999996 0.52015625 0.4571875 0.5215625
2 0.47750000000000004 0.52640625 0.4759375 0.528125 0.47546875 0.5315624999999999 0.47796874999999994 0.53234375 0.48 0.5296875 0.48 0.5276562499999999
2 0.50609375 0.51828125 0.505 0.52046875 0.50671875 0.5220312500000001 0.50859375 0.5209374999999999 0.5084375 0.51875 0.5078125 0.5171875
2 0.47546875 0.5506249999999999 0.47484374999999995 0.5532812500000001 0.47484374999999995 0.55625 0.476875 0.55625 0.478125 0.5540625 0.47828125000000005 0.55203125 0.47765625 0.55078125
2 0.469375 0.48421875 0.46749999999999997 0.48562500000000003 0.468125 0.4878125 0.47093749999999995 0.48734374999999996 0.4725 0.48609375000000005 0.4715625 0.48484375
2 0.48828125 0.4871875 0.48609375000000005 0.48859375 0.48624999999999996 0.49140625 0.4878125 0.491875 0.489375 0.49015624999999996
2 0.47234375 0.506875 0.4715625 0.50875 0.4725 0.5109375 0.47437500000000005 0.510625 0.4759375 0.5090625 0.47546875 0.5076562499999999
2 0.42234375 0.50671875 0.42140625 0.50859375 0.42203125 0.51109375 0.42406249999999995 0.5121875 0.4253125 0.5109375 0.4253125 0.5084375 0.42453124999999997 0.5071875
2 0.49859375000000006 0.52234375 0.49671875 0.5246875 0.49796874999999996 0.52671875 0.50078125 0.5259375000000001 0.50203125 0.52421875 0.50109375 0.52296875
2 0.5252067430025444 0.5108937659033079 0.5228212468193384 0.5122853053435115 0.524610368956743 0.5154659669211196 0.5271946564885497 0.5152671755725191 0.5281886132315521 0.512881679389313
2 0.47948473282442744 0.4880327608142493 0.47908715012722647 0.49180979643765904 0.4788883587786259 0.49518924936386766 0.4816714376590331 0.49677958015267176 0.4836593511450381 0.49518924936386766 0.4828641857506361 0.4916110050890585 0.48226781170483457 0.4890267175572519
2 0.43734096692111957 0.4747137404580153 0.4361482188295165 0.47670165394402036 0.4369433842239186 0.4788883587786259 0.4389312977099237 0.47849077608142493 0.4401240458015267 0.4761052798982188 0.43952767175572516 0.4745149491094147
5 0.3266982182628063 0.4554565701559021 0.32635022271714925 0.477380289532294 0.3308741648106905 0.49652004454342985 0.3444459910913141 0.5104398663697105 0.36149777282850787 0.5330595768374164 0.37680957683741656 0.5306236080178175 0.37541759465478847 0.5146158129175947 0.3792455456570156 0.5017399777282852 0.4004732739420936 0.5048719376391982 0.4109131403118041 0.4923440979955457 0.4029092427616927 0.4826002227171493 0.40116926503340766 0.47668429844098004 0.43040089086859695 0.47355233853006684 0.4237889755011136 0.4641564587973274 0.42413697104677067 0.45267260579064594 0.3945573496659243 0.454412583518931 0.3921213808463252 0.46137249443207135 0.37541759465478847 0.4617204899777283 0.37472160356347445 0.4523246102449889 0.364281737193764 0.44988864142538987 0.34583797327394217 0.44988864142538987
5 0.4182210467706014 0.4899081291759466 0.40673719376391987 0.49930400890868604 0.4001252783964365 0.5100918708240535 0.4004732739420936 0.5180957683741648 0.4130011135857462 0.5104398663697105 0.42170100222717155 0.5034799554565702
6 0.32984375 0.538125 0.32984375 0.5409375 0.32765625 0.5434375 0.32953125 0.54609375 0.33296875 0.54390625 0.333125 0.54125 0.33453125 0.5376562500000001
6 0.60625 0.5184375 0.6015625 0.51875 0.6021875 0.52125 0.60609375 0.521875 0.61234375 0.5193749999999999 0.609375 0.5171875
6 0.56359375 0.48609375000000005 0.5662499999999999 0.48734374999999996 0.56953125 0.4878125 0.57265625 0.48562500000000003 0.56875 0.48531250000000004 0.5662499999999999 0.48531250000000004
6 0.5825 0.49625 0.57984375 0.49859375000000006 0.5771875 0.49906249999999996 0.57765625 0.5015625 0.58109375 0.50234375 0.58359375 0.5009375 0.58375 0.49890625
6 0.59609375 0.4828125 0.5935937499999999 0.4859375 0.59578125 0.4875 0.6 0.48265624999999995
6 0.5901562499999999 0.4534375 0.5900000000000001 0.45609374999999996 0.59203125 0.45703125 0.5940624999999999 0.45515625000000004 0.59921875 0.45453124999999994 0.59921875 0.45171875000000006 0.5953125 0.45125000000000004 0.5934375000000001 0.44984375 0.5901562499999999 0.44953125
6 0.5965625 0.45765625 0.59609375 0.460625 0.59703125 0.46312499999999995 0.59953125 0.46265625000000005 0.6003125 0.46046875 0.5996875 0.458125
6 0.60609375 0.5003124999999999 0.60359375 0.5015625 0.60359375 0.5040625000000001 0.60640625 0.50453125 0.6095312500000001 0.50328125 0.60890625 0.5015625
6 0.57578125 0.48921875000000004 0.57890625 0.49093749999999997 0.57484375 0.49390625000000005 0.57546875 0.49609375 0.58046875 0.49390625000000005 0.58328125 0.49234375 0.5871875 0.49203125 0.58640625 0.4890625 0.58140625 0.48875 0.57734375 0.48624999999999996
6 0.5990624999999999 0.49484374999999997 0.59765625 0.49734375000000003 0.59921875 0.5001562500000001 0.6021875 0.5 0.60375 0.49734375000000003 0.6028125 0.495
6 0.58859375 0.52921875 0.5875 0.53203125 0.58875 0.5349999999999999 0.5912499999999999 0.5349999999999999 0.59109375 0.5325
6 0.38328125 0.47781250000000003 0.3796875 0.47874999999999995 0.37953125 0.48203125 0.3828125 0.48265624999999995 0.3853125 0.48046875
6 0.40171875 0.48546875 0.39875 0.48578124999999994 0.39953125 0.48734374999999996 0.403125 0.48734374999999996 0.40515625 0.4871875 0.40374999999999994 0.4859375
6 0.3859375 0.48265624999999995 0.38453125 0.48390625 0.385 0.48578124999999994 0.3871875 0.48640625000000004 0.38828125 0.48546875 0.3875 0.48375
6 0.35359375000000004 0.48671875 0.35078125 0.48687500000000006 0.350625 0.48875 0.35562499999999997 0.48875 0.356875 0.4875 0.364375 0.48703124999999997 0.3628125 0.4859375 0.35578125 0.48546875
6 0.33625 0.476875 0.33140625 0.47734375 0.33125 0.48250000000000004 0.325625 0.48359375 0.325625 0.48624999999999996 0.33453125 0.4846875 0.334375 0.48171875000000003 0.3375 0.48109375
6 0.35703125 0.45499999999999996 0.353125 0.45671875 0.35203125 0.45999999999999996 0.35609375 0.460625 0.35921875000000003 0.45968749999999997 0.35953124999999997 0.45765625
6 0.41234374999999995 0.46265625000000005 0.40812499999999996 0.46218750000000003 0.406875 0.465 0.40875000000000006 0.46796875 0.41171875 0.4684375 0.41359375 0.46624999999999994
6 0.35479462174940896 0.49977836879432613 0.3503619976359338 0.5019946808510638 0.34943853427895977 0.5067966903073285 0.35479462174940896 0.5095670803782506 0.3605200945626477 0.5091976950354609 0.3629210992907801 0.5067966903073285 0.36218232860520094 0.503656914893617 0.3584884751773049 0.500886524822695
6 0.36532210401891246 0.5127068557919621 0.3614435579196217 0.5134456264775413 0.3603354018912529 0.5169547872340425 0.36273640661938533 0.5188017139479906 0.36716903073286045 0.5180629432624113 0.3690159574468085 0.5158466312056736 0.3682771867612293 0.5143690898345153
6 0.5867441654879774 0.5032045615275813 0.5876281824611033 0.5085086633663367 0.5896172206506365 0.5142547736916548 0.5933742927864215 0.5153597949080623 0.5947003182461104 0.5135917609618105 0.5922692715700142 0.5109397100424328 0.5929322842998586 0.5071826379066479 0.5951423267326732 0.5113817185289957 0.5980153818953324 0.5124867397454032 0.6000044200848657 0.5067406294200849 0.596910360678925 0.5043095827439887 0.5949213224893918 0.5005525106082037 0.5911642503536069 0.5012155233380481 0.5907222418670439 0.5034255657708628
6 0.6486496040723982 0.5659290158371041 0.6426399886877829 0.5669895361990951 0.6426399886877829 0.5712316176470589 0.6475890837104072 0.5744131787330317 0.6525381787330317 0.574766685520362 0.6521846719457014 0.5715851244343891
6 0.6122384049773756 0.4867434954751132 0.6094103506787331 0.48886453619909503 0.6108243778280544 0.4927531108597286 0.613652432126697 0.49204609728506793 0.6157734728506787 0.4885110294117648
6 0.47790582579185525 0.4298289027149321 0.47260322398190047 0.4344244909502263 0.4740172511312218 0.43795955882352944 0.47896634615384615 0.4351315045248869 0.48320842760181 0.43194994343891413 0.48214790723981904 0.42947539592760187
6 0.47719881221719457 0.4206377262443439 0.4718962104072399 0.42487980769230776 0.4747242647058824 0.42806136877828055 0.48108738687782815 0.425233314479638 0.4881575226244344 0.42487980769230776 0.4885110294117648 0.4206377262443439
6 0.3644301470588236 0.47507777149321273 0.35983455882352944 0.4768453054298643 0.3640766402714933 0.48108738687782815 0.3697327488687783 0.48038037330316746 0.3707932692307693 0.4761382918552036
6 0.341452205882353 0.48320842760181 0.3379171380090498 0.48709700226244346 0.34074519230769235 0.49027856334841635 0.3449872737556562 0.4892180429864254 0.3460477941176471 0.4863899886877829
6 0.3393311651583711 0.4609375000000001 0.3354425904977376 0.46305854072398195 0.3439267533936652 0.4669471153846154 0.3499363687782806 0.46659360859728516 0.348168834841629 0.46164451357466063 0.34321973981900455 0.4609375000000001
