0 0.6645992366412214 0.5608301526717557 0.65625 0.5822996183206107 0.6586354961832062 0.6037690839694656 0.6681774809160306 0.6216603053435115 0.6860687022900762 0.6455152671755726 0.700381679389313 0.6574427480916031 0.7123091603053435 0.6455152671755726 0.7146946564885497 0.6228530534351145 0.7075381679389313 0.6013835877862597 0.6932251908396946 0.5846851145038168 0.6801049618320612 0.5739503816793894
0 0.564408396946565 0.6001908396946566 0.5500954198473282 0.612118320610687 0.5393606870229009 0.633587786259542 0.545324427480916 0.6514790076335879 0.5536736641221374 0.6681774809160306 0.5703721374045803 0.6729484732824428 0.5822996183206106 0.6634064885496184 0.5882633587786259 0.6443225190839695 0.5882633587786259 0.6204675572519085 0.5775286259541985 0.610925572519084
14 0.8315839694656489 0.6896469465648856 0.8089217557251909 0.7063454198473282 0.8053435114503816 0.7290076335877863 0.8136927480916031 0.7540553435114504 0.8220419847328244 0.7457061068702291 0.8387404580152671 0.7302003816793893 0.8399332061068702 0.7111164122137404
14 0.7337786259541985 0.6956106870229009 0.723043893129771 0.7123091603053435 0.7278148854961832 0.7349713740458015 0.7421278625954197 0.7552480916030535 0.7528625954198473 0.7409351145038168 0.7516698473282443 0.7218511450381679 0.7564408396946565 0.7099236641221374
14 0.9047202797202798 0.7375437062937064 0.8954326923076923 0.7353583916083917 0.892701048951049 0.7446459790209791 0.9058129370629372 0.7572115384615385 0.9161931818181819 0.7490166083916084 0.9145541958041958 0.7402753496503497
14 0.6702544031311154 0.8251406555772995 0.6613869863013698 0.8141328277886497 0.6561888454011742 0.8083231409001957 0.6512964774951076 0.8181078767123289 0.6528253424657533 0.8285041585127202 0.6607754403131115 0.8428754892367907 0.6696428571428571 0.8560237279843446 0.6772871819960861 0.8593872309197652 0.6892123287671232 0.862750733855186 0.6989970645792563 0.8612218688845402 0.7026663405088062 0.8557179549902154 0.6989970645792563 0.8489909491193739 0.6941046966731899 0.8431812622309198 0.6879892367906066 0.8373715753424659 0.6806506849315068 0.8324792074363992
14 0.6947162426614482 0.7766634050880625 0.6999143835616437 0.7940924657534246 0.704195205479452 0.8102984344422699 0.7069471624266145 0.8231409001956946 0.7145914872798433 0.8249755381604696 0.7231531311154599 0.829867906066536 0.7283512720156555 0.8216120352250489 0.7265166340508806 0.8112157534246576 0.725293542074364 0.8041829745596868 0.7188723091976517 0.7974559686888454 0.7188723091976517 0.7916462818003913 0.7100048923679061 0.7919520547945205 0.7060298434442269 0.7852250489236791 0.702360567514677 0.7791095890410958
14 0.7892000978473581 0.7457803326810175 0.7895058708414873 0.733243639921722 0.7895058708414873 0.7164261252446184 0.787059686888454 0.7060298434442269 0.7840019569471623 0.6962451076320939 0.7818615459882583 0.6919642857142857 0.7739114481409002 0.6986912915851271 0.7729941291585127 0.7142857142857142 0.7693248532289628 0.7240704500978473 0.769630626223092 0.7341609589041095 0.7742172211350293 0.7396648727984344 0.7729941291585127 0.7497553816046966 0.773605675146771 0.7577054794520548 0.7729941291585127 0.764126712328767 0.7653498043052837 0.7690190802348337 0.7650440313111545 0.779415362035225 0.7702421722113503 0.7947040117416829 0.7742172211350293 0.8060176125244618 0.7788038160469667 0.8173312133072406 0.7873654598825831 0.8213062622309197 0.798679060665362 0.8145792563600782 0.8032656555772993 0.8087695694716242 0.7992906066536203 0.8035714285714285 0.7928693737769079 0.7950097847358121 0.7992906066536203 0.7901174168297456 0.8014310176125244 0.7772749510763208 0.8002079256360078 0.7613747553816046 0.7999021526418786 0.7528131115459882
13 0.6645992366412214 0.5608301526717557 0.65625 0.5822996183206107 0.6586354961832062 0.6037690839694656 0.6681774809160306 0.6216603053435115 0.6860687022900762 0.6455152671755726 0.700381679389313 0.6574427480916031 0.7123091603053435 0.6455152671755726 0.7146946564885497 0.6228530534351145 0.7075381679389313 0.6013835877862597 0.6932251908396946 0.5846851145038168 0.6801049618320612 0.5739503816793894
18 0.42464214380825566 0.426930758988016 0.42089713715046606 0.4306757656458056 0.42006491344873503 0.435461051930759 0.42193741677762986 0.44024633821571235 0.426930758988016 0.44087050599201066 0.4288032623169108 0.43733355525965384 0.4288032623169108 0.4323402130492677 0.4275549267643143 0.42838715046604525
13 0.3888565246338216 0.4774883488681758 0.38573568575233025 0.483313914780293 0.3855276298268975 0.48893142476697743 0.38677596537949405 0.4949650466045273 0.3901048601864181 0.49975033288948073 0.39405792276964047 0.49954227696404796 0.3963465379494008 0.49558921438082554 0.39717876165113186 0.49038781624500666 0.3969707057256991 0.4853944740346205 0.39613848202396806 0.4816494673768309 0.39384986684420775 0.4787366844207723
13 0.564408396946565 0.6001908396946566 0.5500954198473282 0.612118320610687 0.5393606870229009 0.633587786259542 0.545324427480916 0.6514790076335879 0.5536736641221374 0.6681774809160306 0.5703721374045803 0.6729484732824428 0.5822996183206106 0.6634064885496184 0.5882633587786259 0.6443225190839695 0.5882633587786259 0.6204675572519085 0.5775286259541985 0.610925572519084
9 0.6702544031311154 0.8251406555772995 0.6613869863013698 0.8141328277886497 0.6561888454011742 0.8083231409001957 0.6512964774951076 0.8181078767123289 0.6528253424657533 0.8285041585127202 0.6607754403131115 0.8428754892367907 0.6696428571428571 0.8560237279843446 0.6772871819960861 0.8593872309197652 0.6892123287671232 0.862750733855186 0.6989970645792563 0.8612218688845402 0.7026663405088062 0.8557179549902154 0.6989970645792563 0.8489909491193739 0.6941046966731899 0.8431812622309198 0.6879892367906066 0.8373715753424659 0.6806506849315068 0.8324792074363992
9 0.6947162426614482 0.7766634050880625 0.6999143835616437 0.7940924657534246 0.704195205479452 0.8102984344422699 0.7069471624266145 0.8231409001956946 0.7145914872798433 0.8249755381604696 0.7231531311154599 0.829867906066536 0.7283512720156555 0.8216120352250489 0.7265166340508806 0.8112157534246576 0.725293542074364 0.8041829745596868 0.7188723091976517 0.7974559686888454 0.7188723091976517 0.7916462818003913 0.7100048923679061 0.7919520547945205 0.7060298434442269 0.7852250489236791 0.702360567514677 0.7791095890410958
9 0.7337786259541985 0.6956106870229009 0.723043893129771 0.7123091603053435 0.7278148854961832 0.7349713740458015 0.7421278625954197 0.7552480916030535 0.7528625954198473 0.7409351145038168 0.7516698473282443 0.7218511450381679 0.7564408396946565 0.7099236641221374
9 0.7892000978473581 0.7457803326810175 0.7895058708414873 0.733243639921722 0.7895058708414873 0.7164261252446184 0.787059686888454 0.7060298434442269 0.7840019569471623 0.6962451076320939 0.7818615459882583 0.6919642857142857 0.7739114481409002 0.6986912915851271 0.7729941291585127 0.7142857142857142 0.7693248532289628 0.7240704500978473 0.769630626223092 0.7341609589041095 0.7742172211350293 0.7396648727984344 0.7729941291585127 0.7497553816046966 0.773605675146771 0.7577054794520548 0.7729941291585127 0.764126712328767 0.7653498043052837 0.7690190802348337 0.7650440313111545 0.779415362035225 0.7702421722113503 0.7947040117416829 0.7742172211350293 0.8060176125244618 0.7788038160469667 0.8173312133072406 0.7873654598825831 0.8213062622309197 0.798679060665362 0.8145792563600782 0.8032656555772993 0.8087695694716242 0.7992906066536203 0.8035714285714285 0.7928693737769079 0.7950097847358121 0.7992906066536203 0.7901174168297456 0.8014310176125244 0.7772749510763208 0.8002079256360078 0.7613747553816046 0.7999021526418786 0.7528131115459882
9 0.8315839694656489 0.6896469465648856 0.8089217557251909 0.7063454198473282 0.8053435114503816 0.7290076335877863 0.8136927480916031 0.7540553435114504 0.8220419847328244 0.7457061068702291 0.8387404580152671 0.7302003816793893 0.8399332061068702 0.7111164122137404
9 0.9047202797202798 0.7375437062937064 0.8954326923076923 0.7353583916083917 0.892701048951049 0.7446459790209791 0.9058129370629372 0.7572115384615385 0.9161931818181819 0.7490166083916084 0.9145541958041958 0.7402753496503497
