5 0.37936970338983056 0.635593220338983 0.3608315677966102 0.6660487288135594 0.3886387711864407 0.6779661016949153 0.4065148305084746 0.6918697033898306 0.3873146186440678 0.7130561440677966 0.3396451271186441 0.7428495762711865 0.329051906779661 0.7534427966101696 0.3528866525423729 0.7891949152542374 0.396583686440678 0.7653601694915254 0.4290254237288136 0.7408633474576272 0.4469014830508475 0.7123940677966102 0.4502118644067797 0.6832627118644068 0.4455773305084746 0.665386652542373 0.43034957627118653 0.6468485169491526 0.41777012711864414 0.6375794491525424 0.40585275423728817 0.6349311440677966
5 0.5932203389830508 0.5263506355932204 0.5773305084745763 0.5455508474576272 0.5760063559322035 0.5826271186440678 0.5991790254237288 0.5667372881355932 0.6024894067796611 0.542240466101695
5 0.5614406779661018 0.3614936440677966 0.5223781779661018 0.3979078389830509 0.5488612288135594 0.4118114406779661 0.5442266949152542 0.43167372881355937 0.5581302966101696 0.4647775423728814 0.6163930084745763 0.47007415254237295 0.5892478813559323 0.4475635593220339 0.581302966101695 0.4588188559322034 0.5627648305084746 0.4508739406779661 0.5548199152542372 0.43630826271186446 0.5614406779661018 0.43829449152542377 0.5673993644067796 0.4270391949152542 0.5779925847457628 0.4210805084745763 0.596530720338983 0.42836334745762716 0.6150688559322035 0.44491525423728817 0.6183792372881356 0.4270391949152542 0.6064618644067796 0.4164459745762712 0.5938824152542372 0.4111493644067797 0.579978813559322 0.40982521186440685 0.5654131355932204 0.4111493644067797
5 0.5568061440677966 0.48397775423728817 0.5395921610169492 0.49655720338983056 0.540916313559322 0.5263506355932204 0.5150953389830508 0.5263506355932204 0.513771186440678 0.5733580508474577 0.5634269067796611 0.5746822033898306 0.5746822033898306 0.5283368644067796 0.5614406779661018 0.5223781779661018 0.569385593220339 0.5117849576271187
5 0.43630826271186446 0.4455773305084746 0.4118114406779661 0.458156779661017 0.43299788135593226 0.47735699152542377 0.4422669491525424 0.47537076271186446
5 0.42306673728813565 0.5131091101694916 0.4336599576271187 0.5329713983050848 0.47073622881355937 0.5283368644067796 0.44425317796610175 0.4978813559322034 0.43829449152542377 0.4992055084745763 0.44425317796610175 0.5144332627118644
5 0.4263771186440678 0.48530190677966106 0.4389565677966102 0.48066737288135597 0.4588188559322034 0.4813294491525424 0.4641154661016949 0.4872881355932203 0.4641154661016949 0.48795021186440685 0.440280720338983 0.4905985169491526
5 0.4740466101694915 0.4992055084745763 0.47206038135593226 0.5283368644067796 0.5025158898305084 0.5263506355932204 0.5064883474576272 0.518405720338983 0.497219279661017 0.5111228813559323
5 0.5270127118644068 0.47537076271186446 0.518405720338983 0.4641154661016949 0.5051641949152542 0.4608050847457627 0.49854343220338987 0.47470868644067804 0.5111228813559323 0.4766949152542373 0.5223781779661018 0.4859639830508475 0.5316472457627118 0.4899364406779661 0.5349576271186441 0.4899364406779661 0.5389300847457628 0.49655720338983056 0.5429025423728814 0.49324682203389836 0.540916313559322 0.4872881355932203 0.536281779661017 0.48530190677966106 0.5349576271186441 0.4813294491525424
5 0.4429290254237288 0.5879237288135594 0.43630826271186446 0.575344279661017 0.4164459745762712 0.5793167372881356 0.419094279661017 0.5925582627118644 0.4270391949152542 0.6057997881355932 0.44359110169491534 0.6137447033898306 0.4608050847457627 0.596530720338983 0.4601430084745763 0.579978813559322 0.47007415254237295 0.5521716101694916 0.4561705508474576 0.5700476694915254
0 0.13799838362068967 0.30940193965517243 0.13530441810344826 0.31478987068965514 0.13799838362068967 0.3205145474137931 0.1447332974137931 0.3215247844827586 0.14742726293103448 0.31580010775862066 0.14507004310344826 0.3107489224137931
0 0.4063846982758621 0.5181842672413793 0.40234375 0.5212149784482759 0.4036907327586207 0.5282866379310345 0.4097521551724138 0.5289601293103449 0.41143588362068967 0.5235721982758621
0 0.45453933189655177 0.7404364224137931 0.4488146551724138 0.7454876077586208 0.4525188577586207 0.7512122844827587 0.45891702586206895 0.7485183189655172 0.4582435344827586 0.7444773706896552
0 0.4857321826280624 0.7429008908685969 0.477032293986637 0.7432488864142539 0.47355233853006684 0.7512527839643652 0.47320434298440983 0.7613446547884187 0.4679844097995546 0.7714365256124722 0.4805122494432072 0.7759604677060133 0.48886414253897553 0.768652561247216 0.49130011135857465 0.7585606904231625 0.4906041202672606 0.7495128062360802
