5 0.5006754322766571 0.48356448126801155 0.5123829250720461 0.4894182276657061 0.5087806195965417 0.4984239913544668 0.5020262968299711 0.4997748559077809 0.4961725504322766 0.5173360951008645 0.47771073487031696 0.522289265129683 0.4687049711815562 0.5096811959654178 0.455196325648415 0.5069794668587896 0.4412373919308357 0.5123829250720461 0.4493425792507204 0.4988742795389049 0.47275756484149856 0.4975234149855908 0.47500900576368876 0.48581592219020175 0.4853656340057637 0.4844650576368876 0.4786113112391931 0.4790615994236311 0.4876170749279539 0.47590958213256485 0.49392110951008644 0.48581592219020175
7 0.6263058357348703 0.4376350864553314 0.6321595821325647 0.4466408501440922 0.6483699567723342 0.45339517291066284 0.6623288904899135 0.4578980547550432 0.6744866714697406 0.4569974783861671 0.6834924351585014 0.4538454610951009 0.6848432997118155 0.44213796829971186 0.6767381123919308 0.4457402737752162 0.668182636887608 0.4461905619596542 0.655124279538905 0.44348883285302587 0.6452179394812679 0.43988652737752154 0.6366624639769453 0.43673451008645536
7 0.42592759365994237 0.42862932276657056 0.4299801873198847 0.43943623919308356 0.4403368155619597 0.4466408501440922 0.4628512247838617 0.4484420028818444 0.48086275216138324 0.44528998559077804 0.49707312680115273 0.4430385446685879 0.5123829250720461 0.43943623919308356 0.51148234870317 0.42862932276657056 0.5024765850144093 0.42862932276657056 0.48896793948126793 0.43178134005763685 0.47590958213256485 0.433582492795389 0.4624009365994236 0.4353836455331412 0.4457402737752162 0.43178134005763685 0.433582492795389 0.42862932276657056
6 0.6141480547550432 0.48851765129682995 0.6127971902017291 0.49662283861671475 0.6177503602305475 0.500225144092219 0.6209023775216138 0.49797370317002876 0.6200018011527377 0.49392110951008644
6 0.5709203890489913 0.49121938040345825 0.5641660662824207 0.49662283861671475 0.5569614553314122 0.4984239913544668 0.5610140489913544 0.5047280259365994 0.5691192363112392 0.5042777377521614 0.5718209654178674 0.4984239913544668
6 0.39485770893371763 0.48626621037463974 0.3845010806916427 0.48851765129682995 0.38765309798270897 0.49527197406340057 0.3944074207492796 0.49166966858789624
6 0.4155709654178675 0.5164355187319885 0.4088166426512968 0.5159852305475504 0.4088166426512968 0.522739553314121 0.41692182997118155 0.5236401296829971
6 0.381353021978022 0.5132211538461539 0.3810096153846154 0.5230082417582418 0.3913118131868132 0.5175137362637363
6 0.4120879120879121 0.47716346153846156 0.4132898351648352 0.4824862637362638 0.4180975274725275 0.48128434065934067 0.4182692307692307 0.4783653846153847 0.41517857142857145 0.4766483516483516
6 0.39903846153846156 0.49124313186813184 0.39543269230769235 0.493646978021978 0.3983516483516484 0.49708104395604397 0.39989697802197804 0.49502060439560436
6 0.37311126373626374 0.4689217032967033 0.3748282967032967 0.4764766483516484 0.379635989010989 0.47321428571428575 0.37997939560439564 0.46926510989010994
6 0.35319368131868134 0.4769917582417583 0.3490728021978022 0.4766483516483516 0.3489010989010989 0.4805975274725275 0.35267857142857145 0.48162774725274726 0.3545673076923077 0.47956730769230776
6 0.347184065934066 0.4823145604395605 0.3435782967032967 0.484375 0.34117445054945056 0.4874656593406594 0.3444368131868132 0.4895260989010989 0.34787087912087916 0.4864354395604396 0.3499313186813187 0.48300137362637363
6 0.3360233516483516 0.4922733516483516 0.33224587912087916 0.4917582417582418 0.32984203296703296 0.4948489010989011 0.3319024725274725 0.49742445054945056 0.33533653846153844 0.4960508241758242 0.3394574175824176 0.4977678571428572 0.34134615384615385 0.49519230769230776 0.3404876373626374 0.4926167582417583
6 0.35182005494505497 0.49278846153846156 0.3475274725274725 0.49278846153846156 0.34804258241758246 0.4981112637362638 0.35199175824175827 0.4989697802197802 0.3549107142857143 0.4962225274725275
6 0.32125686813186816 0.42874313186813184 0.3181662087912088 0.43028846153846156 0.3178228021978022 0.43423763736263743 0.32125686813186816 0.43612637362637363 0.3241758241758242 0.43492445054945056 0.3246909340659341 0.4320054945054945
6 0.3430631868131868 0.47304258241758246 0.3470123626373626 0.47338598901098905 0.3482142857142857 0.4708104395604396 0.3442651098901099 0.4689217032967033 0.34100274725274726 0.46960851648351654 0.3401442307692308 0.4739010989010989
6 0.31490384615384615 0.4289148351648352 0.31043956043956045 0.428228021978022 0.30649038461538464 0.4280563186813187 0.30614697802197804 0.43183379120879123 0.3083791208791209 0.43286401098901106 0.3119848901098901 0.4313186813186813
6 0.3128434065934066 0.43887362637362637 0.3092376373626374 0.4405906593406594 0.31112637362637363 0.44419642857142855 0.3131868131868132 0.4417925824175824
6 0.3616071428571429 0.5024038461538461 0.35731456043956045 0.5027472527472527 0.3557692307692308 0.5065247252747253 0.3586881868131868 0.5082417582417583 0.3616071428571429 0.5061813186813187
6 0.40916895604395603 0.4977678571428572 0.40625 0.5 0.40779532967032966 0.5030906593406594 0.41105769230769235 0.5027472527472527 0.4115728021978022 0.4998282967032967
6 0.39646291208791207 0.5039491758241759 0.3916552197802198 0.5030906593406594 0.3899381868131868 0.5056662087912088 0.3935439560439561 0.5072115384615385 0.39869505494505497 0.5066964285714286 0.39903846153846156 0.5101304945054945 0.4040178571428571 0.5097870879120879 0.4043612637362638 0.5061813186813187 0.4019574175824176 0.5036057692307693 0.39869505494505497 0.5034340659340659
6 0.423592032967033 0.5049793956043956 0.42032967032967034 0.5044642857142858 0.4174107142857143 0.5061813186813187 0.4174107142857143 0.5103021978021978 0.41947115384615385 0.5130494505494505 0.4229052197802198 0.5118475274725275 0.4229052197802198 0.5077266483516484 0.42445054945054944 0.5085851648351649 0.4249656593406594 0.5061813186813187
6 0.42839972527472525 0.49502060439560436 0.4258241758241758 0.49708104395604397 0.42685439560439564 0.49931318681318687 0.4292582417582418 0.49948489010989017 0.43028846153846156 0.49759615384615385
6 0.4831730769230769 0.5142513736263736 0.4790521978021978 0.5135645604395604 0.4783653846153847 0.5168269230769231 0.4757898351648352 0.5178571428571429 0.4764766483516484 0.5211195054945055 0.48197115384615385 0.5209478021978022 0.48162774725274726 0.5178571428571429 0.48385989010989017 0.5168269230769231
6 0.6133241758241759 0.4610233516483516 0.6092032967032968 0.45982142857142855 0.6055975274725275 0.4608516483516484 0.6074862637362638 0.46548763736263743 0.6110920329670331 0.4649725274725275
6 0.678743131868132 0.5319368131868132 0.6746222527472527 0.5367445054945055 0.679945054945055 0.5374313186813187
6 0.6818337912087913 0.49948489010989017 0.6796016483516484 0.5018887362637363 0.6813186813186813 0.5060096153846154 0.6847527472527473 0.5058379120879122 0.6852678571428572 0.5032623626373627
6 0.36864697802197804 0.46171016483516486 0.36349587912087916 0.459478021978022 0.3655563186813187 0.4648008241758242 0.3695054945054945 0.4646291208791209 0.37242445054945056 0.46291208791208793 0.3746565934065934 0.46188186813186816
6 0.36813186813186816 0.4764766483516484 0.3653846153846154 0.47785027472527475 0.36589972527472525 0.48111263736263743 0.3737980769230769 0.4805975274725275 0.37225274725274726 0.478021978021978
6 0.4007554945054945 0.5144230769230769 0.4040178571428571 0.5183722527472527 0.40710851648351654 0.5182005494505495 0.4081387362637363 0.5144230769230769
6 0.4144917582417583 0.4998282967032967 0.4143200549450549 0.5022321428571429 0.4174107142857143 0.5049793956043956 0.4208447802197802 0.502918956043956 0.4215315934065934 0.4996565934065934
6 0.45072115384615385 0.5382898351648352 0.4508928571428571 0.5429258241758241 0.4574175824175824 0.5436126373626374 0.4584478021978022 0.5400068681318682
6 0.4799107142857143 0.5338255494505495 0.48162774725274726 0.5374313186813187 0.48712225274725274 0.5360576923076923 0.486092032967033 0.5324519230769231
0 0.5215737336601307 0.33800551470588236 0.518765318627451 0.34004799836601307 0.517233455882353 0.34438827614379086 0.520297181372549 0.3471966911764706 0.5241268382352942 0.3464307598039216 0.5261693218954249 0.3436223447712418 0.5248927696078431 0.34055861928104575
0 0.5437857434640524 0.33723958333333337 0.5397007761437909 0.33877144607843135 0.5376582924836601 0.34285641339869277 0.5394454656862745 0.34694138071895425 0.5432751225490197 0.34949448529411764 0.5478707107843138 0.3479626225490196 0.5483813316993464 0.3436223447712418 0.5471047794117647 0.3410692401960784
0 0.676547181372549 0.3482179330065359 0.6706750408496733 0.3459201388888889 0.6686325571895425 0.350515727124183 0.6719515931372549 0.3556219362745098 0.6775684232026145 0.3556219362745098 0.6798662173202615 0.3540900735294118
0 0.6055708741830066 0.29945363562091504 0.6012305964052288 0.30175142973856206 0.6004646650326798 0.30609170751633985 0.6048049428104576 0.30966605392156865 0.6071027369281047 0.3063470179738562 0.606592116013072 0.3030279820261438
0 0.592294730392157 0.28668811274509803 0.5876991421568628 0.2889859068627451 0.5876991421568628 0.2928155637254902 0.5907628676470589 0.29613459967320266 0.5958690767973857 0.2956239787581699 0.596890318627451 0.2917943218954248 0.5951031454248367 0.2892412173202614
0 0.659952001633987 0.2938368055555556 0.6553564133986929 0.2956239787581699 0.6558670343137256 0.29894301470588236 0.6604626225490197 0.3002195669934641 0.6637816584967321 0.29945363562091504 0.6635263480392157 0.29613459967320266
0 0.6665900735294118 0.3109426062091504 0.6619944852941176 0.31221915849673204 0.660717933006536 0.3170700571895425 0.6645475898692811 0.32141033496732024 0.6688878676470589 0.32115502450980393 0.6699091094771242 0.3165594362745098
0 0.6824193218954249 0.29766646241830064 0.683951184640523 0.30379391339869277 0.6859936683006536 0.31043198529411764 0.6893127042483661 0.31170853758169936 0.6882914624183007 0.30609170751633985 0.6867595996732027 0.3012408088235294
9 0.4896599264705883 0.3198784722222222 0.4791921977124184 0.3334099264705882 0.4817453022875817 0.3374948937908497 0.48736213235294124 0.33519709967320266 0.49170241013071897 0.3293249591503268 0.492468341503268 0.32421875
9 0.5011488970588236 0.33621834150326796 0.49502144607843146 0.33723958333333337 0.49604268790849676 0.34285641339869277 0.5008935866013072 0.3441329656862745 0.5054891748366013 0.3415798611111111 0.5065104166666667 0.33672896241830064
0 0.567529616013072 0.34004799836601307 0.5639552696078431 0.3433670343137255 0.5649765114379085 0.34898386437908496 0.5690614787581699 0.3500051062091503 0.5728911356209151 0.34694138071895425 0.5728911356209151 0.3438776552287582 0.570593341503268 0.3415798611111111
9 0.596890318627451 0.39928002450980393 0.5943372140522876 0.3964716094771242 0.5889756944444444 0.3954503676470588 0.5882097630718954 0.3997906454248366 0.5782526552287581 0.4054074754901961 0.5792738970588236 0.40949244281045755 0.584890727124183 0.41051368464052296 0.5894863153594772 0.4082158905228758 0.5974009395424837 0.4082158905228758
9 0.5756995506535948 0.4191942401960785 0.5759548611111112 0.4281301062091504 0.5843801062091504 0.42608762254901966 0.5979115604575164 0.42251327614379086 0.5915287990196079 0.4171517565359477 0.5866779003267975 0.41970486111111116 0.5836141748366013 0.41536458333333337 0.5756995506535948 0.4117902369281047
9 0.5624234068627452 0.4191942401960785 0.556295955882353 0.4250663807189543 0.556295955882353 0.43195976307189543 0.559359681372549 0.4368106617647059 0.5639552696078431 0.4342575571895425 0.5642105800653595 0.4306832107843138 0.5619127859477124 0.42608762254901966 0.5652318218954249 0.42685355392156865 0.5695720996732027 0.42608762254901966 0.5690614787581699 0.4222579656862745
9 0.5690614787581699 0.42864072712418305 0.567529616013072 0.43374693627450983 0.5672743055555556 0.43783190359477125 0.570593341503268 0.43502348856209155 0.5749336192810458 0.4352787990196079 0.5779973447712419 0.43195976307189543 0.5749336192810458 0.43042790032679745 0.5723805147058825 0.4296619689542484 0.5734017565359477 0.42761948529411764 0.5711039624183007 0.4265982434640524
9 0.545062295751634 0.4222579656862745 0.5353604983660131 0.42251327614379086 0.5325520833333334 0.42481107026143794 0.5231055964052288 0.4250663807189543 0.5241268382352942 0.4281301062091504 0.5218290441176471 0.43195976307189543 0.5246374591503268 0.43323631535947715 0.5254033905228759 0.4352787990196079 0.5169781454248367 0.43604473039215697 0.5134037990196079 0.43655535130718964 0.5024254493464053 0.45417177287581706 0.5049785539215687 0.45417177287581706 0.5075316584967321 0.44983149509803927 0.5131484885620916 0.4505974264705883 0.5151909722222222 0.4470230800653595 0.5266799428104576 0.44549121732026153 0.5363817401960784 0.4518739787581699 0.5404667075163399 0.45034211601307195 0.5381689133986929 0.44523590686274517 0.5330627042483661 0.44549121732026153 0.5333180147058825 0.4426828022875817 0.5371476715686275 0.44217218137254904 0.5371476715686275 0.439108455882353 0.5335733251633987 0.43936376633986934 0.5320414624183007 0.43553410947712423 0.5345945669934641 0.43502348856209155 0.5394454656862745 0.4357894199346406 0.5389348447712419 0.4301725898692811 0.543530433006536 0.43170445261437906
9 0.5494025735294118 0.43195976307189543 0.5448069852941176 0.43553410947712423 0.5422538807189543 0.4408956290849674 0.544296364379085 0.4444699754901961 0.5486366421568628 0.4426828022875817 0.5504238153594772 0.43885314542483667 0.553232230392157 0.43604473039215697
9 0.5588490604575164 0.44064031862745107 0.5557853349673203 0.43783190359477125 0.5524662990196079 0.43961907679738566 0.5529769199346406 0.4429381127450981 0.5565512663398693 0.4437040441176471 0.5534875408496733 0.4472783905228758 0.5486366421568628 0.44983149509803927 0.5519556781045752 0.45289522058823534 0.5575725081699348 0.45034211601307195 0.5611468545751634 0.4472783905228758 0.5626787173202615 0.45008680555555564 0.5657424428104576 0.4460018382352942 0.5657424428104576 0.44217218137254904 0.5634446486928104 0.43885314542483667
