8 0.18157262905162064 0.0 0.1810724289715886 0.015051798765344519 0.18757503001200476 0.014164833605336005 0.18957583033213282 0.006182147165259372 0.196578631452581 0.004408216845242343 0.195578231292517 0.00041687362520402614
8 0.16656662665066027 0.05363478322571492 0.15506202480992395 0.051860852905697884 0.15506202480992395 0.06206095224579581 0.1605642256902761 0.06383488256581284 0.16706682673069226 0.07093060384588096 0.17206882753101238 0.06649577804583838 0.17907162865146056 0.06117398708578729 0.17757102841136452 0.054521748385723434
8 0.21408563425370147 0.02392145036542967 0.2105842336934774 0.02702582842545947 0.20908363345338132 0.03323458454551907 0.21108443377350938 0.039443340665578676 0.21658663465386155 0.03678244518555313 0.21808723489395757 0.030573689065493532
8 0.1995798319327731 0.08467856382601294 0.18757503001200476 0.08955687220605978 0.1910764305722289 0.09443518058610659 0.1910764305722289 0.10020045412616194 0.19857943177270906 0.10020045412616194 0.20008003201280514 0.09709607606613214 0.20308123249299717 0.0953221457461151
8 0.30362144857943174 0.02968672390548501 0.29911964785914363 0.0319041368055063 0.2971188475390156 0.03766941034556165 0.30062024809923965 0.04343468388561699 0.3071228491396558 0.043878166465621246 0.31262505002000796 0.03899985808557442 0.31212484993997597 0.03234761938551056
8 0.3966586634653861 0.03279110196551482 0.390656262505002 0.03367806712552333 0.38765506202480987 0.03899985808557442 0.38915566226490594 0.04565209678563829 0.39715886354541813 0.04786950968565957 0.4021608643457383 0.04343468388561699 0.4006602641056422 0.03678244518555313
8 0.4151660664265706 0.04609557936564254 0.40866346538615445 0.0465390619456468 0.40616246498599434 0.05053040516568511 0.4121648659463785 0.054521748385723434 0.4191676670668267 0.0527478180657064 0.42216886754701877 0.04698254452565105
8 0.3301320528211284 0.08334811608600015 0.3291316526610644 0.09709607606613214 0.33813525410164064 0.09620911090612362 0.3446378551420568 0.09044383736606829 0.3406362545018007 0.08556552898602145 0.3361344537815126 0.08467856382601294
8 0.32763105242096835 0.0766958773859363 0.33213285314125646 0.08157418576598313 0.33813525410164064 0.08068722060597462 0.3371348539415766 0.07580891222592778 0.3336334533813525 0.07270453416589798
8 0.2856142456982793 0.024364932945433924 0.2831132452981192 0.029243241325480757 0.2846138455382153 0.03633896260554888 0.28811524609843936 0.03988682324558294 0.2936174469787915 0.03678244518555313 0.2941176470588235 0.0319041368055063 0.29161664665866344 0.027912793585467985
8 0.32262905162064826 0.015051798765344519 0.313625450180072 0.02214752004541264 0.313625450180072 0.026138863265450958 0.3216286514605842 0.024808415525438183 0.3291316526610644 0.021260554885404122 0.3311324529811925 0.017269211665365807 0.3286314525810324 0.013277868445327492
8 0.21808723489395757 0.05762612644575323 0.22208883553421366 0.059843539345774514 0.2265906362545018 0.06693926062584263 0.23159263705482191 0.06161746966579155 0.2320928371348539 0.05806960902575749 0.23609443777511005 0.05496523096572769 0.23159263705482191 0.04786950968565957 0.22458983593437373 0.04476513162562977 0.21908763505402162 0.04698254452565105 0.21758703481392555 0.05319130064571066
8 0.2460984393757503 0.07536542964592352 0.24009603841536614 0.0775828425459448 0.23959583833533413 0.08157418576598313 0.24459783913565422 0.08467856382601294 0.25060024009603843 0.0820176683459874 0.2511004401760704 0.07891329028595759
8 0.38615446178471385 0.0642783651458171 0.3796518607442977 0.06250443482580006 0.3761504601840736 0.0682697083658554 0.37715086034413764 0.0735914993259065 0.38365346138455375 0.07226105158589373
8 0.3767439179061455 0.019831939645478525 0.3728237057534878 0.0194230336734068 0.3702870978900034 0.023307640408088158 0.3735155078980744 0.026374435198626076 0.3781275221953187 0.024738811310339188
8 0.37305430646834997 0.04763754574635562 0.3686728928859679 0.04865981067653492 0.3689034936008301 0.05315777636932387 0.37213190360890114 0.055611212201754204 0.37628271647642103 0.05336222935535973 0.3767439179061455 0.049477622620678376
8 0.381586532918252 0.035983725542311544 0.3765133171912832 0.037619349430598435 0.37582151504669653 0.041708409151315656 0.37928052576962984 0.04579746887203288 0.38412314078173637 0.043139580053566676 0.38458434221146076 0.040072785263028765
8 0.4599907759714055 0.015129520966653716 0.4553787616741611 0.015538426938725439 0.4516891502363657 0.017174050827012326 0.4496137438026057 0.021467563533765412 0.45076674737691674 0.02555662325448263 0.4535339559552634 0.028010059086912963 0.4588377723970944 0.0267833411706978 0.4611437795457165 0.023307640408088158 0.46137438026057875 0.019218580687370937
8 0.4092586187017179 0.06685612643372657 0.405107805834198 0.0686962033080493 0.40418540297474914 0.07258081004273066 0.4067220108382335 0.07564760483326859 0.4120258272800645 0.07380752795894584 0.4120258272800645 0.0703318271963362
8 0.46275798454975203 0.04457075095581771 0.45837657096736995 0.04538856289996115 0.4565317652484722 0.04865981067653492 0.45814597025250775 0.05233996442518043 0.46252738383488984 0.05315777636932387 0.4664475959875475 0.050908793522929395 0.46529459241323645 0.04702418678824804
8 0.42770667589069516 0.06460714358733209 0.42263346016372644 0.06542495553147554 0.4212498558745531 0.07012737421030034 0.4230946615934509 0.07339862198687412 0.4290902801798685 0.07298971601480239 0.43024328375417953 0.06910510928012102
8 0.5563818747838117 0.01840076874322749 0.5517698604865674 0.01962748665944266 0.5499250547676697 0.02555662325448263 0.5510780583419809 0.029645682975199854 0.5577654790729851 0.030054588947271574 0.563069295514816 0.028623418045020544 0.5646835005188515 0.026169982212590214 0.5635304969445405 0.02289873443601644 0.5612244897959183 0.020445298603586102
8 0.5748299319727891 0.01962748665944266 0.5702179176755447 0.019014127701335076 0.5667589069526116 0.020649751589621963 0.5686037126715092 0.02535217026844677 0.5734463276836157 0.026987794156733656 0.57805834198086 0.02535217026844677 0.5778277412659978 0.022285375477908854
8 0.5789807448403089 0.0398683322769929 0.5824397555632421 0.04559301588599701 0.5863599677158998 0.044366297969781844 0.5877435720050732 0.040890597207172204 0.5870517698604865 0.03925497331888532
8 0.42217225873400205 0.029236777003128128 0.4161766401475844 0.032508024779701904 0.4210192551596909 0.03680153748645498
8 0.1934163495906837 0.05336222935535973 0.18995733886775046 0.05683793011796937 0.18995733886775046 0.06174480178283003 0.19272454744609707 0.06522050254543967 0.19641415888389252 0.06378933164318865 0.19687536031361694 0.05949581893643556 0.1959529574541681 0.056224571159861784
8 0.23884469041854028 0.06767393837787 0.23238787040239825 0.06685612643372657 0.23123486682808717 0.07053628018237205 0.23469387755102042 0.07380752795894584 0.2390752911334025 0.07360307497290997 0.23999769399285134 0.07094518615444378
8 0.24253430185633576 0.062153707754901755 0.24138129828202468 0.0666516734476907 0.24322610400092237 0.0713540921265155 0.2464545140089934 0.0723763570566948 0.2478381182981667 0.06890065629408518 0.24714631615358007 0.0656294085175114
8 0.22962066182405164 0.07687432274948375 0.22662285253084286 0.07891885260984237 0.22800645682001613 0.08259900635848785 0.23100426611322492 0.08546134816298992 0.23354087397670933 0.08280345934452371 0.23331027326184708 0.07912330559587823
8 0.21601521964718087 0.11204023634765185 0.21094200392021215 0.11428921919404632 0.20909719820131442 0.12103616773322973 0.21324801106883431 0.12246733863548076 0.21670702179176754 0.11960499683097872 0.21762942465121643 0.11592484308233321
8 0.27620200622621927 0.11183578336161598 0.2750490026519082 0.10795117662693463 0.2706675890695261 0.10631555273864773 0.266286175487144 0.10938234752918566 0.2646719704831085 0.11633374905440493 0.26674737691686845 0.12103616773322973 0.2766632076559437 0.12042280877512215 0.28542603482070794 0.11858273190079942 0.28565663553557014 0.11510703113818978 0.2817364233829125 0.11244914231972357
8 0.3077943041623429 0.07850994663777064 0.3011068834313386 0.07810104066569891 0.3006456820016142 0.08259900635848785 0.3024904877205119 0.08505244219091819 0.3064106998731696 0.08321236531659544
8 0.240689496137438 0.13371225286745314 0.23469387755102042 0.13268998793727382 0.23238787040239825 0.13534787675574 0.2314654675429494 0.13964138946249308 0.23446327683615817 0.14229927828095928 0.24115069756716243 0.14229927828095928 0.24437910757523346 0.1410725603647441 0.24460970829009568 0.1373924066160986
8 0.3631384757292747 0.1128580482917953 0.3578346592874438 0.11183578336161598 0.3543756485645105 0.11428921919404632 0.35299204427533715 0.11940054384494285 0.3552980514239593 0.12246733863548076 0.36106306929551474 0.12267179162151663 0.36475268073331024 0.1202183557890863 0.3652138821630347 0.11674265502647665
8 0.3186325377608671 0.07789658767966307 0.31402052346362275 0.0776921346936272 0.312175717744725 0.08198564740038028 0.31517352703793383 0.08443908323281062 0.31932433990545367 0.08259900635848785 0.32024674276490256 0.0797366645539858
8 0.3066413005880318 0.09118603177199402 0.3020292862907875 0.09261720267424506 0.3022598870056497 0.09670626239496227 0.30594949844344516 0.09834188628324915 0.3096391098812406 0.09568399746478297
8 0.2939582612706099 0.10222649301793052 0.2893462469733656 0.10263539899000225 0.29142165340712556 0.1054977407945043 0.29441946270033437 0.10529328780846843
8 0.2932664591260233 0.10611109975261189 0.28957684768822783 0.1065200057246836 0.28819324339905456 0.10938234752918566 0.2909604519774011 0.11163133037558014 0.29441946270033437 0.11040461245936496
8 0.2817364233829125 0.10038641614360777 0.2766632076559437 0.10161313405982295 0.27643260694108146 0.10467992885036086 0.2791998155194281 0.1071333646827912 0.2831200276720858 0.1065200057246836 0.2835812291018102 0.10386211690621741
8 0.38343133863714973 0.05274887039725215 0.3785887236250432 0.05315777636932387 0.3778969214804565 0.05663347713193351 0.3818171336331142 0.05826910102022039 0.38458434221146076 0.05765574206211281
8 0.26674737691686845 0.03271247776573777 0.2593681540412775 0.038437161374741874 0.25959875475613975 0.04334403303960254 0.2621353626196241 0.04579746887203288 0.26697797763173065 0.042935127067530825 0.269514585495215 0.03925497331888532 0.2692839847803528 0.0361881785283474
8 0.33200737922287554 0.12205843266340903 0.33154617779315115 0.1449571670994255 0.3481494292632307 0.14965958577825028 0.3479188285483685 0.1470016969597841 0.3451516199700219 0.14557052605753307 0.34861063069295506 0.14352599619717446 0.3481494292632307 0.127987569258449 0.34100080710250197 0.12369405655169594
8 0.37605211576155884 0.1449571670994255 0.37167070217917675 0.1449571670994255 0.3668280871670702 0.1484328678620351 0.3654444828778969 0.1527263805687882 0.37005649717514116 0.15497536341518267 0.37559091433183434 0.1543620044570751 0.37697451862100767 0.15149966265257303
8 0.3799723279142165 0.16622027764715502 0.3744379107575233 0.16724254257733434 0.37397670932779886 0.17092269632597984 0.37974172719935423 0.17235386722823084 0.3818171336331142 0.1694915254237288
8 0.2676697797763173 0.1369835006440269 0.2635189669087974 0.13657459467195518 0.2614435604750375 0.14086810737870825 0.2644413697682463 0.14291263723906686 0.26813098120604173 0.14148146633681585 0.26882278335062837 0.13964138946249308
8 0.2619047619047619 0.157428799247613 0.257753949037242 0.1611089529962585 0.25867635189669086 0.1658113716750833 0.263057765479073 0.16642473063319088 0.26605557477228176 0.1631534828566171 0.26605557477228176 0.1600866880660792
8 0.23930589184826473 0.16397129480076056 0.23400207540643375 0.16826480750751363 0.232157269687536 0.17337613215841016 0.23699988469964256 0.17398949111651776 0.23953649256312692 0.17010488438183638
8 0.24991352473192666 0.16887816646562123 0.24507090971982012 0.17337613215841016 0.24530151043468235 0.17971417472552184 0.2506053268765133 0.18032753368362944 0.2515277297359622 0.1752162090327329
8 0.28727084053960567 0.13371225286745314 0.2849648333909835 0.12839647523052072 0.2789692148045659 0.1281920222444849 0.2798916176640147 0.13207662897916622
8 0.28727084053960567 0.12839647523052072 0.29142165340712556 0.13453006481159657 0.297186671278681 0.127987569258449
8 0.3006456820016142 0.13473451779763243 0.2953418655597832 0.13473451779763243 0.2962642684192321 0.14045920140663654 0.30318228986509854 0.14086810737870825
8 0.2642107690533841 0.17194496125615916 0.26005995618586414 0.17603402097687637 0.2602905569007264 0.18237206354398805 0.2632883661939352 0.188301200139028 0.26974518621007726 0.18911901208317147 0.27643260694108146 0.188301200139028 0.2794304162342903 0.18380323444623908 0.27850801337484143 0.17991862771155773 0.27597140551135707 0.17623847396291223 0.2704369883546639 0.1737850381304819
8 0.3546062492793727 0.2197869599885506 0.34330681425112414 0.2204003189466582 0.33892540066874205 0.2257160965835906 0.3403090049579154 0.2304185152624154 0.3479188285483685 0.23184968616466642 0.3539144471347861 0.23021406227637956 0.35691225642799485 0.22489828463944714
8 0.31955494062031586 0.1758295679908405 0.3119451170298628 0.17644292694894806 0.3075637034474807 0.17828300382327084 0.31056151274068944 0.1821676105579522 0.3158653291825204 0.1848254993764184 0.32070794419462695 0.18400768743227494 0.32186094776893803 0.17991862771155773
8 0.29441946270033437 0.18666557625074112 0.28957684768822783 0.1856433113205618 0.28565663553557014 0.188301200139028 0.28565663553557014 0.19300361881785283 0.28957684768822783 0.195661507636319 0.2937276605557477 0.19443478972010383
8 0.30087628271647643 0.17991862771155773 0.29557246627464545 0.1825765165300239 0.2964948691340943 0.18666557625074112 0.30179868557592526 0.18666557625074112 0.3034128905799608 0.1831898754881315
8 0.36844229217110563 0.1711271493120157 0.3635996771589991 0.17133160229805156 0.359218263576617 0.17787409785119912 0.3654444828778969 0.17807855083723498 0.3670586878819324 0.17439839708858945
8 0.3665974864522079 0.1541575514710392 0.3619854721549636 0.1547709104291468 0.3622160728698258 0.15845106417779228 0.36775049002651905 0.15845106417779228
8 0.2503747261616511 0.1547709104291468 0.24576271186440676 0.15293083355482406 0.2404588954225758 0.15333973952689578 0.23930589184826473 0.15661098730346956 0.23976709327798915 0.1621312179264378 0.24322610400092237 0.1631534828566171 0.24691571543871782 0.16049559403815092 0.2508359275913755 0.15988223508004334
8 0.30087628271647643 0.1443438081413179 0.2964948691340943 0.14454826112735375 0.29465006341519656 0.14822841487599925 0.2992620777124409 0.14884177383410685
8 0.29165225412198775 0.1527263805687882 0.28704023982474347 0.15293083355482406 0.2840424305315346 0.1596777820940075 0.28750144125446786 0.16233567091247367
8 0.27527960336677043 0.15293083355482406 0.272742995503286 0.14986403876428614 0.2692839847803528 0.14965958577825028 0.2665167762020062 0.1527263805687882
8 0.3064106998731696 0.15681544028950542 0.30387409200968524 0.16049559403815092 0.31010031131096505 0.1594733291079716
8 0.3280871670702179 0.15906442313589989 0.32070794419462695 0.15906442313589989 0.31517352703793383 0.1596777820940075 0.3156347284676582 0.1631534828566171 0.31955494062031586 0.16417574778679642 0.3165571313271071 0.16826480750751363 0.32163034705407584 0.17010488438183638 0.3250893577770091 0.1658113716750833 0.33200737922287554 0.1658113716750833 0.3299319727891156 0.1615178589683302
8 0.27602972024544686 0.1932174106506572 0.2689721421709894 0.19356503964708704 0.26818796682938306 0.19808421660067507 0.2748534572330373 0.20051761957568406 0.27799015859946286 0.20086524857211388
8 0.27289301887902134 0.21164174746143924 0.26426709012135113 0.21268463445072877 0.2591699504009096 0.21442277943287805 0.25799368738850004 0.2203324723721855 0.26818796682938306 0.2224182463507646 0.27367719422062775 0.2210277303650452
8 0.2972024544688192 0.22068010136861535 0.29053696406516494 0.21998484337575563 0.2854398243447235 0.22450402032934372 0.2932815777607873 0.2286755682865019 0.2983787174812288 0.2272850523007825
8 0.29014487639436176 0.19773658760424526 0.2838714736615107 0.19495555563280645 0.28073477229508514 0.20086524857211388 0.2881844380403458 0.20538442552570194 0.2924974024191809 0.202951022550693
8 0.3007312435060479 0.19426029763994673 0.29563410378560645 0.1953031846292363 0.2952420161148033 0.19947473258639448 0.3026916818600639 0.20086524857211388 0.3038679448724735 0.19773658760424526
8 0.3062204708972926 0.2050367965292721 0.29994706816444155 0.20121287756854375 0.2952420161148033 0.20329865154712287 0.29484992844400004 0.20886071549000043 0.3007312435060479 0.21094648946857955 0.3066125585680958 0.20851308649357062
8 0.3375874845615479 0.24849042108300337 0.33170616949950005 0.25127145305444215 0.3285694681330745 0.25718114599374964 0.33170616949950005 0.2617003229473377 0.3383716599031543 0.2620479519437675 0.34111627359877666 0.2578764039866093 0.34111627359877666 0.25335722703302127
8 0.36973867356740964 0.2474475340937138 0.36424944617616495 0.25057619506158246 0.36307318316375536 0.2561382590044601 0.3685624105550001 0.2599621779651884 0.37405163794624474 0.25752877499017945 0.3752279009586544 0.2526619690401616
8 0.3928718461447979 0.2182466983936064 0.38542218039953735 0.21998484337575563 0.3858142680703405 0.2251992783222034 0.3928718461447979 0.2272850523007825 0.39640063518202673 0.22554690731863325
8 0.38346174204552136 0.2345852612258094 0.3775804269834735 0.23423763222937952 0.372483287263032 0.23910443817939742 0.3811092160207022 0.24431887312584516 0.3822854790331118 0.24084258316154666
8 0.39483228449881397 0.2363234062079586 0.38855888176596287 0.2349328902222392 0.38542218039953735 0.24049495416511682 0.3940481091572075 0.24362361513298547
8 0.2775980709286596 0.2453617601151347 0.2713246681958086 0.2481427920865735 0.27367719422062775 0.2550953720151705 0.2799505969534788 0.25474774301874065 0.28073477229508514 0.25057619506158246
8 0.25328863533886176 0.9388816079926858 0.2466231449352075 0.940967381971265 0.24505479425199475 0.9507009938713007 0.24936775863082986 0.9569583158070379 0.25760159971769686 0.9569583158070379 0.2607383010841224 0.9510486228677306 0.2603462134133192 0.945486558924853
8 0.24348644356878196 0.9607822347677664 0.23486051481111175 0.9618251217570559 0.23054755043227665 0.9684300726892231 0.23329216412789897 0.9757302816142499 0.2419180928855692 0.9753826526178201 0.24544688192279793 0.9698205886749425
8 0.2964182791272128 0.9788589425821185 0.3034758572016703 0.9819876035499873 0.3132780489717501 0.9819876035499873 0.3160226626673724 0.9781636845892588 0.3136701366425532 0.9739921366321007 0.3066125585680958 0.9726016206463812 0.2995549804936384 0.9729492496428112
8 0.44933247074045757 0.961477492760626 0.4395302789703778 0.9635632667392051 0.4403144543119841 0.9694729596785127 0.45090082142367033 0.9715587336570917 0.4556058734733086 0.9705158466678022 0.45325334744848944 0.966344298710644
8 0.5057930953361172 0.9698205886749425 0.4948146405536278 0.9792065715785484 0.5018722186280852 0.9851162645178559 0.5089297967025427 0.9823352325464171 0.5089297967025427 0.9771207975999693
8 0.5944049089376384 0.9141999492461664 0.587347330863181 0.9131570622568769 0.5849948048383617 0.9215001581711932 0.589307769217197 0.9270622221140709 0.5983257856456704 0.926714593117641 0.6022466623537023 0.9215001581711932
8 0.6308690623223352 0.8648366317531276 0.6206747828814523 0.8697034377031456 0.6194985198690427 0.8773512756246024 0.6277323609559097 0.8808275655889009 0.6359662020427768 0.8770036466281725 0.6367503773843831 0.8717892116817247
8 0.5363759336587661 0.7862724785599815 0.5273579172302927 0.7918345425028591 0.5257895665470799 0.7998300094207457 0.5320629692799309 0.8029586703886143 0.5406888980376011 0.799482380424316 0.5422572487208139 0.7935726874850084
8 0.6939951773216491 0.7633289647956114 0.6869375992471917 0.7664576257634801 0.6861534239055852 0.7748007216777966 0.6943872649924523 0.7761912376635158 0.6975239663588778 0.7699339157277786
8 0.08077006018545746 0.8359834250494502 0.07057578074457448 0.8415454889923278 0.06822325471975534 0.8537125038673724 0.06783116704895215 0.8648366317531276 0.07763335881903193 0.864141373760268 0.08155423552706385 0.8544077618602323 0.08233841086867022 0.8443265209637666
8 0.09684565468838832 0.857188793831671 0.0882197259307181 0.857188793831671 0.08704346291830853 0.8651842607495576 0.09527730400517555 0.8665747767352769 0.10037444372561705 0.864141373760268
8 0.11527377521613832 0.8613603417888293 0.1113528985081064 0.8703986956960053 0.10939246015409046 0.8811751945853307 0.1160579505577447 0.884999113546059 0.12154717794898938 0.8815228235817605 0.12154717794898938 0.8721368406781546
8 0.14115156148914895 0.8099112503172113 0.1352702464271011 0.8137351692779398 0.13330980807308512 0.8210353782029666 0.1360544217687075 0.8259021841529846 0.1446803505263777 0.8259021841529846 0.1482091395636064 0.8206877492065368 0.14703287655119684 0.8151256852636591
8 0.13095728204826598 0.7810580436135338 0.1258601423278245 0.7855772205671219 0.1262522299986277 0.7918345425028591 0.13291772040228195 0.7932250584885786 0.1356623340979043 0.7880106235421308
8 0.1258601423278245 0.8391120860173188 0.11762630124095748 0.838416828024459 0.11566586288694151 0.843283633974477 0.12037091493657981 0.8474551819316352 0.12703640534023408 0.8450217789566262
8 0.23133172577388303 0.7577669008527338 0.22427414769942558 0.761938448809892 0.223097884687016 0.769238657734919 0.23054755043227665 0.7716720607099279 0.23603677782352134 0.769238657734919 0.23525260248191496 0.764371851784901
