11 0.3270566239316239 0.3190438034188034 0.3070245726495726 0.3083600427350427 0.2923344017094017 0.32037927350427353 0.28699252136752135 0.34441773504273504 0.29099893162393164 0.3684561965811966 0.313701923076923 0.3764690170940171 0.3417467948717948 0.37780448717948717 0.3564369658119658 0.359107905982906 0.3524305555555556 0.33907585470085466
11 0.28966346153846156 0.5206997863247863 0.2642895299145299 0.5367254273504274 0.2509348290598291 0.5540865384615384 0.26295405982905984 0.5754540598290598 0.28966346153846156 0.5901442307692307 0.31770833333333337 0.5888087606837606 0.3310630341880342 0.5701121794871795 0.3243856837606838 0.5380608974358975 0.31503739316239315 0.5220352564102564
11 0.5247061965811965 0.5594284188034188 0.5260416666666666 0.578125 0.4966613247863247 0.5821314102564102 0.5006677350427351 0.6075053418803418 0.5313835470085471 0.6181891025641025 0.5567574786324785 0.6181891025641025 0.5620993589743589 0.592815170940171 0.5514155982905983 0.5594284188034188
13 0.9801014957264957 0.9253472222222223 0.9654113247863247 0.9320245726495727 0.9614049145299145 0.953392094017094 0.9787660256410255 0.9614049145299146 0.9921207264957266 0.953392094017094
13 0.9346955128205128 0.8652510683760685 0.9133279914529915 0.8665865384615385 0.9133279914529915 0.8852831196581198 0.936030982905983 0.88928952991453 0.9467147435897436 0.8799412393162394
13 0.5300480769230769 0.4726228632478632 0.5140224358974359 0.48330662393162394 0.5193643162393162 0.5020032051282051 0.5393963675213674 0.5046741452991452 0.547409188034188 0.48330662393162394
13 0.48197115384615385 0.5193643162393162 0.46461004273504275 0.5260416666666666 0.46060363247863256 0.547409188034188 0.484642094017094 0.5594284188034188 0.4926549145299145 0.5420673076923077 0.5006677350427351 0.5260416666666666
13 0.5888087606837606 0.6475694444444444 0.5754540598290598 0.6622596153846153 0.5821314102564102 0.6796207264957265 0.6008279914529915 0.6782852564102564 0.5994925213675213 0.6622596153846153
13 0.6448985042735043 0.4525908119658119 0.6288728632478632 0.46193910256410253 0.6195245726495726 0.48330662393162394 0.6448985042735043 0.4939903846153846 0.6595886752136751 0.48197115384615385 0.6582532051282051 0.4646100427350427
0 0.3270566239316239 0.3190438034188034 0.3070245726495726 0.3083600427350427 0.2923344017094017 0.32037927350427353 0.28699252136752135 0.34441773504273504 0.29099893162393164 0.3684561965811966 0.313701923076923 0.3764690170940171 0.3417467948717948 0.37780448717948717 0.3564369658119658 0.359107905982906 0.3524305555555556 0.33907585470085466
0 0.28966346153846156 0.5206997863247863 0.2642895299145299 0.5367254273504274 0.2509348290598291 0.5540865384615384 0.26295405982905984 0.5754540598290598 0.28966346153846156 0.5901442307692307 0.31770833333333337 0.5888087606837606 0.3310630341880342 0.5701121794871795 0.3243856837606838 0.5380608974358975 0.31503739316239315 0.5220352564102564
0 0.5247061965811965 0.5594284188034188 0.5260416666666666 0.578125 0.4966613247863247 0.5821314102564102 0.5006677350427351 0.6075053418803418 0.5313835470085471 0.6181891025641025 0.5567574786324785 0.6181891025641025 0.5620993589743589 0.592815170940171 0.5514155982905983 0.5594284188034188
0 0.48197115384615385 0.5193643162393162 0.46461004273504275 0.5260416666666666 0.46060363247863256 0.547409188034188 0.484642094017094 0.5594284188034188 0.4926549145299145 0.5420673076923077 0.5006677350427351 0.5260416666666666
0 0.5300480769230769 0.4726228632478632 0.5140224358974359 0.48330662393162394 0.5193643162393162 0.5020032051282051 0.5393963675213674 0.5046741452991452 0.547409188034188 0.48330662393162394
0 0.6448985042735043 0.4525908119658119 0.6288728632478632 0.46193910256410253 0.6195245726495726 0.48330662393162394 0.6448985042735043 0.4939903846153846 0.6595886752136751 0.48197115384615385 0.6582532051282051 0.4646100427350427
0 0.5888087606837606 0.6475694444444444 0.5754540598290598 0.6622596153846153 0.5821314102564102 0.6796207264957265 0.6008279914529915 0.6782852564102564 0.5994925213675213 0.6622596153846153
0 0.9346955128205128 0.8652510683760685 0.9133279914529915 0.8665865384615385 0.9133279914529915 0.8852831196581198 0.936030982905983 0.88928952991453 0.9467147435897436 0.8799412393162394
0 0.9801014957264957 0.9253472222222223 0.9654113247863247 0.9320245726495727 0.9614049145299145 0.953392094017094 0.9787660256410255 0.9614049145299146 0.9921207264957266 0.953392094017094
13 0.3938764450867053 0.43262283236994226 0.37942557803468213 0.4407514450867052 0.37220014450867056 0.45791184971098264 0.37761921965317924 0.4696531791907515 0.39658598265895956 0.4660404624277457 0.40923049132947986 0.45429913294797686 0.4056177745664741 0.4416546242774566
0 0.3938764450867053 0.43262283236994226 0.37942557803468213 0.4407514450867052 0.37220014450867056 0.45791184971098264 0.37761921965317924 0.4696531791907515 0.39658598265895956 0.4660404624277457 0.40923049132947986 0.45429913294797686 0.4056177745664741 0.4416546242774566
