15 0.8182246767241381 0.6831896551724138 0.8138469827586207 0.6841998922413793 0.8128367456896551 0.6895878232758621 0.8145204741379309 0.6953125 0.8202451508620691 0.6949757543103449 0.8242860991379309 0.691271551724138 0.8232758620689655 0.6865571120689655
0 0.8182246767241381 0.6831896551724138 0.8138469827586207 0.6841998922413793 0.8128367456896551 0.6895878232758621 0.8145204741379309 0.6953125 0.8202451508620691 0.6949757543103449 0.8242860991379309 0.691271551724138 0.8232758620689655 0.6865571120689655
2 0.9171105193075899 0.6204227696404794 0.9148219041278296 0.6200066577896138 0.9131574567243674 0.6222952729693743 0.9137816245006658 0.6252080559254327 0.9171105193075899 0.6262483355525965 0.9198152463382158 0.6247919440745673 0.9198152463382158 0.622503328894807
2 0.9169024633821572 0.659953395472703 0.9144057922769641 0.6597453395472703 0.9131574567243674 0.6622420106524635 0.915238015978695 0.6636984021304927 0.9189830226364848 0.6630742343541944 0.9193991344873502 0.6612017310252997
2 0.9150299600532623 0.6418525299600533 0.9123252330226365 0.6424766977363515 0.9108688415446073 0.6453894806924102 0.912741344873502 0.6474700399467377 0.9154460719041279 0.6460136484687083 0.9171105193075899 0.6437250332889481
2 0.9214796937416778 0.6493425432756326 0.918774966711052 0.6495505992010653 0.9173185752330226 0.6526714380825566 0.9200233022636486 0.6535036617842876 0.9218958055925434 0.652255326231691
2 0.9120312500000001 0.67265625 0.91078125 0.67265625 0.909375 0.67453125 0.91078125 0.6760937499999999 0.9129687499999999 0.6756249999999999 0.9135937500000001 0.6743750000000001
2 0.9135937500000001 0.68703125 0.91171875 0.6878124999999999 0.91140625 0.6900000000000001 0.9135937500000001 0.6910937500000001 0.9151562500000001 0.68953125
2 0.8996875 0.6484375 0.8979687500000001 0.6496875 0.8965624999999999 0.6509375000000001 0.8982812499999999 0.6525000000000001 0.90078125 0.6520312500000001 0.9012499999999999 0.6503125
2 0.9121874999999999 0.6053124999999999 0.9096875000000001 0.6059375 0.9087500000000001 0.6084375 0.90984375 0.6107812499999999 0.9120312500000001 0.6107812499999999 0.9134375 0.60875
2 0.90234375 0.6057812499999999 0.90015625 0.6057812499999999 0.89921875 0.60875 0.8996875 0.6121875 0.9021874999999999 0.61234375 0.9037499999999999 0.61046875 0.9040625 0.608125
2 0.9262499999999999 0.6599999999999999 0.9237500000000001 0.6603125000000001 0.9228125 0.663125 0.9262499999999999 0.6643749999999999 0.9292187500000001 0.6640625 0.929375 0.66171875
2 0.8159375000000001 0.49406249999999996 0.8129687499999999 0.49437499999999995 0.81171875 0.4965625 0.8129687499999999 0.49874999999999997 0.8168749999999999 0.49953125 0.8190625 0.49812500000000004 0.8190625 0.4959375
2 0.82875 0.5084375 0.8259375 0.50890625 0.8256249999999999 0.51234375 0.8300000000000001 0.5120312499999999
2 0.8331250000000001 0.51078125 0.8331250000000001 0.5131249999999999 0.8359375 0.5131249999999999 0.8359375 0.510625
2 0.8321875000000001 0.50234375 0.8295312499999999 0.50234375 0.82875 0.5053124999999999 0.8303125 0.5076562499999999 0.83265625 0.5065625 0.8334374999999999 0.50484375
2 0.8365625 0.50328125 0.83515625 0.5071875 0.8370312500000001 0.5079687500000001 0.8384375000000001 0.5064062500000001 0.838125 0.50453125
2 0.82390625 0.49031250000000004 0.82203125 0.49171875 0.8221875000000001 0.49421875000000004 0.82390625 0.49437499999999995 0.8253125000000001 0.49296875
2 0.865625 0.5684375 0.86296875 0.56875 0.86234375 0.5715625 0.86359375 0.5739062500000001 0.86625 0.5728125000000001 0.8665625 0.57109375
2 0.8892187500000001 0.62796875 0.8875 0.6290625000000001 0.8868750000000001 0.631875 0.88890625 0.63359375 0.8921875 0.6325000000000001 0.8926562499999999 0.63015625
2 0.88453125 0.64953125 0.8821875 0.64953125 0.88046875 0.65171875 0.880625 0.655 0.8829687500000001 0.6565624999999999 0.8862500000000001 0.6564062500000001 0.88765625 0.65390625 0.88640625 0.6525000000000001
2 0.8895312499999999 0.6484375 0.88765625 0.6490625 0.88765625 0.6509375000000001 0.88984375 0.6515625
2 0.87140625 0.5865625 0.868125 0.58671875 0.86625 0.5878125 0.8660937499999999 0.5909375 0.8670312499999999 0.59328125 0.86953125 0.5934375000000001 0.8715624999999999 0.5925 0.87234375 0.5909375 0.8721875000000001 0.588125
13 0.5020868113522537 0.7128547579298832 0.4963480801335559 0.7144198664440735 0.491652754590985 0.7175500834724541 0.48800083472454087 0.7235496661101836 0.48669657762938234 0.7311143572621035 0.49113105175292154 0.7373747913188647 0.4992174457429049 0.7399833055091819 0.5070429883138564 0.7373747913188647 0.5114774624373957 0.7318969115191987 0.5133034223706177 0.7251147746243739 0.5106949081803005 0.7188543405676127 0.506521285475793 0.7144198664440735
18 0.4240922370617696 0.7011164440734557 0.42070116861435725 0.7013772954924875 0.4183535058430718 0.7047683639398998 0.41861435726210355 0.7092028380634391 0.4217445742904841 0.7118113522537562 0.4267007512520868 0.7118113522537562 0.4287875626043406 0.7078985809682805 0.4285267111853089 0.7042466611018364
18 0.5667779632721202 0.712072203672788 0.5636477462437395 0.7125939065108514 0.5618217863105175 0.7154632721202003 0.5623434891485809 0.7196368948247078 0.5659954090150251 0.7219845575959933 0.5696473288814692 0.7209411519198665 0.5709515859766278 0.7175500834724541 0.5704298831385642 0.7152024207011686
18 0.4692195325542571 0.8140651085141904 0.46582846410684475 0.8145868113522539 0.463741652754591 0.8179778797996662 0.4650459098497496 0.8213689482470785 0.46895868113522543 0.8226732053422371 0.472088898163606 0.8213689482470785 0.47234974958263776 0.8179778797996662
18 0.5143468280467446 0.8657136894824708 0.5109557595993321 0.8662353923205343 0.5106949081803005 0.8701481636060102 0.5133034223706177 0.8724958263772956 0.5156510851419032 0.8717132721202004 0.5172161936560935 0.8688439065108515
18 0.5354757929883138 0.8291944908180302 0.5326064273789649 0.8299770450751252 0.5310413188647746 0.8331072621035058 0.5310413188647746 0.83675918196995 0.534432387312187 0.8380634390651085 0.5373017529215358 0.83675918196995 0.5383451585976629 0.8333681135225376
18 0.763199081803005 0.6424248747913188 0.7590254590984975 0.6434682804674458 0.756677796327212 0.6465984974958264 0.7579820534223706 0.6505112687813022 0.7616339732888147 0.6518155258764607 0.7652858931552587 0.6502504173622705 0.7658075959933222 0.6476419031719532
18 0.7814586811352253 0.649728714524207 0.7783284641068448 0.6505112687813022 0.7770242070116862 0.6541631886477463 0.7783284641068448 0.6578151085141903 0.7825020868113522 0.6570325542570952 0.784588898163606 0.6544240400667779
18 0.8182387312186978 0.6460767946577629 0.8156302170283807 0.647902754590985 0.8148476627712855 0.6507721202003338 0.8171953255425711 0.6536414858096828 0.8200646911519198 0.6525980801335559 0.8213689482470785 0.6499895659432388
18 0.8143259599332222 0.6306865609348915 0.8098914858096828 0.6327733722871453 0.8101523372287145 0.6369469949916527 0.8132825542570952 0.6379904006677796 0.8164127712854758 0.6359035893155258
15 0.5245200333889816 0.572516694490818 0.5208681135225375 0.5722558430717863 0.5182595993322203 0.5738209515859766 0.5185204507512521 0.5782554257095158 0.5216506677796328 0.5813856427378965 0.5250417362270451 0.5803422370617696 0.5273893989983305 0.5766903171953255
15 0.4003547579298831 0.6901606844741235 0.39565943238731227 0.6893781302170284 0.39200751252086813 0.6932909015025042 0.3922683639398999 0.6982470784641068 0.39461602671118534 0.7011164440734557 0.3993113522537563 0.7018989983305509 0.4021807178631052 0.7005947412353923 0.4032241235392321 0.6961602671118531 0.4021807178631052 0.6922474958263772
6 0.5531827176781003 0.6372856200527705 0.5482354881266491 0.6385224274406333 0.5461741424802111 0.6447064643799473 0.5490600263852243 0.6492414248021108 0.5540072559366754 0.648004617414248 0.5573054089709762 0.6434696569920845
6 0.6496536939313984 0.5857519788918205 0.6451187335092349 0.5861642480211081 0.6434696569920845 0.5911114775725593 0.6471800791556729 0.5935850923482849 0.6504782321899736 0.5923482849604221
6 0.6644953825857519 0.5919360158311345 0.6595481530343008 0.5919360158311345 0.6570745382585752 0.5964709762532981 0.6595481530343008 0.600593667546174 0.6632585751978891 0.5989445910290238 0.6665567282321899 0.5960587071240105
6 0.679749340369393 0.5688489445910291 0.6764511873350924 0.5688489445910291 0.6743898416886543 0.572971635883905 0.6764511873350924 0.5762697889182058 0.6801616094986807 0.5758575197889182 0.6818106860158311 0.5733839050131926
6 0.6673812664907651 0.6249175461741425 0.662434036939314 0.6261543535620053 0.6620217678100264 0.6306893139841689 0.6661444591029023 0.633575197889182 0.6702671503957783 0.6323383905013192 0.6715039577836411 0.6282156992084433
6 0.5779188654353562 0.6673812664907651 0.5737961741424802 0.6677935356200527 0.5721470976253298 0.6727407651715039 0.575032981530343 0.6764511873350924 0.5783311345646438 0.6756266490765171 0.5808047493403694 0.6719162269129287
6 0.5824538258575198 0.6187335092348285 0.5783311345646438 0.6179089709762533 0.577094327176781 0.6220316622691293 0.5799802110817942 0.6261543535620053 0.5841029023746702 0.6253298153034301 0.5849274406332453 0.6224439313984169
6 0.5878133245382585 0.5820415567282322 0.5828660949868074 0.581217018469657 0.581217018469657 0.5853397097625329 0.5871459694989107 0.5857843137254902
18 0.5289351851851852 0.46391612200435733 0.5245098039215687 0.46561819172113295 0.5224673202614379 0.4693627450980392 0.5251906318082789 0.4737881263616558 0.5299564270152506 0.4734477124183007 0.5330201525054467 0.47038398692810457 0.5319989106753813 0.4666394335511983
6 0.6341230936819172 0.6300381263616558 0.6283360566448801 0.6296977124183007 0.6252723311546842 0.633442265795207 0.6273148148148148 0.6378676470588236 0.6320806100217865 0.6371868191721133 0.6351443355119826 0.6351443355119826
6 0.6245915032679739 0.6542075163398693 0.6201661220043573 0.6531862745098039 0.6174428104575164 0.6569308278867102 0.6194852941176471 0.6610157952069717 0.6239106753812635 0.6606753812636166 0.6266339869281046 0.658973311546841
6 0.7233115468409587 0.5912309368191722 0.7178649237472767 0.5919117647058824 0.7185457516339869 0.5956563180827887 0.7233115468409587 0.5966775599128541 0.7260348583877996 0.5953159041394336
6 0.7124183006535948 0.5868055555555556 0.7086737472766884 0.5881672113289761 0.7083333333333333 0.5929330065359477 0.713099128540305 0.5936138344226579 0.7165032679738562 0.5905501089324618
6 0.6998229847494554 0.5868055555555556 0.6967592592592593 0.5868055555555556 0.6964188453159041 0.590890522875817 0.7001633986928104 0.5919117647058824 0.7035675381263616 0.5891884531590414
6 0.6399101307189542 0.5970179738562091 0.6354847494553377 0.5963371459694989 0.6324210239651415 0.5987200435729847 0.6351443355119826 0.6024645969498911 0.6395697167755992 0.6031454248366013 0.6422930283224402 0.6004221132897604
6 0.6610157952069717 0.6048474945533769 0.6555691721132898 0.6062091503267973 0.6542075163398693 0.6099537037037037 0.6586328976034859 0.6113153594771241 0.6633986928104576 0.6099537037037037
6 0.6245915032679739 0.616421568627451 0.6208469498910676 0.616421568627451 0.6191448801742919 0.6198257080610021 0.6225490196078431 0.6232298474945533 0.6266339869281046 0.6211873638344227
6 0.6984613289760349 0.5663807189542485 0.6940359477124183 0.568082788671024 0.6933551198257081 0.5718273420479303 0.6984613289760349 0.5718273420479303 0.7011846405228759 0.5704656862745099
6 0.6300381263616558 0.5861247276688453 0.6266339869281046 0.5868055555555556 0.6259531590413944 0.5905501089324618 0.6286764705882353 0.5936138344226579 0.6324210239651415 0.5915713507625273 0.6327614379084967 0.5881672113289761
18 0.7897954805491991 0.5809854118993135 0.7862199656750571 0.5817005148741419 0.7851473112128147 0.5863486842105263 0.7880077231121281 0.5892090961098397 0.7922983409610984 0.5863486842105263 0.7937285469107551 0.5831307208237986
0 0.5020868113522537 0.7128547579298832 0.4963480801335559 0.7144198664440735 0.491652754590985 0.7175500834724541 0.48800083472454087 0.7235496661101836 0.48669657762938234 0.7311143572621035 0.49113105175292154 0.7373747913188647 0.4992174457429049 0.7399833055091819 0.5070429883138564 0.7373747913188647 0.5114774624373957 0.7318969115191987 0.5133034223706177 0.7251147746243739 0.5106949081803005 0.7188543405676127 0.506521285475793 0.7144198664440735
0 0.4003547579298831 0.6901606844741235 0.39565943238731227 0.6893781302170284 0.39200751252086813 0.6932909015025042 0.3922683639398999 0.6982470784641068 0.39461602671118534 0.7011164440734557 0.3993113522537563 0.7018989983305509 0.4021807178631052 0.7005947412353923 0.4032241235392321 0.6961602671118531 0.4021807178631052 0.6922474958263772
0 0.5245200333889816 0.572516694490818 0.5208681135225375 0.5722558430717863 0.5182595993322203 0.5738209515859766 0.5185204507512521 0.5782554257095158 0.5216506677796328 0.5813856427378965 0.5250417362270451 0.5803422370617696 0.5273893989983305 0.5766903171953255
