13 0.5386904761904762 0.5004960317460317 0.5327380952380952 0.5009920634920635 0.5267857142857143 0.5049603174603174 0.5248015873015873 0.511904761904762 0.5262896825396826 0.5198412698412699 0.5367063492063492 0.5243055555555556 0.5441468253968254 0.5243055555555556 0.5486111111111112 0.5168650793650793 0.5481150793650793 0.509920634920635 0.545138888888889 0.5049603174603174
13 0.46825396825396826 0.535218253968254 0.4623015873015873 0.5372023809523809 0.4583333333333333 0.5436507936507937 0.4608134920634921 0.5496031746031746 0.46924603174603174 0.5505952380952381 0.47619047619047616 0.5486111111111112 0.4756944444444445 0.5406746031746031
13 0.45284980430528377 0.6626100782778865 0.4442881604696673 0.6626100782778865 0.437866927592955 0.6662793542074363 0.43603228962817997 0.6742294520547945 0.43756115459882583 0.6800391389432485 0.44642857142857145 0.6824853228962817 0.4549902152641878 0.6815680039138943 0.461105675146771 0.6772871819960861 0.461105675146771 0.671477495107632 0.4568248532289628 0.6671966731898238
14 0.5653742661448141 0.5607876712328766 0.5610934442270058 0.5620107632093932 0.5601761252446184 0.567208904109589 0.5629280821917808 0.5711839530332681 0.5687377690802349 0.5724070450097847 0.5705724070450098 0.5678204500978473 0.5693493150684932 0.5644569471624266
2 0.2253546966731898 0.5806629158512719 0.22382583170254403 0.586472602739726 0.23085861056751464 0.5855552837573386
2 0.1981409001956947 0.4788405088062622 0.19569471624266144 0.4815924657534246 0.1975293542074364 0.48648483365949113 0.20211594911937375 0.4855675146771037 0.20456213307240706 0.4822040117416829 0.2018101761252446 0.47914628180039137
2 0.19875244618395302 0.5662915851272016 0.1950831702544031 0.5687377690802349 0.19661203522504891 0.5721012720156555 0.19997553816046965 0.5714897260273972 0.20119863013698627 0.569043542074364
2 0.17490215264187864 0.5406066536203522 0.17215019569471623 0.5418297455968688 0.17031555772994128 0.5467221135029354 0.17490215264187864 0.547945205479452
2 0.17184442270058706 0.5809686888454012 0.1687866927592955 0.5831090998043053 0.1693982387475538 0.5883072407045009 0.17245596868884538 0.5873899217221135 0.17337328767123286 0.5846379647749511
2 0.2394202544031311 0.5727128180039138 0.23636252446183953 0.5742416829745596 0.237279843444227 0.5782167318982387 0.2409491193737769 0.5776051859099803 0.24278375733855184 0.5751590019569471 0.24278375733855184 0.5751590019569471
2 0.24920499021526415 0.5237891389432485 0.24645303326810172 0.5244006849315068 0.24706457925636008 0.5283757338551859 0.2504280821917808 0.5274584148727983
0 0.46825396825396826 0.535218253968254 0.4623015873015873 0.5372023809523809 0.4583333333333333 0.5436507936507937 0.4608134920634921 0.5496031746031746 0.46924603174603174 0.5505952380952381 0.47619047619047616 0.5486111111111112 0.4756944444444445 0.5406746031746031
0 0.5386904761904762 0.5004960317460317 0.5327380952380952 0.5009920634920635 0.5267857142857143 0.5049603174603174 0.5248015873015873 0.511904761904762 0.5262896825396826 0.5198412698412699 0.5367063492063492 0.5243055555555556 0.5441468253968254 0.5243055555555556 0.5486111111111112 0.5168650793650793 0.5481150793650793 0.509920634920635 0.545138888888889 0.5049603174603174
0 0.45284980430528377 0.6626100782778865 0.4442881604696673 0.6626100782778865 0.437866927592955 0.6662793542074363 0.43603228962817997 0.6742294520547945 0.43756115459882583 0.6800391389432485 0.44642857142857145 0.6824853228962817 0.4549902152641878 0.6815680039138943 0.461105675146771 0.6772871819960861 0.461105675146771 0.671477495107632 0.4568248532289628 0.6671966731898238
9 0.5653742661448141 0.5607876712328766 0.5610934442270058 0.5620107632093932 0.5601761252446184 0.567208904109589 0.5629280821917808 0.5711839530332681 0.5687377690802349 0.5724070450097847 0.5705724070450098 0.5678204500978473 0.5693493150684932 0.5644569471624266
