6 0.31310614224137934 0.42793642241379315 0.3215247844827586 0.43770204741379315 0.32926993534482757 0.43669181034482757 0.32859644396551724 0.4329876077586207 0.32253502155172414 0.43130387931034486
6 0.3154633620689655 0.44982489224137934 0.3154633620689655 0.45959051724137934 0.3211880387931035 0.46430495689655177 0.3265759698275862 0.46295797413793105 0.3218615301724138 0.4592537715517241 0.3181573275862069 0.45453933189655177
6 0.31265624999999997 0.46421875 0.3128125 0.46875 0.318125 0.4684375 0.31765625000000003 0.46656250000000005
6 0.36546875 0.45390625 0.3671875 0.45625 0.37140625 0.45359375 0.36984374999999997 0.4503125
6 0.3603125 0.4640625 0.36328125 0.46312499999999995 0.36546875 0.46578125000000004 0.36375 0.4684375
6 0.33484375 0.45843749999999994 0.3375 0.45765625 0.34078125 0.45999999999999996 0.33828125 0.46125
6 0.33765625 0.43062500000000004 0.33781249999999996 0.43375 0.34109375000000003 0.4378125 0.34578125000000004 0.4371875
6 0.31234375000000003 0.43390625 0.31296875 0.43734375 0.3159375 0.43671875
6 0.37828125 0.43453125000000004 0.38109375 0.43218750000000006 0.3853125 0.43328125 0.38765625 0.43609375000000006 0.38359375 0.43703125 0.381875 0.44125 0.37953125 0.43968749999999995 0.3803125 0.43656249999999996
6 0.38375 0.44406249999999997 0.38203125 0.44953125 0.385 0.45015625000000004 0.38687499999999997 0.44609375
6 0.2996875 0.43828125 0.29984375 0.441875 0.29828125 0.44546875 0.29921875 0.44984375 0.30281250000000004 0.44625000000000004 0.3025 0.44265625000000003
6 0.28734375 0.4346875 0.28734375 0.43984375 0.2890625 0.44265625000000003 0.2915625 0.4421875 0.2915625 0.43859375 0.2896875 0.43703125
6 0.3615625 0.44640625 0.35750000000000004 0.44984375 0.36265625 0.45187499999999997
6 0.34968750000000004 0.4371875 0.350625 0.4409375 0.35453125 0.43796875
6 0.3234375 0.4503125 0.32546875000000003 0.44828124999999996 0.32796875000000003 0.45125000000000004 0.32734375 0.45375 0.3253125 0.45328125
6 0.325625 0.4671875 0.3284375 0.46656250000000005 0.33203125 0.46890625 0.33999999999999997 0.47015624999999994 0.33890625 0.473125 0.33234375 0.4725 0.328125 0.47125000000000006
6 0.40671875 0.4446875 0.40953125 0.44312500000000005 0.41218750000000004 0.44749999999999995 0.4125 0.45078125 0.40734375 0.45062499999999994 0.40890624999999997 0.4490625
6 0.42765624999999996 0.42406249999999995 0.425625 0.43125 0.43140625000000005 0.43093750000000003 0.43203125 0.42515625
6 0.37124999999999997 0.4615625 0.37421875 0.4659375 0.3803125 0.46375 0.3765625 0.4578125
6 0.38125 0.47515625000000006 0.385 0.4721875 0.3909375 0.47484374999999995 0.38734375 0.47859375000000004
6 0.39515625 0.46984375 0.395625 0.47359375000000004 0.39968750000000003 0.4728125 0.39953125 0.46875
6 0.40109374999999997 0.46312499999999995 0.40046875000000004 0.46624999999999994 0.4034375 0.4659375 0.40406250000000005 0.4640625
6 0.3921875 0.46359374999999997 0.39515625 0.46375 0.40015625000000005 0.4625 0.399375 0.45890624999999996 0.39640624999999996 0.45875000000000005 0.39265625000000004 0.460625
6 0.40140624999999996 0.44718749999999996 0.40203125 0.45046875000000003 0.40437500000000004 0.4496875 0.40359375000000003 0.44734375000000004
6 0.40171875 0.44046874999999996 0.40328125000000004 0.44421875 0.406875 0.44281249999999994 0.40609375 0.43937499999999996
6 0.40843749999999995 0.45453124999999994 0.4125 0.45640625 0.41546874999999994 0.45484375000000005 0.42046875000000006 0.45484375000000005 0.41953125 0.45171875000000006 0.41515625 0.4515625
6 0.4265625 0.4375 0.42703125000000003 0.4415625 0.43015625 0.44046874999999996 0.42953125 0.43765625
6 0.33640625 0.44281249999999994 0.33421875 0.448125 0.33734375 0.44765625
6 0.3492033383915023 0.4902788315629743 0.33805955993930203 0.4852996965098635 0.3473065250379363 0.495257966616085 0.35347116843702586 0.493361153262519 0.35228566009104706 0.4893304248861912
6 0.35394537177541735 0.46751707132018216 0.3570276934749621 0.47202200303490144 0.3563163884673749 0.4758156297420334 0.36011001517450686 0.47984635811836124 0.36224393019726864 0.47723823975720797 0.3624810318664644 0.48648520485584223 0.3688827769347497 0.4890933232169955 0.3686456752655539 0.4836399848254932 0.3672230652503794 0.4765269347496207 0.36224393019726864 0.47391881638846745 0.36224393019726864 0.4715477996965099 0.35939871016691965 0.4698880880121396
6 0.33545144157814877 0.4658573596358119 0.331420713201821 0.4815060698027315 0.33687405159332323 0.4793721547799697 0.339007966616085 0.46893968133535663 0.339007966616085 0.46562025796661616
6 0.45320825932504444 0.42156971580817054 0.45459591474245115 0.4260102131438721 0.4609791296625222 0.4240674955595026 0.45737122557726473 0.42156971580817054
6 0.45348579040852577 0.44349467140319715 0.45626110124333924 0.45043294849023086 0.462366785079929 0.44932282415630553 0.46181172291296624 0.4437722024866785
6 0.4254551509769094 0.4709702486678508 0.41851687388987563 0.4745781527531084 0.42156971580817054 0.4784635879218473 0.4279529307282416 0.4754107460035524
6 0.24241955445544558 0.4156868811881188 0.24264055869872703 0.4194439533239039 0.24706064356435647 0.42032797029702973 0.25015470297029707 0.41480286421499296 0.24772365629420084 0.41347683875530417
6 0.2223081683168317 0.4397763437057992 0.2216451555869873 0.4470694837340877 0.22518122347949085 0.4461854667609618 0.22562323196605377 0.441102369165488
6 0.2676140381895333 0.42916814002828857 0.2709291018387553 0.4311571782178218 0.2733601485148515 0.4280631188118812 0.2724761315417256 0.4254110678925035 0.26695102545968885 0.42519006364922207
6 0.1883387653374233 0.41840011503067487 0.19025594325153375 0.42487059049079756 0.20966736963190186 0.4231930598159509 0.20463477760736196 0.4212758819018405 0.19792465490797545 0.41887940950920244
6 0.21230348926380369 0.4025833972392638 0.2137413726993865 0.4056988113496932 0.22524444018404907 0.4066574003067484 0.22548408742331288 0.403541986196319
6 0.2137413726993865 0.4078556365030675 0.21350172546012272 0.41073140337423314 0.2271616180981595 0.4102521088957055 0.22524444018404907 0.4078556365030675
4 0.2696269487750557 0.3949053452115813 0.276238864142539 0.40430122494432075 0.29537861915367486 0.41230512249443213 0.3148663697104678 0.4185690423162584 0.3312221603563475 0.4164810690423163 0.3479259465478842 0.4161330734966593 0.3604537861915368 0.41230512249443213 0.3632377505567929 0.40638919821826286 0.3601057906458798 0.39768930957683746 0.3465339643652562 0.3987332962138085 0.33296213808463254 0.3983853006681515 0.3159103563474388 0.39699331848552344 0.297814587973274 0.3949053452115813 0.28667873051224946 0.3935133630289533 0.28076280623608024 0.3917733853006682
