0 0.44723066531577177 0.2909430438842203 0.44325744482190044 0.29374416433239964 0.4449957287879691 0.29785247432306255 0.4494656018435743 0.29897292250233426 0.4539354748991795 0.29654528478057884 0.4539354748991795 0.29318394024276373 0.4517005383713769 0.29112978524743227
0 0.51999026560979 0.23286647992530346 0.5165136976776527 0.23398692810457514 0.5155203925541847 0.23809523809523808 0.5170103502393866 0.2418300653594771 0.5222252021375926 0.2414565826330532 0.5239634861036613 0.2379084967320261 0.5237151598227944 0.23510737628384687
0 0.5162653713967856 0.353688141923436 0.5108021932177126 0.3514472455648926 0.5103055406559787 0.35518207282913167 0.5132854560263822 0.3594771241830065 0.5182519816437212 0.357796451914099
0 0.5619574070763057 0.3101774042950513 0.5584808391441684 0.31111111111111106 0.5597224705485031 0.31447245564892623 0.5644406698849752 0.3142857142857143 0.5654339750084431 0.31204481792717087
0 0.5609641019528377 0.27544351073762835 0.5569908814589665 0.2756302521008403 0.5559975763354987 0.27861811391223157 0.5607157756719708 0.28179271708683473 0.5644406698849752 0.28029878618113907 0.5639440173232413 0.2776844070961718
0 0.6538381309970797 0.5637721755368814 0.6496165842223414 0.5660130718954248 0.651603194469277 0.5701213818860877 0.6565697200866162 0.5695611577964519 0.6580596777718178 0.5663865546218486
0 0.6958052724635954 0.596265172735761 0.6910870731271231 0.5973856209150327 0.6898454417227884 0.6016806722689075 0.6923287045314579 0.6061624649859944 0.698040208991398 0.6067226890756302 0.7027584083278701 0.6046685340802987 0.7027584083278701 0.6013071895424836 0.7012684506426684 0.5990662931839401
0 0.7097115441921449 0.6179271708683473 0.703503387170471 0.6171802054154996 0.7020134294852692 0.6199813258636787 0.7037517134513379 0.6244631185807656 0.7099598704730119 0.6276377217553688 0.7171613326181536 0.626890756302521 0.7176579851798874 0.623155929038282 0.715423048652085 0.6201680672268908
0 0.3935921886485091 0.5325863678804855 0.38887398931203687 0.534640522875817 0.3871357053459682 0.5394957983193277 0.3898672944355047 0.5437908496732026 0.3955787988954447 0.5450980392156862 0.40029699823191695 0.5439775910364145 0.40327691360232043 0.5404295051353875 0.4025319347597195 0.5368814192343604 0.40054532451278385 0.534640522875817
16 0.6523305647210528 0.5629827688651218 0.6513824098304699 0.5568033273915627 0.6570713391739674 0.5532382650029708 0.662760268517465 0.5544266191325014 0.6665528880797967 0.5587046939988116 0.6656047331892138 0.565359477124183 0.6618121136268821 0.5686868686868687 0.6570713391739674 0.567498514557338
16 0.6738220755742658 0.5808080808080808 0.6659207848194081 0.5831847890671419 0.6656047331892138 0.5879382055852644 0.6652886815590194 0.5938799762329173 0.6731899723138771 0.595068330362448 0.6804591598083463 0.5910279263220439 0.6782467983969861 0.5867498514557338 0.6839357277404836 0.5817587641117052 0.6855159858914552 0.5762923351158645 0.6807752114385406 0.5758169934640522
16 0.7149087874995259 0.5413547237076649 0.7111161679371942 0.5356506238859179 0.7051111869635024 0.5335115864527629 0.7013185674011706 0.5392156862745098 0.7022667222917536 0.545632798573975 0.7076396000050568 0.5520499108734402 0.7155408907599146 0.5549019607843136 0.7237582331449666 0.5544266191325014 0.7303953173790471 0.5510992275698157 0.7288150592280754 0.5472964943553178 0.7348200402017674 0.5442067736185383 0.7376645048735161 0.5389780154486036 0.7338718853111844 0.5389780154486036 0.7266026978167153 0.5420677361853832
16 0.4592230186723303 0.3390968508615567 0.44563279857397503 0.3364824717765894 0.4329907333662027 0.3352941176470588 0.42034866815843036 0.339572192513369 0.41276342903376695 0.34551396316102195 0.41118317088279543 0.3538324420677361 0.41181527414318403 0.3612002376708259 0.41687210022629295 0.36642899584076055 0.4254054942415393 0.3680926916221034 0.43520309477756286 0.3642899584076054 0.4421562306418376 0.3607248960190136 0.44910936650611244 0.3557338086749851 0.45385014095902704 0.34907902554961373 0.46807246431777094 0.3464646464646464 0.46712430942718797 0.34028520499108733
16 0.5135838990657513 0.34313725490196073 0.5003097305975904 0.34076054664289956 0.4851392523482636 0.3405228758169934 0.4766058583330173 0.3405228758169934 0.4769219099632115 0.34551396316102195 0.4914602849521498 0.34860368389780155 0.49778131755603594 0.35335710041592394 0.49651711103525864 0.3569221628045157 0.4864034588690408 0.3590612002376708 0.47502560018204565 0.3640522875816993 0.4677564126875766 0.3721330956625074 0.47091692898951965 0.3728461081402258 0.47534165181224 0.3690433749257278 0.48988002680117815 0.3647653000594177 0.4996776273372018 0.3626262626262626 0.5063147115712823 0.3597742127153892 0.5176925702582773 0.35549613784907896 0.5297025322056611 0.3557338086749851 0.5420285457832391 0.36096256684491973 0.552142197949457 0.36357694592988704 0.5635200566364521 0.3638146167557932 0.5682608310893668 0.36238859180035643 0.560359540334509 0.35811051693404633 0.5492977332777083 0.3531194295900178 0.5391840811114903 0.347653000594177 0.5290704289452725 0.343612596553773 0.5243296544923578 0.3419489007724302
16 0.4254054942415393 0.24188948306595365 0.4140276355545442 0.2411764705882353 0.40612634479968646 0.24997029114676173 0.41971656489804177 0.25163398692810457 0.4314104752152312 0.2506833036244801 0.433306784996397 0.2437908496732026 0.4304623203246482 0.24093879976232918
16 0.4405759724908661 0.2934640522875817 0.425089442611345 0.29275103980986333 0.43488704314736853 0.3029708853238265 0.4525859344382498 0.3041592394533571 0.45416619258922136 0.2958407605466429
16 0.6027104587805464 0.39257278669043366 0.5711052957611155 0.3975638740344622 0.6001820457389919 0.4137254901960784 0.6052388718221008 0.4125371360665478
16 0.4279339072830938 0.5263814616755793 0.4225610295697905 0.5323232323232323 0.42698575239251085 0.5335115864527629 0.4257215458717336 0.5394533571004159 0.433306784996397 0.5420677361853832 0.43994386923047746 0.53184789067142
16 0.4032818801279377 0.5765300059417706 0.39727689915424585 0.5817587641117052 0.39696084752405153 0.5879382055852644 0.403597931758132 0.5869875222816399 0.407706602950658 0.5822341057635174 0.407706602950658 0.5781937017231135
16 0.3331184182248012 0.5432560903149137 0.3271134372511093 0.5458704693998812 0.3296418502926638 0.5530005941770647 0.3394394508286874 0.5508615567439097 0.33754314104752153 0.5465834818775994 0.34007155408907597 0.5439691027926321
16 0.3577704453799573 0.5363636363636364 0.35018520625529387 0.5385026737967914 0.34923705136471095 0.5444444444444444 0.35239756766665403 0.5494355317884729 0.35808649701015155 0.5472964943553178 0.3593507035309288 0.5427807486631016
16 0.425089442611345 0.7626262626262627 0.4254054942415393 0.769281045751634 0.4288820621736767 0.7752228163992869 0.43583519803795145 0.7740344622697564 0.4361512496681458 0.7704693998811646 0.43267468173600837 0.7664289958407606
16 0.4212968230490133 0.7010695187165776 0.41592394533571003 0.7048722519310754 0.4184523583772645 0.7122400475341653 0.42666970076231653 0.7136660724896019 0.4298302170642596 0.7101010101010101 0.4282499589132881 0.7034462269756387
16 0.6558071326531902 0.7215092097445038 0.6475897902681381 0.7241235888294713 0.6447453255963894 0.7305407011289364 0.6479058418983324 0.7362448009506833 0.6595997522155219 0.737433155080214 0.6662368364496024 0.7333927510398098 0.6662368364496024 0.7276886512180629 0.6605479071061048 0.7226975638740344
8 0.3453777613650351 0.2657320872274143 0.34206364987832477 0.26804628393413443 0.34253709437642627 0.2717846016911437 0.34632465036123816 0.2737427681352915 0.34845515060269483 0.2712505562972853 0.34845515060269483 0.26840231419670674
8 0.3193383139694534 0.27338673787271917 0.3164976469808444 0.27712505562972856 0.3200484807166056 0.27908322207387626 0.3231258699542653 0.2767690253671562
8 0.3726008200058707 0.2904761904761905 0.370470319764414 0.29350244770805517 0.37331098675302293 0.29492656875834444 0.3768618204887841 0.2929684023141967 0.37662509823973334 0.291010235870049
8 0.3536630400818112 0.3114819759679573 0.35011220634605006 0.3148642634623943 0.3522427065875067 0.3193146417445483 0.3565037070704201 0.31895861148197596 0.3588709295609276 0.3152202937249666 0.3579240405647246 0.31308411214953275
8 0.4197085475669687 0.3164663996439697 0.4159209915821568 0.31895861148197596 0.41899838081981644 0.3230529595015576 0.42254921455557765 0.31984868713840675 0.42207577005747615 0.316822429906542
8 0.46634283062996523 0.31949265687583445 0.46444905263755926 0.31557632398753893 0.46018805215464587 0.316822429906542 0.46042477440369667 0.322340898976413 0.46468577488661006 0.32518914107699154 0.46847333087142196 0.32412105028927457 0.46871005312047265 0.3209167779261237
8 0.4050317681258226 0.31379617267467735 0.40077076764290925 0.31539830885625275 0.4029012678843659 0.31984868713840675 0.40739899061633 0.3193146417445483 0.40834587961253305 0.3164663996439697
8 0.47202416460718305 0.27819314641744547 0.46586938613186374 0.27961726746773474 0.4672897196261683 0.28335558522474413 0.4736812203505382 0.2846016911437472 0.48054616557300983 0.2829995549621718 0.4819664990673143 0.2799732977303071 0.47959927657680684 0.2773030707610147
8 0.5323883381151228 0.26306186025812195 0.5323883381151228 0.2694704049844237 0.5461182285600659 0.2719626168224299 0.5444611728167107 0.2662661326212728 0.5394900055866451 0.2660881174899866
8 0.48457044380687253 0.3164663996439697 0.47699533183724874 0.31895861148197596 0.48125633232016213 0.32038273253226524 0.48291338806351736 0.32340898976412996 0.4890681665388366 0.31984868713840675
8 0.4040848791296196 0.3275033377837116 0.3988769896505033 0.32785936804628396 0.4012442121410107 0.3321317311971518 0.40763571286538075 0.3314196706720071
8 0.4961698340103589 0.3205607476635514 0.49806361200276494 0.32572318647085 0.5023246124856783 0.32429906542056075 0.501614445738526 0.32020471740097906
8 0.45782082966413845 0.34993324432576767 0.45782082966413845 0.35331553182020464 0.4635021636413564 0.3534935469514908 0.46421233038850857 0.3486871384067645
8 0.3709437642625155 0.5238540275923452 0.3737844312511244 0.529016466399644 0.38206970996790046 0.5267022696929239 0.3789923207302408 0.5233199821984869
8 0.3894080996884735 0.522429906542056 0.39059171093372724 0.52688028482421 0.3936691001713869 0.5267022696929239 0.3960363226618943 0.523497997329773
8 0.34040659413496954 0.5719181130396083 0.3413534831311725 0.5753004005340454 0.3451410391159844 0.5751223854027592 0.3451410391159844 0.5722741433021806
8 0.43296499351381035 0.5630173564753004 0.43556893825336856 0.569247886070316 0.4405401054834342 0.5688918558077436 0.4433807724720431 0.5658655985758789 0.43911977198912966 0.564797507788162 0.4362791050005208 0.5612372051624388
8 0.4741546648486397 0.5236760124610591 0.46965694211667564 0.529016466399644 0.47131399786003086 0.5320427236315086 0.4779422208334516 0.5272363150867824 0.4814930545692128 0.5299065420560747 0.4814930545692128 0.5197596795727636 0.47273433135433535 0.5199376947040498
8 0.4938026115198515 0.5222518914107699 0.4897783332859888 0.5229639519359145 0.4890681665388366 0.5254561637739207 0.4964065562594097 0.5259902091677793
8 0.46468577488661006 0.5345349354695149 0.46752644187521897 0.5388072986203827 0.47084055336192937 0.5363150867823764 0.4698936643657263 0.5340008900756564
8 0.5139240026891647 0.49216733422340897 0.5155810584325199 0.4983978638184245 0.5193686144173318 0.49910992434356916 0.5210256701606871 0.4953716065865598 0.519131892168281 0.49216733422340897 0.5165279474287229 0.49020916777926116
8 0.6235264039996591 0.522429906542056 0.6261303487392172 0.5197596795727636 0.6318116827164352 0.5233199821984869 0.6294444602259277 0.5261682242990654
8 0.6329952939616889 0.5172674677347574 0.6329952939616889 0.5218958611481976 0.6363094054483992 0.5229639519359145 0.63654612769745 0.5167334223408989
8 0.5768921209366626 0.48860703159768576 0.5714475092084954 0.4907432131731197 0.5733412872009014 0.4919893190921228 0.5790226211781193 0.49216733422340897 0.5818632881667282 0.49109924343569195
8 0.6682669090702498 0.5238540275923452 0.6585612968591692 0.5236760124610591 0.6618754083458797 0.5274143302180685 0.6658996865797422 0.5288384512683578 0.6663731310778437 0.5336448598130841 0.6720544650550616 0.532398753894081 0.674421687545569 0.529016466399644 0.6730013540512645 0.5256341789052069
8 0.7137175808879924 0.5286604361370716 0.7182153036199567 0.5341789052069426 0.729814693823443 0.5341789052069426 0.7291045270762908 0.5318647085002225 0.7229497486009715 0.5316866933689364 0.719635637114261 0.5275923453493546
8 0.6789194102775331 0.5658655985758789 0.6741849652965183 0.5655095683133066 0.674421687545569 0.5683578104138851 0.6819967995151928 0.5690698709390297 0.6803397437718376 0.5624833110814419
8 0.361238152051435 0.5505562972852692 0.363131930043841 0.554828660436137 0.36904998627010954 0.5553627058299955 0.3683398195229573 0.5510903426791277
8 0.4999573899951708 0.55376056964842 0.4921455557764963 0.5535825545171339 0.4862274995502277 0.5601691143747218 0.4881212775426336 0.562661326212728 0.5009042789913738 0.5574988874054294
8 0.5049285572252366 0.5441477525589675 0.5009042789913738 0.5462839341344013 0.502561334734729 0.5519804183355584 0.5068223352176424 0.5516243880729862
8 0.5205522256625856 0.5482421005785492 0.518185003172078 0.5542946150422786 0.5214991146587885 0.554828660436137 0.5231561704021438 0.5526924788607032 0.5281273376322094 0.5525144637294169 0.5278906153831586 0.5485981308411215
8 0.6275506822335217 0.3061415220293725 0.6249467374939636 0.31112594570538493 0.6282608489806739 0.3184245660881175 0.6341789052069425 0.3171784601691144 0.6318116827164352 0.3109479305740988
16 0.6367828499465008 0.23440142412105028 0.6322851272145367 0.23279928793947485 0.6251834597430143 0.232977303070761 0.6235264039996591 0.23689363595905655 0.6251834597430143 0.24205607476635513 0.639386794686059 0.2425901201602136 0.640333683682262 0.24027592345349352 0.6431743506708708 0.24312416555407212 0.6519330738857483 0.23956386292834891 0.6443579619161246 0.232977303070761
16 0.6834171330094972 0.2335113484646195 0.6782092435303809 0.23671562082777037 0.6815233550170913 0.24080996884735204 0.6876781334924107 0.24063195371606586 0.6950165232129837 0.24365821094793058 0.6962001344582375 0.24027592345349352 0.6876781334924107 0.2352914997774811 0.6853109110019032 0.2278148642634624 0.6817600772661421 0.22852692478860703
16 0.6221060705053547 0.2561192701379617 0.6232896817506084 0.26252781486426346 0.6197388480148471 0.26662216288384516 0.626367070988268 0.2719626168224299 0.6325218494635874 0.26412995104583886 0.6329952939616889 0.2557632398753894
8 0.6609285193496767 0.261993769470405 0.663295741840184 0.2662661326212728 0.6696872425645541 0.266444147752559 0.6682669090702498 0.26217178460169116
8 0.6029315683322444 0.27036048064085444 0.6000909013436355 0.27231864708500225 0.6036417350793966 0.27338673787271917 0.6071925688151578 0.27303070761014686 0.6055355130718026 0.2710725411659991
8 0.6962001344582375 0.2281708945260347 0.7047221354240641 0.23422340898976413 0.7075628024126732 0.229595015576324 0.6995142459449479 0.2247886070315977
8 0.6898086337338674 0.23422340898976413 0.6950165232129837 0.23155318202047173 0.6917024117262733 0.23012906097018246 0.6890984669867151 0.23155318202047173
16 0.4743913870976905 0.29332443257676905 0.4743913870976905 0.29795282599020917 0.46871005312047265 0.2972407654650645 0.4698936643657263 0.3027592345349355 0.4814930545692128 0.302225189141077 0.4810196100711113 0.29279038718291056
16 0.45663721841888477 0.25166889185580776 0.4519027734378699 0.2580774365821095 0.45711066291698627 0.261993769470405 0.46373888589040707 0.26412995104583886 0.46894677536952345 0.26288384512683577 0.47581172059199495 0.2600356030262572 0.47510155384484276 0.25772140631953716 0.4670529973771175 0.25825545171339565 0.46373888589040707 0.2554072096128171 0.46397560813945776 0.24988874054294616 0.45758410741508776 0.2482866043613707
8 0.49072522228219184 0.4626168224299065 0.45355982918122506 0.49216733422340897 0.4819664990673143 0.486648865153538 0.49096194453124264 0.5005340453938585 0.5084793909609976 0.4918113039608366 0.5061121684704902 0.48771695594125497 0.5089528354590991 0.4807743658210948 0.5143974471872662 0.47970627503337776 0.5214991146587885 0.4772140631953716 0.522919448153093 0.47222963951935915 0.5110833357005558 0.46777926123720515 0.4971167230065619 0.4683133066310636
8 0.6116902915471218 0.4941255006675567 0.6273139599844709 0.49483756119270134 0.6244732929958621 0.4916332888295505 0.6112168470490204 0.4909212283044058
8 0.6100332358037667 0.4964396973742768 0.610743402550919 0.49893190921228303 0.6152411252828831 0.4983978638184245 0.6145309585357309 0.49590565198041825
8 0.45308638468312357 0.5256341789052069 0.4537965514302758 0.5307966177125055 0.4561637739207833 0.5299065420560747 0.4559270516717325 0.5259902091677793
8 0.45853099641129064 0.6269247886070316 0.46042477440369667 0.6351134846461949 0.46563266388281305 0.6326212728081887 0.46539594163376224 0.6297730307076101 0.4627919968942041 0.6278148642634623
8 0.3583974850628261 0.6605696484201157 0.36052798530428276 0.664307966177125 0.36573587478339914 0.6673342234089897 0.3692867085191603 0.667690253671562 0.3692867085191603 0.6630618602581219 0.36620931928150063 0.6614597240765464 0.3636053745419424 0.6593235425011126
8 0.3553200958251664 0.6894080996884735 0.352005984338456 0.6874499332443258 0.34750826160649184 0.6874499332443258 0.35058565084415155 0.6940364931019136 0.35484665132706494 0.6968847352024922 0.3579240405647246 0.694570538495772 0.35721387381757236 0.692256341789052 0.36242176329668874 0.6894080996884735 0.3666827637796021 0.685491766800178 0.36857654177200805 0.6805073431241655 0.36715620827770357 0.6774810858923008 0.36100142980238425 0.6773030707610146 0.36100142980238425 0.6819314641744548 0.3583974850628261 0.6869158878504672
8 0.39816682290335104 0.6395638629283489 0.39864026740145253 0.644192256341789 0.40455832362772115 0.6488206497552291 0.4104763798539897 0.6477525589675122 0.4059786571220256 0.6434801958166443 0.4031379901334166 0.6393858477970626
8 0.4149741025859538 0.6498887405429461 0.40574193487297483 0.6509568313306631 0.40645210162012707 0.6589675122385402 0.40100748989195995 0.6607476635514018 0.40384815688056885 0.6657320872274143 0.41828821407266426 0.6577214063195371
8 0.3974566561561988 0.6593235425011126 0.39698321165809736 0.6651980418335558 0.3903549886846765 0.6619937694704049
8 0.752066585234213 0.6445482866043614 0.7456750845098429 0.6625278148642635 0.7525400297323144 0.6628838451268357 0.754907252222822 0.6539830885625277
8 0.7293412493253415 0.6440142412105029 0.7364429167968638 0.648642634623943 0.7369163612949653 0.6406319537160657
8 0.725316971091479 0.6484646194926569 0.7255536933405297 0.653093012906097 0.7309983050686968 0.6554072096128171 0.7309983050686968 0.6498887405429461
8 0.7153746366313477 0.6459724076546506 0.7170316923747029 0.6532710280373831 0.7217661373557177 0.6514908767245216 0.7189254703671089 0.6434801958166443
8 0.7227130263519208 0.6562972852692478 0.718688748118058 0.6619937694704049 0.7208192483595147 0.6650200267022697 0.7272107490838848 0.6618157543391188
8 0.7047221354240641 0.6612817089452603 0.7035385241788105 0.6692923898531374 0.7063791911674194 0.672140631953716 0.7073260801636224 0.663239875389408
8 0.663295741840184 0.6614597240765464 0.6580878523610677 0.6630618602581219 0.6616386860968289 0.667690253671562 0.666136408828793 0.6669781931464174 0.6666098533268945 0.6634178905206942
16 0.538014888920201 0.8024282560706402 0.5286212484148232 0.802869757174393 0.5277405946174439 0.8077262693156733 0.5336116199333051 0.8141280353200884 0.5406568503123385 0.8147902869757173 0.543592362970269 0.8101545253863134 0.543298811704476 0.8061810154525386
16 0.5419039057037258 0.7630985915492958 0.5289181899910098 0.768356807511737 0.5339126960343622 0.7736150234741784 0.5389072020777145 0.7721126760563379 0.5419039057037258 0.7766197183098592 0.5503945659774248 0.7747417840375587
16 0.5473978623514134 0.5490140845070423 0.5394066526820497 0.5516431924882629 0.5374088502647087 0.5584037558685446 0.5374088502647087 0.5644131455399061 0.5503945659774248 0.5602816901408451 0.5558885226251123 0.5572769953051643
16 0.5943462191589252 0.532112676056338 0.5698731395464989 0.5430046948356807 0.5718709419638398 0.5467605633802817 0.578863250424533 0.5426291079812207 0.5813605034462092 0.5467605633802817 0.5868544600938966 0.5463849765258215 0.5933473179502546 0.5493896713615023 0.5973429227849365 0.5448826291079811
8 0.680537086288416 0.2902777777777778 0.681922281323877 0.2960069444444445 0.6863087322695034 0.29583333333333334 0.6876939273049645 0.29826388888888894 0.684692671394799 0.2998263888888889 0.6876939273049645 0.3029513888888889 0.6939273049645389 0.3020833333333333 0.6994680851063829 0.3032986111111111 0.7006224143026004 0.30659722222222224 0.695774231678487 0.30815972222222227 0.6999298167848699 0.31302083333333336 0.7050088652482268 0.3107638888888889 0.7066249261229314 0.30520833333333336 0.7068557919621749 0.3012152777777778 0.7057014627659574 0.29305555555555557 0.7006224143026004 0.28975694444444444 0.6953124999999999 0.28836805555555556 0.688848256501182 0.2899305555555556
8 0.7521054964539006 0.2845486111111111 0.7523363622931442 0.2881944444444445 0.7557993498817966 0.2873263888888889 0.7551067523640662 0.2838541666666667
8 0.6248984190307328 0.29791666666666666 0.6242058215130023 0.303125 0.6341330526004727 0.3024305555555556 0.6329787234042552 0.29739583333333336
8 0.6532949172576832 0.3680555555555556 0.6542183806146571 0.37361111111111117 0.6634530141843971 0.3727430555555556 0.6634530141843971 0.3675347222222222
8 0.6556035756501182 0.3027777777777778 0.6544492464539006 0.30920138888888893 0.659297429078014 0.30885416666666665 0.6622986849881797 0.3055555555555556 0.6627604166666665 0.3024305555555556
8 0.702490328820116 0.3328282828282828 0.7045051579626047 0.3454545454545454 0.7132360842467225 0.33484848484848484
8 0.5177976574253169 0.3242424242424242 0.5177976574253169 0.3287878787878788 0.5305582419944123 0.3287878787878788 0.5305582419944123 0.32474747474747473
