8 0.17322284345047925 0.4118410543130991 0.1722244408945687 0.42382188498402557 0.1647364217252396 0.4363019169329074 0.17072683706070288 0.4363019169329074 0.16723242811501599 0.444788338658147 0.17671725239616615 0.4477835463258786
8 0.2106629392971246 0.4547723642172524 0.20517172523961663 0.45427316293929715 0.20117811501597446 0.46275958466453676 0.20467252396166136 0.46675319488817896 0.2126597444089457 0.4672523961661342
8 0.18320686900958466 0.48172923322683714 0.17671725239616615 0.48272763578274763 0.17671725239616615 0.49121405750798725 0.18121006389776356 0.49570686900958466 0.18520367412140576 0.49271166134185307
8 0.17472044728434505 0.45527156549520764 0.1737220447284345 0.46325878594249204 0.17871405750798725 0.46675319488817896 0.18320686900958466 0.46226038338658143 0.1822084664536741 0.45427316293929715
8 0.16873003194888178 0.4657547923322684 0.161741214057508 0.46775159744408945 0.16124201277955272 0.474241214057508 0.16773162939297126 0.4727436102236422
8 0.18670127795527158 0.4373003194888179 0.18270766773162941 0.4368011182108626 0.18121006389776356 0.44728434504792336 0.1876996805111821 0.4477835463258786 0.18520367412140576 0.4442891373801917
8 0.20467252396166136 0.5246605431309904 0.19968051118210864 0.5236621405750799 0.20317492012779553 0.536641373801917 0.20766773162939298 0.5336461661341854
8 0.20417332268370608 0.5101837060702875 0.21166134185303515 0.5066892971246006 0.2161541533546326 0.5176717252396166 0.20666932907348246 0.520167731629393
8 0.21765175718849844 0.48322683706070285 0.21166134185303515 0.4857228434504792 0.21216054313099045 0.49420926517571884 0.2211461661341853 0.4972044728434505 0.22513977635782748 0.4932108626198083 0.22414137380191695 0.4882188498402556
8 0.20167731629392974 0.49121405750798725 0.19718450479233227 0.49870207667731636 0.20467252396166136 0.4972044728434505
8 0.19019568690095848 0.5161741214057508 0.18470447284345048 0.5161741214057508 0.18570287539936103 0.5281549520766774 0.1896964856230032 0.5261581469648562
8 0.1958855098389982 0.4647808586762075 0.1925313059033989 0.4684145796064401 0.19336985688729874 0.4726073345259392 0.1981216457960644 0.47120974955277284 0.1989601967799642 0.4678555456171735
8 0.1872204830053667 0.5067084078711985 0.18777951699463327 0.5103421288014311 0.1928108228980322 0.5095035778175313 0.19169275491949908 0.5041927549194991
8 0.23921064400715567 0.47959525939177106 0.23809257602862255 0.48602415026833634 0.2442419499105546 0.4874217352415027
8 0.24452146690518783 0.48770125223613603 0.23809257602862255 0.4904964221824687 0.23781305903398925 0.4963662790697675 0.24228533094812166 0.4958072450805009
8 0.237533542039356 0.5176095706618963 0.23138416815742396 0.5139758497316638 0.2280299642218247 0.5150939177101967 0.23278175313059032 0.5190071556350626 0.22998658318425763 0.5215228085867621 0.23166368515205726 0.5271131484794276 0.23725402504472273 0.5273926654740608 0.24228533094812166 0.523479427549195 0.24060822898032203 0.5198457066189625 0.24060822898032203 0.5198457066189625
8 0.24983228980322006 0.5416480322003578 0.24452146690518783 0.540809481216458 0.2442419499105546 0.5450022361359571 0.24983228980322006 0.5461203041144902
8 0.22579382826475852 0.5410889982110912 0.22970706618962433 0.5405299642218246 0.22970706618962433 0.5444432021466905 0.22579382826475852 0.5455612701252236
8 0.21181797853309484 0.551990161001789 0.2120974955277281 0.5584190518783542 0.2162902504472272 0.5547853309481217
8 0.22998658318425763 0.5628913237924866 0.2322227191413238 0.5707177996422182 0.24256484794275496 0.5679226296958856 0.24004919499105548 0.565406976744186 0.2366949910554562 0.5648479427549196 0.23585644007155637 0.5614937388193202
8 0.25598166368515207 0.5777057245080501 0.25598166368515207 0.5835755813953488 0.26352862254025045 0.5858117173524151 0.26241055456171736 0.5796623434704831
8 0.30545617173524153 0.4896578711985689 0.3023814847942755 0.5019566189624329 0.3088103756708408 0.5027951699463328 0.31272361359570666 0.5058698568872988 0.31468023255813954 0.5044722719141325
8 0.2811381932021467 0.5089445438282648 0.2791815742397138 0.5044722719141325 0.2749888193202147 0.5047517889087657 0.2738707513416816 0.5117397137745975 0.27610688729874777 0.5125782647584973 0.27582737030411447 0.522361359570662 0.27862254025044725 0.5220818425760286 0.2819767441860465 0.5159324686940966 0.28728756708407877 0.5120192307692307
8 0.2626900715563506 0.4740049194991055 0.2607334525939177 0.4807133273703041 0.26800089445438285 0.48155187835420393 0.2668828264758497 0.4776386404293381
8 0.23837209302325585 0.5008385509838998 0.23278175313059032 0.5011180679785332 0.2366949910554562 0.5058698568872988 0.2417262969588551 0.5047517889087657 0.2439624329159213 0.5019566189624329 0.24144677996422184 0.5005590339892666
8 0.2185263864042934 0.5069879248658318 0.21768783542039358 0.5125782647584973 0.22299865831842575 0.5128577817531306
8 0.325301878354204 0.503074686940966 0.32977415026833634 0.5095035778175313 0.33228980322003576 0.5089445438282648 0.3320102862254025 0.5011180679785332
8 0.32334525939177106 0.540809481216458 0.3222271914132379 0.5497540250447227 0.3258609123434705 0.550033542039356 0.32865608228980325 0.5466793381037567 0.3294946332737031 0.5422070661896243 0.32753801431127016 0.5394118962432917
8 0.3060152057245081 0.5852526833631485 0.29986583184257604 0.5877683363148479 0.2990272808586762 0.591961091234347 0.3034995527728086 0.5925201252236136 0.3060152057245081 0.5916815742397138
8 0.2749888193202147 0.5640093917710197 0.2808586762075134 0.5634503577817531 0.28393336314847945 0.5687611806797854 0.27946109123434704 0.5682021466905188
8 0.3118850626118068 0.5712768336314848 0.31272361359570666 0.5763081395348838 0.31887298747763865 0.5768671735241503 0.31887298747763865 0.5718358676207513
8 0.2716346153846154 0.54695885509839 0.27191413237924866 0.5505925760286225 0.27974060822898034 0.550033542039356 0.27946109123434704 0.5483564400715564
8 0.37142218246869413 0.5008385509838998 0.3736583184257603 0.5069879248658318 0.37924865831842575 0.5092240608228981 0.3851185152057245 0.5067084078711985 0.3867956171735242 0.5039132379248659 0.3828823792486583 0.5002795169946334
8 0.36778846153846156 0.576587656529517 0.3708631484794276 0.588886404293381 0.37952817531305905 0.5874888193202147 0.3789691413237925 0.581618962432916 0.37533542039355994 0.5813394454382828 0.3744968694096601 0.5768671735241503
8 0.3317307692307693 0.5964333631484794 0.3269789803220036 0.5964333631484794 0.326419946332737 0.5997875670840787 0.3289355992844365 0.6028622540250448 0.33396690518783545 0.6023032200357782 0.3362030411449016 0.5992285330948122
8 0.34766323792486586 0.5771466905187836 0.3443090339892666 0.5782647584973166 0.3451475849731664 0.5844141323792487 0.3485017889087657 0.5832960644007156 0.3507379248658319 0.5746310375670841
8 0.3638752236135957 0.5427661001788909 0.35940295169946335 0.5402504472271914 0.356048747763864 0.5436046511627908 0.35716681574239717 0.5497540250447227 0.361080053667263 0.5491949910554561 0.36219812164579607 0.5458407871198568 0.3627571556350626 0.5525491949910555 0.37114266547406083 0.5533877459749552 0.3747763864042934 0.54695885509839 0.37337880143112706 0.5399709302325582 0.3683474955277281 0.5396914132379249
8 0.3289355992844365 0.5262745974955277 0.3303331842576029 0.5321444543828264 0.33452593917710194 0.5315854203935599 0.337600626118068 0.5299083184257604 0.3370415921288014 0.5257155635062613
8 0.4147473166368515 0.46394230769230776 0.4147473166368515 0.4678555456171735 0.41195214669051883 0.4709302325581396 0.41307021466905186 0.47540250447227195 0.41921958855098396 0.4731663685152057 0.4189400715563506 0.46450134168157425
8 0.42453041144901615 0.45304114490161007 0.42453041144901615 0.4625447227191414 0.42928220035778175 0.4614266547406083 0.43151833631484793 0.4589110017889088 0.4304002683363149 0.4544387298747764
8 0.4222942754919499 0.7739266547406083 0.4222942754919499 0.7834302325581396 0.42816413237924866 0.7817531305903399 0.4298412343470483 0.7764423076923077 0.4262075134168158 0.7736471377459749
8 0.4868627012522362 0.8292710196779964 0.4921735241502684 0.8337432915921287 0.4977638640429339 0.8331842576028622 0.4980433810375671 0.826755366726297 0.4890988372093023 0.8259168157423972
8 0.45779293381037567 0.7993627012522362 0.4566748658318426 0.8055120751341681 0.46170617173524153 0.8052325581395348 0.4628242397137746 0.8004807692307692
8 0.6218694096601074 0.7988036672629696 0.6201923076923077 0.8069096601073344 0.6249440966010733 0.8066301431127012 0.6246645796064401 0.8002012522361358
8 0.6397584973166369 0.7750447227191414 0.643951252236136 0.7783989266547406 0.6475849731663685 0.7753242397137746 0.643951252236136 0.7716905187835421
8 0.8547070661896242 0.4139087656529517 0.860576923076923 0.4214557245080501 0.8639311270125223 0.41726296958855097 0.8628130590339891 0.4116726296958856 0.8588998211091233 0.4085979427549195 0.8558251341681574 0.4105545617173524
8 0.8639311270125223 0.4502459749552773 0.8658877459749552 0.4600290697674419 0.8720371198568871 0.4589110017889088 0.8709190518783542 0.44884838998211096
8 0.826755366726297 0.4158653846153847 0.8275939177101967 0.4220147584973167 0.8315071556350626 0.42341234347048307 0.8320661896243291 0.4167039355992845
8 0.8379360465116278 0.43375447227191416 0.8368179785330948 0.4368291592128801 0.8348613595706619 0.43794722719141327 0.835979427549195 0.44158094812164583 0.8404516994633273 0.4418604651162791 0.8443649373881932 0.44158094812164583 0.8440854203935599 0.4373881932021467 0.8415697674418604 0.43487254025044725
8 0.8496757602862253 0.4262075134168158 0.8454830053667262 0.4270460644007156 0.8443649373881932 0.4298412343470483 0.8505143112701251 0.43179785330948117
8 0.8004807692307692 0.4589110017889088 0.8002012522361358 0.4636627906976744 0.8029964221824686 0.46813506261180676 0.8125 0.4675760286225403 0.8102638640429337 0.4608676207513417
8 0.8356999105545617 0.4835084973166369 0.8317866726296959 0.493850626118068 0.839054114490161 0.4932915921288014 0.839054114490161 0.48881932021466906 0.8429673524150267 0.4868627012522362 0.8401721824686941 0.4843470483005367
8 0.8505143112701251 0.4692531305903399 0.845203488372093 0.4720483005366726 0.8505143112701251 0.4751229874776387
8 0.8594588550983898 0.48183139534883723 0.8547070661896242 0.4863036672629696 0.8600178890876565 0.48881932021466906
8 0.8041144901610018 0.47680008944543834 0.8122204830053666 0.47540250447227195 0.8113819320214668 0.47959525939177106 0.806350626118068 0.4807133273703041
8 0.8315071556350626 0.5209637745974955 0.8320661896243291 0.5271131484794276 0.8393336314847943 0.5257155635062613 0.8382155635062611 0.5204047406082289
8 0.8387745974955276 0.5036337209302326 0.8426878354203936 0.4988819320214669 0.8477191413237926 0.5036337209302326
8 0.7445773703041145 0.47428443649373886 0.7431797853309481 0.4879807692307693 0.7535219141323792 0.4885398032200358 0.7577146690518783 0.4843470483005367 0.756317084078712 0.4787567084078712 0.7529628801431127 0.4751229874776387
8 0.7633050089445439 0.43067978533094814 0.7591122540250448 0.434593023255814 0.7621869409660108 0.4354315742397138 0.7635845259391771 0.43794722719141327 0.767497763864043 0.43627012522361364
8 0.7496086762075135 0.43850626118067976 0.75016771019678 0.44325805008944547 0.7456954382826476 0.4418604651162791
8 0.7839892665474062 0.517330053667263 0.7853868515205724 0.5287902504472272 0.790977191413238 0.5282312164579607 0.7951699463327371 0.5237589445438282 0.7948904293381037 0.51537343470483 0.7904181574239714 0.5184481216457961 0.7867844364937389 0.5164915026833632
8 0.8105433810375671 0.49413014311270126 0.8046735241502683 0.5 0.8041144901610018 0.506149373881932 0.8097048300536672 0.5086650268336315 0.8152951699463327 0.5058698568872988 0.8150156529516994 0.5008385509838998
8 0.8071891771019677 0.5335420393559929 0.8018783542039355 0.5338215563506261 0.8004807692307692 0.5385733452593918 0.8046735241502683 0.5413685152057245 0.8091457960644007 0.5396914132379249 0.8122204830053666 0.5366167262969589
8 0.8239601967799641 0.5371757602862254 0.8194879248658318 0.5352191413237926 0.8158542039355993 0.5371757602862254 0.813618067978533 0.5416480322003578 0.8166927549194991 0.5447227191413238 0.8206059928443649 0.5441636851520573 0.8220035778175312 0.5410889982110912
8 0.8077482110912342 0.5550648479427549 0.8032759391771019 0.5547853309481217 0.8021578711985689 0.5589780858676208 0.8060711091234346 0.5612142218246869 0.8102638640429337 0.5589780858676208
8 0.7839892665474062 0.5656864937388193 0.7775603756708408 0.5695997316636852 0.7893000894454383 0.5690406976744187 0.7870639534883721 0.5617732558139534
8 0.7744856887298748 0.4921735241502684 0.7683363148479427 0.49357110912343477 0.7647025939177102 0.5 0.768615831842576 0.5041927549194991 0.7700134168157424 0.5103421288014311 0.7739266547406083 0.5109011627906976
8 0.7856663685152058 0.4812723613595707 0.7856663685152058 0.4849060822898032 0.782871198568873 0.4879807692307693 0.7934928443649374 0.48770125223613603 0.789020572450805 0.4843470483005367
8 0.7747652057245081 0.5374552772808587 0.7677772808586762 0.5371757602862254 0.7669387298747764 0.5436046511627908 0.7691748658318426 0.5491949910554561 0.7739266547406083 0.5491949910554561 0.7750447227191414 0.5444432021466905
8 0.7124329159212881 0.5315854203935599 0.7132714669051878 0.5399709302325582 0.7258497316636852 0.5388528622540251 0.7250111806797854 0.5307468694096602
8 0.7381484794275492 0.5229203935599285 0.7423412343470484 0.5204047406082289 0.7431797853309481 0.5159324686940966 0.7456954382826476 0.5145348837209303 0.745974955277281 0.5201252236135957 0.748211091234347 0.5240384615384616 0.7437388193202147 0.5279516994633273
8 0.7540809481216458 0.5637298747763865 0.7551990161001789 0.5676431127012522 0.7630254919499107 0.567363595706619 0.7621869409660108 0.5634503577817531
8 0.7630254919499107 0.5835755813953488 0.759391771019678 0.5869297853309481 0.7669387298747764 0.5863707513416816 0.7652616279069767 0.5802213774597496
8 0.709358228980322 0.47624105545617174 0.7023703041144902 0.4821109123434705 0.7048859570661896 0.4863036672629696 0.7104762969588551 0.48770125223613603 0.7160666368515206 0.48574463327370304 0.7143895348837209 0.48099284436493744
8 0.7090787119856887 0.4921735241502684 0.7127124329159213 0.49608676207513425 0.7197003577817531 0.49496869409660105 0.715507602862254 0.4904964221824687
8 0.7375894454382828 0.5069879248658318 0.7392665474060823 0.5092240608228981 0.7412231663685153 0.5086650268336315 0.7403846153846154 0.5041927549194991 0.7359123434704831 0.503074686940966 0.7322786225402504 0.5041927549194991 0.732837656529517 0.5072674418604651
8 0.6752571556350626 0.4988819320214669 0.6749776386404294 0.5064288908765653 0.6816860465116279 0.506149373881932 0.6811270125223614 0.5039132379248659 0.6783318425760286 0.5025156529516994
8 0.6366838103756709 0.5290697674418605 0.6330500894454383 0.5315854203935599 0.6358452593917711 0.5349396243291593 0.6394789803220036 0.532703488372093 0.6453488372093024 0.5332625223613596 0.6481440071556351 0.5301878354203936 0.6492620751341682 0.5259950805008945 0.6467464221824687 0.5240384615384616 0.641994633273703 0.5254360465116279 0.6372428443649374 0.5251565295169947
8 0.6459078711985689 0.4994409660107335 0.6473054561717353 0.503074686940966 0.6584861359570662 0.503074686940966 0.6584861359570662 0.49972048300536676
8 0.6842016994633273 0.5436046511627908 0.6839221824686941 0.5477974060822899 0.6917486583184258 0.5489154740608229 0.6934257602862254 0.5455612701252236
8 0.6713439177101967 0.47484347048300535 0.6721824686940966 0.48183139534883723 0.6878354203935599 0.4812723613595707 0.6814065295169947 0.4773591234347048 0.6760957066189625 0.4781976744186046 0.6749776386404294 0.47540250447227195
8 0.6895125223613596 0.5131372987477639 0.6850402504472272 0.5136963327370304 0.6833631484794276 0.5176095706618963 0.6855992844364938 0.5209637745974955 0.6883944543828264 0.5187276386404294
8 0.692028175313059 0.5011180679785332 0.6892330053667263 0.5019566189624329 0.6897920393559929 0.5058698568872988 0.6934257602862254 0.5064288908765653 0.6951028622540251 0.5036337209302326
8 0.6693872987477639 0.5122987477638641 0.6660330948121647 0.5139758497316638 0.6646355098389982 0.5176095706618963 0.6691077817531306 0.5187276386404294 0.67162343470483 0.5164915026833632
8 0.6579271019677997 0.5394118962432917 0.6542933810375671 0.5416480322003578 0.6548524150268337 0.5466793381037567 0.659324686940966 0.54695885509839 0.6615608228980323 0.5436046511627908
8 0.6942643112701252 0.5248770125223614 0.6942643112701252 0.5299083184257604 0.6981775491949911 0.5332625223613596 0.7012522361359571 0.529628801431127 0.700134168157424 0.5251565295169947 0.6973389982110912 0.5231999105545617
8 0.7135509838998211 0.5111806797853309 0.7101967799642218 0.5136963327370304 0.7138305008944543 0.5198457066189625 0.7183027728085868 0.5156529516994633
8 0.6118067978533095 0.4770796064400716 0.6073345259391771 0.4781976744186046 0.6064959749552773 0.48322898032200357 0.6115272808586762 0.48574463327370304 0.6168381037567084 0.4840675313059034 0.6185152057245081 0.4801542933810376 0.6162790697674418 0.47680008944543834
8 0.6288573345259392 0.4675760286225403 0.6252236135957067 0.4698121645796064 0.6260621645796065 0.4751229874776387 0.6308139534883721 0.4745639534883721 0.6313729874776387 0.4717687835420394
8 0.6495415921288015 0.45611583184257604 0.6450693202146691 0.45611583184257604 0.6459078711985689 0.46170617173524153 0.6506596601073346 0.4628242397137746
8 0.6691077817531306 0.4619856887298748 0.6651945438282648 0.4625447227191414 0.6668716457960644 0.4675760286225403 0.6699463327370304 0.4678555456171735
8 0.6492620751341682 0.48714221824686943 0.6503801431127012 0.4921735241502684 0.6573680679785332 0.4921735241502684 0.6587656529516994 0.4882602862254025
8 0.6495415921288015 0.4759615384615385 0.6498211091234347 0.4801542933810376 0.6579271019677997 0.4793157423971378 0.6573680679785332 0.47540250447227195
8 0.6366838103756709 0.464221824686941 0.6375223613595706 0.47009168157423975 0.643951252236136 0.4692531305903399 0.6428331842576028 0.464221824686941
8 0.5981104651162791 0.44828935599284436 0.59391771019678 0.44717128801431133 0.5916815742397138 0.4502459749552773 0.5936381932021467 0.4544387298747764 0.5981104651162791 0.45499776386404295 0.6006261180679785 0.4527616279069767
8 0.5617732558139534 0.4429785330948122 0.5578600178890877 0.443817084078712 0.5575805008944543 0.4477303220035778 0.5617732558139534 0.44940742397137745 0.5648479427549196 0.44717128801431133 0.5651274597495528 0.4449351520572451
8 0.5698792486583184 0.4491279069767442 0.5670840787119857 0.4496869409660108 0.5690406976744187 0.4589110017889088 0.5729539355992845 0.4575134168157424
8 0.6059369409660108 0.46338327370304117 0.6037008050089445 0.46114713774597493 0.6009056350626119 0.4636627906976744 0.6048188729874776 0.4684145796064401 0.612365831842576 0.467296511627907 0.611247763864043 0.46394230769230776
8 0.5978309481216458 0.47009168157423975 0.59391771019678 0.46869409660107336 0.5944767441860466 0.4759615384615385 0.6011851520572451 0.4745639534883721 0.6003466010733453 0.47288685152057247
8 0.5872093023255813 0.4726073345259392 0.5880478533094812 0.48099284436493744 0.590843023255814 0.4849060822898032 0.5897249552772809 0.48881932021466906 0.5933586762075135 0.49496869409660105 0.5972719141323792 0.5008385509838998 0.600067084078712 0.4994409660107335 0.5992285330948122 0.493850626118068 0.5955948121645795 0.49021690518783545 0.5955948121645795 0.48602415026833634 0.600067084078712 0.4849060822898032 0.5992285330948122 0.4821109123434705 0.5955948121645795 0.4821109123434705 0.5911225402504472 0.4793157423971378 0.5925201252236136 0.47624105545617174
8 0.5737924865831843 0.47065071556350624 0.5690406976744187 0.47540250447227195 0.5749105545617174 0.47847719141323797
8 0.5911225402504472 0.523479427549195 0.5855322003577819 0.5231999105545617 0.5886068872987478 0.5343805903398927 0.5922406082289803 0.5321444543828264 0.5925201252236136 0.5287902504472272
8 0.5707177996422182 0.4994409660107335 0.5695997316636852 0.505031305903399 0.5743515205724508 0.5075469588550984 0.5763081395348838 0.5033542039355993 0.5751900715563506 0.5002795169946334
8 0.5746310375670841 0.5103421288014311 0.5693202146690519 0.5131372987477639 0.5777057245080501 0.5176095706618963
8 0.5368962432915921 0.5156529516994633 0.5313059033989267 0.51537343470483 0.5318649373881932 0.5204047406082289 0.5382938282647586 0.522361359570662 0.5416480322003578 0.5190071556350626
8 0.5550648479427549 0.5064288908765653 0.551990161001789 0.5092240608228981 0.5545058139534884 0.5125782647584973 0.5586985688729875 0.5100626118067979
8 0.5427661001788909 0.46869409660107336 0.5447227191413238 0.47372540250447226 0.5491949910554561 0.47288685152057247 0.5486359570661896 0.4692531305903399
8 0.5229203935599285 0.4720483005366726 0.5209637745974955 0.476520572450805 0.5265541144901611 0.48378801431127016 0.5290697674418605 0.4787567084078712 0.5268336314847943 0.47484347048300535
8 0.5427661001788909 0.47484347048300535 0.5385733452593918 0.47484347048300535 0.5366167262969589 0.4776386404293381 0.540809481216458 0.4807133273703041 0.543884168157424 0.4798747763864043 0.5447227191413238 0.4770796064400716
8 0.4413109756097561 0.4422637195121951 0.4394054878048781 0.4468368902439025 0.4397865853658537 0.4516006097560976 0.4439786585365854 0.45217225609756106 0.4455030487804878 0.44798018292682934 0.44493140243902446 0.44474085365853666
8 0.4233993902439025 0.4748475609756098 0.4184451219512195 0.4803734756097561 0.4256859756097561 0.4813262195121951
8 0.47618140243902446 0.4689405487804878 0.46817835365853666 0.4725609756097561 0.47427591463414637 0.47732469512195125 0.4811356707317073 0.47446646341463417
8 0.4565548780487806 0.47923018292682934 0.4569359756097561 0.4845655487804878 0.451219512195122 0.4925685975609756 0.4491234756097561 0.49790396341463417 0.4569359756097561 0.4944740853658537 0.46208079268292684 0.48723323170731714 0.46227134146341464 0.4813262195121951
8 0.4862804878048781 0.48399390243902446 0.4809451219512195 0.49009146341463417 0.48685213414634154 0.4921875 0.4906631097560976 0.4961890243902439 0.49542682926829273 0.49333079268292684 0.49199695121951226 0.4883765243902439 0.49142530487804886 0.48551829268292684
8 0.5047637195121951 0.4723704268292684 0.5093368902439025 0.4754192073170732 0.5160060975609756 0.47446646341463417 0.5152439024390245 0.4702743902439025
8 0.43711890243902446 0.46836890243902446 0.4376905487804878 0.47389481707317077 0.4418826219512195 0.47141768292682934 0.4418826219512195 0.4689405487804878
8 0.45388719512195125 0.45407774390243905 0.45083841463414637 0.4550304878048781 0.4514100609756098 0.459032012195122 0.45617378048780494 0.45826981707317077 0.458079268292683 0.4529344512195122 0.45846036585365857 0.4475990853658537 0.45560213414634154 0.44645579268292684
8 0.44493140243902446 0.4565548780487806 0.4415015243902439 0.4552210365853659 0.44016768292682934 0.45846036585365857 0.4439786585365854 0.4607469512195122 0.44588414634146345 0.4596036585365854
8 0.443407012195122 0.46379573170731714 0.43826219512195125 0.46036585365853666 0.43864329268292684 0.46798780487804886 0.4451219512195122 0.4670350609756098 0.4495045731707317 0.4655106707317073 0.44855182926829273 0.4630335365853659 0.44607469512195125 0.4632240853658537
8 0.4376905487804878 0.4813262195121951 0.434641768292683 0.48208841463414637 0.4342606707317073 0.4847560975609756 0.43654725609756106 0.4858993902439025
8 0.43864329268292684 0.4986661585365854 0.4373094512195122 0.5019054878048781 0.44073932926829273 0.5034298780487806 0.4420731707317073 0.5005716463414634
8 0.43502286585365857 0.4965701219512195 0.43216463414634154 0.4986661585365854 0.43216463414634154 0.5034298780487806 0.4359756097560976 0.5036204268292683 0.43654725609756106 0.5005716463414634
8 0.5224847560975611 0.4921875 0.5188643292682927 0.4910442073170732 0.5171493902439025 0.4937118902439025 0.5182926829268293 0.49771341463414637 0.5217225609756098 0.49771341463414637 0.5236280487804879 0.4956173780487806
8 0.5291539634146342 0.48761432926829273 0.5253429878048781 0.48742378048780494 0.5253429878048781 0.490282012195122 0.5280106707317074 0.4923780487804878 0.5308689024390245 0.49161585365853666
8 0.5259146341463415 0.4959984756097562 0.5247713414634146 0.49961890243902446 0.5287728658536586 0.5 0.5297256097560976 0.4969512195121951
8 0.542111280487805 0.4921875 0.5396341463414634 0.49504573170731714 0.5426829268292683 0.4986661585365854 0.5459222560975611 0.4969512195121951 0.5455411585365855 0.49314024390243905
8 0.5383003048780488 0.5080030487804879 0.5384908536585367 0.5116234756097562 0.5455411585365855 0.5118140243902439 0.5442073170731707 0.5070503048780488
8 0.5407774390243902 0.517721036585366 0.5407774390243902 0.5221036585365855 0.5463033536585367 0.5219131097560976 0.5480182926829269 0.5173399390243902
8 0.5241996951219512 0.4285442073170732 0.5247713414634146 0.4334984756097561 0.5299161585365855 0.4336890243902439 0.5306783536585367 0.4314024390243903 0.5285823170731707 0.4298780487804878
8 0.5426829268292683 0.43883384146341464 0.5405868902439025 0.44283536585365857 0.5434451219512195 0.44798018292682934 0.5459222560975611 0.4472179878048781 0.5459222560975611 0.44321646341463417
8 0.4060318325745823 0.5022589667209238 0.4117482959892165 0.5005440276965335 0.4203229911111677 0.509880917940436 0.411176649647753 0.5125486008672653
8 0.43864329268292684 0.497141768292683 0.44016768292682934 0.49314024390243905 0.44302591463414637 0.4923780487804878 0.44435975609756106 0.4956173780487806 0.4435975609756098 0.4988567073170732 0.44073932926829273 0.4984756097560976
8 0.4554115853658537 0.5158155487804879 0.4554115853658537 0.5129573170731707 0.45274390243902446 0.512766768292683 0.45045731707317077 0.5156250000000001 0.4516006097560976 0.5179115853658537 0.45426829268292684 0.5179115853658537
8 0.4576981707317073 0.5171493902439025 0.4550304878048781 0.5192454268292683 0.4565548780487806 0.5222942073170732 0.46017530487804886 0.5209603658536586 0.46055640243902446 0.5188643292682927
8 0.49504573170731714 0.5043826219512195 0.49123475609756106 0.5038109756097562 0.4878048780487806 0.505907012195122 0.4883765243902439 0.5102896341463415 0.4904725609756098 0.5125762195121951 0.49542682926829273 0.5123856707317074 0.49771341463414637 0.5091463414634146
8 0.4565548780487806 0.5419207317073171 0.4514100609756098 0.5377286585365855 0.4495045731707317 0.5413490853658537 0.45102896341463417 0.543064024390244 0.4495045731707317 0.5459222560975611 0.45064786585365857 0.5487804878048781 0.4550304878048781 0.5463033536585367
8 0.4670838751625487 0.5109720416124837 0.46159785435630685 0.5054860208062418 0.4571277633289987 0.506095578673602 0.45855006501950585 0.5132070871261378
8 0.445342977893368 0.5199122236671001 0.437621911573472 0.5284460338101431 0.45062581274382313 0.5296651495448634 0.449203511053316 0.5260078023407022
8 0.4683029908972691 0.49146618985695706 0.4652552015604681 0.4997968140442133 0.47521131339401823 0.49654583875162545 0.4741953836150845 0.48841840052015606 0.4741953836150845 0.4819164499349805 0.46952210663198957 0.4831355656697009
8 0.4351836801040312 0.5341352405721717 0.43111996098829647 0.5410435630689207 0.4412792587776333 0.5420594928478544 0.44473342002600774 0.5414499349804942 0.44087288686605974 0.5388085175552666
8 0.42563394018205464 0.5518124187256177 0.42197659297789336 0.5536410923276983 0.4223829648894668 0.5575016254876463 0.4252275682704811 0.5589239271781534 0.42807217165149547 0.5566888816644993 0.4276657997399219 0.554657022106632
8 0.4741953836150845 0.5134102730819246 0.4644424577373211 0.5150357607282184 0.4644424577373211 0.5178803641092327 0.46769343302990896 0.5184899219765929 0.4628169700910273 0.5211313394018205 0.46383289986996096 0.5249918725617685 0.47521131339401823 0.5203185955786735 0.4741953836150845 0.5184899219765929 0.4691157347204161 0.5182867360208062
8 0.4817132639791938 0.5101592977893368 0.4778527308192458 0.5123943433029908 0.4780559167750325 0.5158485045513654 0.4819164499349805 0.5152389466840052 0.48354193758127434 0.5125975292587776
8 0.4827291937581274 0.5164580624187256 0.4786654746423927 0.5201154096228868 0.4811037061118335 0.5225536410923277 0.4855737971391417 0.5213345253576073 0.48760565669700906 0.5178803641092327
8 0.5002031859557867 0.5125975292587776 0.4971553966189857 0.5150357607282184 0.49735858257477245 0.5195058517555267 0.5004063719115734 0.5209281534460338 0.5034541612483745 0.5188962938881664 0.5036573472041612 0.5160516905071522
8 0.48211963589076723 0.5260078023407022 0.4778527308192458 0.5251950585175552 0.4758208712613784 0.5290555916775033 0.4778527308192458 0.5316970091027308 0.48232282184655395 0.5312906371911573 0.485370611183355 0.5288524057217165
8 0.4370123537061118 0.5548602080624188 0.4333550065019506 0.5550633940182055 0.4321358907672302 0.5589239271781534 0.433761378413524 0.5635972041612484 0.43640279583875163 0.5640035760728218 0.4384346553966189 0.5603462288686606 0.43782509752925874 0.5579079973992197
8 0.39861020806241876 0.4756176853055917 0.3937337451235371 0.4790718465539662 0.399219765929779 0.48049414824447334
8 0.4040962288686606 0.4520481144343303 0.4016579973992197 0.45550227568270485 0.40673764629388814 0.4559086475942783 0.40673764629388814 0.4532672301690507
8 0.4146618985695708 0.4959362808842653 0.4152714564369311 0.5024382314694409 0.4205542912873862 0.5010159297789337 0.41791287386215864 0.4971553966189857
8 0.405315344603381 0.4833387516254876 0.40511215864759426 0.48740247074122234 0.41120773732119636 0.48679291287386217
8 0.41263003901170353 0.48760565669700906 0.41263003901170353 0.4916693758127438 0.41669375812743825 0.4910598179453836 0.416084200260078 0.48760565669700906
8 0.4264466840052015 0.4664743172951885 0.42421163849154747 0.4717571521456437 0.4262434980494148 0.4721635240572171 0.4262434980494148 0.4750081274382315 0.4321358907672302 0.47521131339401823 0.4331518205461638 0.4721635240572171 0.4361996098829649 0.4725698959687906 0.4359964239271782 0.46952210663198957 0.43193270481144347 0.4683029908972691 0.4313231469440832 0.47053803641092323 0.43091677503250975 0.4725698959687906 0.42888491547464236 0.4721635240572171 0.4292912873862158 0.47074122236670995 0.4292912873862158 0.47053803641092323 0.4290881014304291 0.46769343302990896
8 0.4274626137841352 0.40592490247074126 0.4301040312093628 0.4110045513654096 0.42705624187256175 0.4154746423927178 0.4292912873862158 0.4229925227568271 0.43274544863459036 0.4213670351105331 0.4315263328998699 0.4162873862158648 0.4370123537061118 0.413036410923277 0.4313231469440832 0.40450260078023403
8 0.43498049414824447 0.40287711313394015 0.4384346553966189 0.4004388816644993 0.44351430429128735 0.4110045513654096 0.4402633289986996 0.4116141092327698
8 0.434574122236671 0.4244148244473342 0.43660598179453836 0.42278933680104025 0.4384346553966189 0.4254307542262679 0.43640279583875163 0.426853055916775
8 0.4390442132639792 0.4323390767230169 0.44087288686605974 0.42969765929778936 0.44392067620286085 0.43091677503250975 0.44188881664499347 0.43416775032509747
8 0.42421163849154747 0.42664986996098825 0.42482119635890764 0.4343709362808842 0.43111996098829647 0.43416775032509747 0.4299008452535761 0.430713589076723 0.42725942782834847 0.43051040312093625 0.43172951885565664 0.42888491547464236 0.43051040312093625 0.42583712613784136
8 0.4510321846553966 0.44006014304291285 0.4510321846553966 0.44331111833550063 0.44859395318595574 0.4471716514954486 0.4534704161248374 0.44676527958387513 0.4550959037711313 0.4422951885565669 0.45631501950585174 0.4374187256176853
8 0.43782509752925874 0.416084200260078 0.440669700910273 0.4138491547464239 0.4431079323797139 0.41506827048114436 0.444530234070221 0.4124268530559168 0.44757802340702213 0.41222366710013 0.4471716514954486 0.4177096879063719 0.44473342002600774 0.4213670351105331 0.4451397919375813 0.42502438231469436 0.44188881664499347 0.42502438231469436 0.44188881664499347 0.42116384915474636
8 0.41222366710013 0.45631501950585174 0.41202048114434325 0.46078511053315996 0.4177096879063719 0.4613946684005201 0.41953836150845253 0.45875325097529257
8 0.4171001300390117 0.45082899869960985 0.41892880364109236 0.4559086475942783 0.4223829648894668 0.45570546163849157 0.42278933680104025 0.45143855656697
8 0.4225861508452535 0.44249837451235374 0.42116384915474636 0.44554616384915474 0.42563394018205464 0.44940669700910274 0.4274626137841352 0.4473748374512353
8 0.4292912873862158 0.445342977893368 0.4299008452535761 0.44859395318595574 0.43863784135240574 0.448390767230169 0.4374187256176853 0.444530234070221
8 0.4571277633289987 0.4171001300390117 0.45773732119635885 0.42116384915474636 0.46769343302990896 0.4205542912873862 0.4670838751625487 0.4173033159947984
8 0.45245448634590374 0.4303072171651495 0.45692457737321196 0.43274544863459036 0.46078511053315996 0.43274544863459036 0.4601755526657997 0.4290881014304291 0.4581436931079324 0.42705624187256175 0.455299089726918 0.4282753576072822
8 0.4622074122236671 0.45855006501950585 0.463020156046814 0.4622074122236671 0.4691157347204161 0.46159785435630685 0.46952210663198957 0.4573309492847854
8 0.45672139141742524 0.4664743172951885 0.45631501950585174 0.4703348504551365 0.4622074122236671 0.47074122236670995 0.4622074122236671 0.46586475942782835
8 0.5205217815344603 0.4542831599479844 0.5211313394018205 0.45976918075422624 0.5258046163849155 0.459159622886866 0.5253982444733419 0.45387678803641085
8 0.5512028608582574 0.4634265279583875 0.5520156046814044 0.46850617685305596 0.5572984395318595 0.4678966189856957 0.5564856957087125 0.46180104031209357
8 0.5447009102730819 0.48232282184655395 0.5475455136540962 0.48679291287386217 0.5501869310793237 0.48435468140442134 0.5493741872561768 0.48130689206762023 0.5465295838751625 0.4809005201560468
8 0.5416531209362809 0.48455786736020806 0.5398244473342002 0.4886215864759428 0.5432786085825747 0.49065344603381017 0.5453104681404422 0.4886215864759428
8 0.44574934980494146 0.5117847854356307 0.44574934980494146 0.5024382314694409 0.44940669700910274 0.5020318595578673 0.4500162548764629 0.5067051365409623 0.4481875812743823 0.5075178803641093 0.448390767230169 0.5128007152145644
8 0.5278364759427828 0.47378901170351106 0.5310874512353706 0.46952210663198957 0.5371830299089726 0.4709444083224967 0.5345416124837451 0.4760240572171651
8 0.5333224967490247 0.48232282184655395 0.5343384265279584 0.48598016905071517 0.5386053315994798 0.4855737971391417 0.538402145643693 0.4811037061118335
8 0.5865572171651495 0.4583468790637191 0.5837126137841352 0.46078511053315996 0.5879795188556567 0.4620042262678804
8 0.6286167100130038 0.4581436931079324 0.6255689206762028 0.46241059817945385 0.6312581274382314 0.4640360858257477 0.6328836150845254 0.4611914824447334
8 0.609314044213264 0.5083306241872562 0.6089076723016904 0.5119879713914174 0.6127682054616385 0.5142230169050716 0.612361833550065 0.5103624837451235
8 0.6842896618985695 0.47277308192457734 0.6844928478543563 0.4762272431729519 0.6879470091027308 0.4764304291287386 0.6883533810143042 0.47460175552665795 0.6930266579973992 0.47358582574772423 0.6885565669700909 0.4719603381014304
8 0.5986664870689655 0.591594827586207 0.6020339439655172 0.5875538793103449 0.6057381465517242 0.5872171336206897 0.6060748922413793 0.5912580818965518 0.6023706896551724 0.593615301724138
8 0.42052801724137934 0.6067483836206897 0.42086476293103453 0.6124730603448276 0.42658943965517243 0.6114628232758621
8 0.376594387755102 0.2943239795918367 0.3823341836734694 0.2895408163265306 0.38584183673469385 0.29528061224489793 0.3855229591836734 0.29974489795918363 0.3797831632653061 0.29910714285714285
8 0.41996173469387754 0.3242984693877551 0.41996173469387754 0.3329081632653061 0.42602040816326525 0.3322704081632653 0.4250637755102041 0.3284438775510204
8 0.2541454081632653 0.503188775510204 0.25637755102040816 0.5140306122448979 0.2602040816326531 0.5092474489795917 0.265625 0.5054209183673468 0.2665816326530612 0.501594387755102
8 0.29910714285714285 0.4569515306122448 0.29942602040816324 0.4623724489795918 0.3045280612244898 0.4607780612244897
8 0.2815688775510204 0.46045918367346933 0.2729591836734694 0.4665178571428571 0.2831632653061224 0.4661989795918367
8 0.8345025510204082 0.4585459183673469 0.8351403061224489 0.4700255102040816 0.8424744897959183 0.4693877551020408 0.8456632653061223 0.4649234693877551 0.8440688775510203 0.46045918367346933 0.8392857142857142 0.4585459183673469
8 0.3246871741397289 0.46790276329509906 0.32550182481751827 0.4706725755995829 0.3290862877997915 0.4683915537017727 0.3313673096976017 0.46545881126173094 0.32876042752867574 0.46464416058394165 0.3256647549530762 0.4664363920750782
8 0.3688412408759124 0.4534019812304484 0.3665602189781022 0.4584528154327424 0.369492961418144 0.4608967674661105 0.37193691345151203 0.4581269551616267 0.3712851929092805 0.45437956204379565
8 0.36867831074035456 0.470509645464025 0.36590849843587075 0.4749087591240876 0.3709593326381648 0.4742570385818561
8 0.3211027111574557 0.4768639207507821 0.32436131386861317 0.4747458289885297 0.3248501042752868 0.4814259645464025
8 0.767694212721585 0.624315693430657 0.7712786757038581 0.6187760688216892 0.7733967674661105 0.6251303441084464
8 0.8089155370177268 0.5527893639207508 0.8110336287799793 0.5568626173096975 0.8131517205422316 0.5562108967674662 0.8125000000000002 0.5508342022940563
8 0.7311978623566214 0.5620763816475496 0.7303832116788321 0.5694082377476538 0.7380409280500522 0.5677789363920751 0.734293534932221 0.561424661105318
8 0.5435023461939521 0.5009775808133472 0.5470868091762252 0.4975560479666319 0.5503454118873827 0.49625260688216893 0.5531152241918665 0.4978819082377477 0.5593065693430657 0.4982077685088634 0.5581660583941606 0.4998370698644421 0.5555591762252347 0.5003258602711157 0.5549074556830031 0.5024439520333681 0.5518117831074035 0.5019551616266945 0.5518117831074035 0.4993482794577685 0.549856621480709 0.49918534932221065 0.5488790406673618 0.5016293013555788
8 0.553766944734098 0.4740941084462983 0.5545815954118873 0.48028545359749736 0.5575143378519292 0.47767857142857145 0.5575143378519292 0.4749087591240876
8 0.541058394160584 0.5293274244004171 0.5369851407716372 0.5299791449426486 0.5373110010427529 0.534704118873827 0.5421989051094891 0.5338894681960376
8 0.42602971845672577 0.49348279457768507 0.4273331595411888 0.49869655891553705 0.4301029718456726 0.4973931178310741 0.42863660062565173 0.49315693430656937
8 0.26863920750782067 0.5343782586027112 0.2699426485922837 0.5382885818561001 0.27613399374348285 0.5387773722627738 0.27499348279457775 0.5343782586027112
8 0.30611313868613144 0.5198774765380605 0.30709071949947864 0.5250912408759124 0.31246741397288846 0.5246024504692388 0.31246741397288846 0.5202033368091763
8 0.29992179353493226 0.5122197601668405 0.2992700729927008 0.5167818039624609 0.3046467674661106 0.5179223149113661 0.3043209071949948 0.512871480709072
8 0.37617309697601675 0.46236313868613144 0.3763360271115746 0.4659476016684046 0.3810610010427529 0.4662734619395203 0.3810610010427529 0.46285192909280504
8 0.39930917622523465 0.46334071949947864 0.3932807612095934 0.46953206465067776 0.4006126173096976 0.4706725755995829
8 0.42260818561001046 0.5180852450469239 0.4221193952033368 0.5226472888425443 0.42277111574556836 0.5272093326381648 0.42358576642335766 0.5327489572471324 0.42570385818560996 0.5285127737226277 0.43091762252346194 0.5272093326381648 0.4299400417101147 0.5237877997914494 0.42798488008342017 0.5198774765380605 0.42602971845672577 0.5184111053180397
8 0.5596324296141815 0.4196754431699687 0.5610988008342023 0.42293404588112615 0.5635427528675704 0.4219564650677789 0.5624022419186653 0.41886079249217933
8 0.5638686131386861 0.4191866527632951 0.5654979144942649 0.42277111574556836 0.5687565172054223 0.4221193952033368 0.5679418665276329 0.41869786235662143
8 0.5705487486965589 0.4245633472367049 0.5674530761209593 0.42537799791449427 0.5671272158498436 0.4271702294056309 0.570385818561001 0.42912539103232533 0.5749478623566214 0.42896246089676743 0.5741332116788321 0.4266814389989572
8 0.6622784150156413 0.4726277372262774 0.6595086027111574 0.4740941084462983 0.6603232533889468 0.47588633993743484 0.6648852971845673 0.47523461939520334 0.6666775286757038 0.4732794577685088 0.6637447862356621 0.47002085505735136
8 0.46334071949947864 0.44623305526590196 0.46268899895724713 0.4509580291970803 0.46497002085505734 0.4506321689259646 0.470509645464025 0.45193561001042754 0.47523461939520334 0.4530761209593327 0.47507168925964544 0.4473735662148071 0.4711613660062565 0.4473735662148071
8 0.5322601668404588 0.45926746611053176 0.5322601668404588 0.46285192909280504 0.5389403023983317 0.46317778936392073 0.5361704900938478 0.4604079770594369
8 0.5363334202294057 0.4496545881126173 0.5368222106360793 0.45486835245046925 0.5408954640250261 0.4529131908237748 0.5394290928050052 0.4509580291970803
8 0.49657846715328463 0.4998370698644421 0.49885948905109484 0.5053766944734097 0.5040732533889468 0.5042361835245047 0.5022810218978102 0.5019551616266945 0.5001629301355579 0.5008146506777893
8 0.28947829131652664 0.4947478991596639 0.28728991596638653 0.49978116246498605 0.2916666666666667 0.5 0.2934173669467787 0.49715511204481794
8 0.3301820728291317 0.5560224089635855 0.33083858543417366 0.5608368347338936 0.3356530112044818 0.5601803221288516 0.3345588235294118 0.5542717086834734
8 0.3916754201680672 0.5122549019607844 0.3872986694677871 0.5150997899159664 0.38751750700280113 0.5234156162464986 0.3897058823529412 0.5234156162464986 0.39342612044817926 0.5166316526610645
8 0.4074317226890757 0.4905899859943978 0.4072128851540617 0.4958420868347339 0.4139968487394959 0.4958420868347339 0.4139968487394959 0.4938725490196079 0.41137079831932777 0.4901523109243698
8 0.27963060224089636 0.5492384453781514 0.27984943977591037 0.5538340336134454 0.28291316526610644 0.5540528711484594 0.28488270308123254 0.5498949579831933
8 0.21507352941176472 0.5658700980392157 0.21616771708683474 0.5709033613445379 0.22076330532212887 0.5698091736694678 0.21945028011204482 0.5656512605042017
9 0.17322284345047925 0.4118410543130991 0.1722244408945687 0.42382188498402557 0.1647364217252396 0.4363019169329074 0.17072683706070288 0.4363019169329074 0.16723242811501599 0.444788338658147 0.17671725239616615 0.4477835463258786
9 0.2106629392971246 0.4547723642172524 0.20517172523961663 0.45427316293929715 0.20117811501597446 0.46275958466453676 0.20467252396166136 0.46675319488817896 0.2126597444089457 0.4672523961661342
9 0.18320686900958466 0.48172923322683714 0.17671725239616615 0.48272763578274763 0.17671725239616615 0.49121405750798725 0.18121006389776356 0.49570686900958466 0.18520367412140576 0.49271166134185307
9 0.17472044728434505 0.45527156549520764 0.1737220447284345 0.46325878594249204 0.17871405750798725 0.46675319488817896 0.18320686900958466 0.46226038338658143 0.1822084664536741 0.45427316293929715
9 0.16873003194888178 0.4657547923322684 0.161741214057508 0.46775159744408945 0.16124201277955272 0.474241214057508 0.16773162939297126 0.4727436102236422
9 0.18670127795527158 0.4373003194888179 0.18270766773162941 0.4368011182108626 0.18121006389776356 0.44728434504792336 0.1876996805111821 0.4477835463258786 0.18520367412140576 0.4442891373801917
9 0.20467252396166136 0.5246605431309904 0.19968051118210864 0.5236621405750799 0.20317492012779553 0.536641373801917 0.20766773162939298 0.5336461661341854
9 0.20417332268370608 0.5101837060702875 0.21166134185303515 0.5066892971246006 0.2161541533546326 0.5176717252396166 0.20666932907348246 0.520167731629393
9 0.21765175718849844 0.48322683706070285 0.21166134185303515 0.4857228434504792 0.21216054313099045 0.49420926517571884 0.2211461661341853 0.4972044728434505 0.22513977635782748 0.4932108626198083 0.22414137380191695 0.4882188498402556
9 0.20167731629392974 0.49121405750798725 0.19718450479233227 0.49870207667731636 0.20467252396166136 0.4972044728434505
9 0.19019568690095848 0.5161741214057508 0.18470447284345048 0.5161741214057508 0.18570287539936103 0.5281549520766774 0.1896964856230032 0.5261581469648562
9 0.1958855098389982 0.4647808586762075 0.1925313059033989 0.4684145796064401 0.19336985688729874 0.4726073345259392 0.1981216457960644 0.47120974955277284 0.1989601967799642 0.4678555456171735
9 0.1872204830053667 0.5067084078711985 0.18777951699463327 0.5103421288014311 0.1928108228980322 0.5095035778175313 0.19169275491949908 0.5041927549194991
9 0.23921064400715567 0.47959525939177106 0.23809257602862255 0.48602415026833634 0.2442419499105546 0.4874217352415027
9 0.24452146690518783 0.48770125223613603 0.23809257602862255 0.4904964221824687 0.23781305903398925 0.4963662790697675 0.24228533094812166 0.4958072450805009
9 0.237533542039356 0.5176095706618963 0.23138416815742396 0.5139758497316638 0.2280299642218247 0.5150939177101967 0.23278175313059032 0.5190071556350626 0.22998658318425763 0.5215228085867621 0.23166368515205726 0.5271131484794276 0.23725402504472273 0.5273926654740608 0.24228533094812166 0.523479427549195 0.24060822898032203 0.5198457066189625 0.24060822898032203 0.5198457066189625
9 0.24983228980322006 0.5416480322003578 0.24452146690518783 0.540809481216458 0.2442419499105546 0.5450022361359571 0.24983228980322006 0.5461203041144902
9 0.22579382826475852 0.5410889982110912 0.22970706618962433 0.5405299642218246 0.22970706618962433 0.5444432021466905 0.22579382826475852 0.5455612701252236
9 0.21181797853309484 0.551990161001789 0.2120974955277281 0.5584190518783542 0.2162902504472272 0.5547853309481217
9 0.22998658318425763 0.5628913237924866 0.2322227191413238 0.5707177996422182 0.24256484794275496 0.5679226296958856 0.24004919499105548 0.565406976744186 0.2366949910554562 0.5648479427549196 0.23585644007155637 0.5614937388193202
9 0.25598166368515207 0.5777057245080501 0.25598166368515207 0.5835755813953488 0.26352862254025045 0.5858117173524151 0.26241055456171736 0.5796623434704831
9 0.30545617173524153 0.4896578711985689 0.3023814847942755 0.5019566189624329 0.3088103756708408 0.5027951699463328 0.31272361359570666 0.5058698568872988 0.31468023255813954 0.5044722719141325
9 0.2811381932021467 0.5089445438282648 0.2791815742397138 0.5044722719141325 0.2749888193202147 0.5047517889087657 0.2738707513416816 0.5117397137745975 0.27610688729874777 0.5125782647584973 0.27582737030411447 0.522361359570662 0.27862254025044725 0.5220818425760286 0.2819767441860465 0.5159324686940966 0.28728756708407877 0.5120192307692307
9 0.2626900715563506 0.4740049194991055 0.2607334525939177 0.4807133273703041 0.26800089445438285 0.48155187835420393 0.2668828264758497 0.4776386404293381
9 0.23837209302325585 0.5008385509838998 0.23278175313059032 0.5011180679785332 0.2366949910554562 0.5058698568872988 0.2417262969588551 0.5047517889087657 0.2439624329159213 0.5019566189624329 0.24144677996422184 0.5005590339892666
9 0.2185263864042934 0.5069879248658318 0.21768783542039358 0.5125782647584973 0.22299865831842575 0.5128577817531306
9 0.325301878354204 0.503074686940966 0.32977415026833634 0.5095035778175313 0.33228980322003576 0.5089445438282648 0.3320102862254025 0.5011180679785332
9 0.32334525939177106 0.540809481216458 0.3222271914132379 0.5497540250447227 0.3258609123434705 0.550033542039356 0.32865608228980325 0.5466793381037567 0.3294946332737031 0.5422070661896243 0.32753801431127016 0.5394118962432917
9 0.3060152057245081 0.5852526833631485 0.29986583184257604 0.5877683363148479 0.2990272808586762 0.591961091234347 0.3034995527728086 0.5925201252236136 0.3060152057245081 0.5916815742397138
9 0.2749888193202147 0.5640093917710197 0.2808586762075134 0.5634503577817531 0.28393336314847945 0.5687611806797854 0.27946109123434704 0.5682021466905188
9 0.3118850626118068 0.5712768336314848 0.31272361359570666 0.5763081395348838 0.31887298747763865 0.5768671735241503 0.31887298747763865 0.5718358676207513
9 0.2716346153846154 0.54695885509839 0.27191413237924866 0.5505925760286225 0.27974060822898034 0.550033542039356 0.27946109123434704 0.5483564400715564
9 0.37142218246869413 0.5008385509838998 0.3736583184257603 0.5069879248658318 0.37924865831842575 0.5092240608228981 0.3851185152057245 0.5067084078711985 0.3867956171735242 0.5039132379248659 0.3828823792486583 0.5002795169946334
9 0.36778846153846156 0.576587656529517 0.3708631484794276 0.588886404293381 0.37952817531305905 0.5874888193202147 0.3789691413237925 0.581618962432916 0.37533542039355994 0.5813394454382828 0.3744968694096601 0.5768671735241503
9 0.3317307692307693 0.5964333631484794 0.3269789803220036 0.5964333631484794 0.326419946332737 0.5997875670840787 0.3289355992844365 0.6028622540250448 0.33396690518783545 0.6023032200357782 0.3362030411449016 0.5992285330948122
9 0.34766323792486586 0.5771466905187836 0.3443090339892666 0.5782647584973166 0.3451475849731664 0.5844141323792487 0.3485017889087657 0.5832960644007156 0.3507379248658319 0.5746310375670841
9 0.3638752236135957 0.5427661001788909 0.35940295169946335 0.5402504472271914 0.356048747763864 0.5436046511627908 0.35716681574239717 0.5497540250447227 0.361080053667263 0.5491949910554561 0.36219812164579607 0.5458407871198568 0.3627571556350626 0.5525491949910555 0.37114266547406083 0.5533877459749552 0.3747763864042934 0.54695885509839 0.37337880143112706 0.5399709302325582 0.3683474955277281 0.5396914132379249
9 0.3289355992844365 0.5262745974955277 0.3303331842576029 0.5321444543828264 0.33452593917710194 0.5315854203935599 0.337600626118068 0.5299083184257604 0.3370415921288014 0.5257155635062613
9 0.4147473166368515 0.46394230769230776 0.4147473166368515 0.4678555456171735 0.41195214669051883 0.4709302325581396 0.41307021466905186 0.47540250447227195 0.41921958855098396 0.4731663685152057 0.4189400715563506 0.46450134168157425
9 0.42453041144901615 0.45304114490161007 0.42453041144901615 0.4625447227191414 0.42928220035778175 0.4614266547406083 0.43151833631484793 0.4589110017889088 0.4304002683363149 0.4544387298747764
9 0.4222942754919499 0.7739266547406083 0.4222942754919499 0.7834302325581396 0.42816413237924866 0.7817531305903399 0.4298412343470483 0.7764423076923077 0.4262075134168158 0.7736471377459749
9 0.4868627012522362 0.8292710196779964 0.4921735241502684 0.8337432915921287 0.4977638640429339 0.8331842576028622 0.4980433810375671 0.826755366726297 0.4890988372093023 0.8259168157423972
9 0.45779293381037567 0.7993627012522362 0.4566748658318426 0.8055120751341681 0.46170617173524153 0.8052325581395348 0.4628242397137746 0.8004807692307692
9 0.6218694096601074 0.7988036672629696 0.6201923076923077 0.8069096601073344 0.6249440966010733 0.8066301431127012 0.6246645796064401 0.8002012522361358
9 0.6397584973166369 0.7750447227191414 0.643951252236136 0.7783989266547406 0.6475849731663685 0.7753242397137746 0.643951252236136 0.7716905187835421
9 0.8547070661896242 0.4139087656529517 0.860576923076923 0.4214557245080501 0.8639311270125223 0.41726296958855097 0.8628130590339891 0.4116726296958856 0.8588998211091233 0.4085979427549195 0.8558251341681574 0.4105545617173524
9 0.8639311270125223 0.4502459749552773 0.8658877459749552 0.4600290697674419 0.8720371198568871 0.4589110017889088 0.8709190518783542 0.44884838998211096
9 0.826755366726297 0.4158653846153847 0.8275939177101967 0.4220147584973167 0.8315071556350626 0.42341234347048307 0.8320661896243291 0.4167039355992845
9 0.8379360465116278 0.43375447227191416 0.8368179785330948 0.4368291592128801 0.8348613595706619 0.43794722719141327 0.835979427549195 0.44158094812164583 0.8404516994633273 0.4418604651162791 0.8443649373881932 0.44158094812164583 0.8440854203935599 0.4373881932021467 0.8415697674418604 0.43487254025044725
9 0.8496757602862253 0.4262075134168158 0.8454830053667262 0.4270460644007156 0.8443649373881932 0.4298412343470483 0.8505143112701251 0.43179785330948117
9 0.8004807692307692 0.4589110017889088 0.8002012522361358 0.4636627906976744 0.8029964221824686 0.46813506261180676 0.8125 0.4675760286225403 0.8102638640429337 0.4608676207513417
9 0.8356999105545617 0.4835084973166369 0.8317866726296959 0.493850626118068 0.839054114490161 0.4932915921288014 0.839054114490161 0.48881932021466906 0.8429673524150267 0.4868627012522362 0.8401721824686941 0.4843470483005367
9 0.8505143112701251 0.4692531305903399 0.845203488372093 0.4720483005366726 0.8505143112701251 0.4751229874776387
9 0.8594588550983898 0.48183139534883723 0.8547070661896242 0.4863036672629696 0.8600178890876565 0.48881932021466906
9 0.8041144901610018 0.47680008944543834 0.8122204830053666 0.47540250447227195 0.8113819320214668 0.47959525939177106 0.806350626118068 0.4807133273703041
9 0.8315071556350626 0.5209637745974955 0.8320661896243291 0.5271131484794276 0.8393336314847943 0.5257155635062613 0.8382155635062611 0.5204047406082289
9 0.8387745974955276 0.5036337209302326 0.8426878354203936 0.4988819320214669 0.8477191413237926 0.5036337209302326
9 0.7445773703041145 0.47428443649373886 0.7431797853309481 0.4879807692307693 0.7535219141323792 0.4885398032200358 0.7577146690518783 0.4843470483005367 0.756317084078712 0.4787567084078712 0.7529628801431127 0.4751229874776387
9 0.7633050089445439 0.43067978533094814 0.7591122540250448 0.434593023255814 0.7621869409660108 0.4354315742397138 0.7635845259391771 0.43794722719141327 0.767497763864043 0.43627012522361364
9 0.7496086762075135 0.43850626118067976 0.75016771019678 0.44325805008944547 0.7456954382826476 0.4418604651162791
9 0.7839892665474062 0.517330053667263 0.7853868515205724 0.5287902504472272 0.790977191413238 0.5282312164579607 0.7951699463327371 0.5237589445438282 0.7948904293381037 0.51537343470483 0.7904181574239714 0.5184481216457961 0.7867844364937389 0.5164915026833632
9 0.8105433810375671 0.49413014311270126 0.8046735241502683 0.5 0.8041144901610018 0.506149373881932 0.8097048300536672 0.5086650268336315 0.8152951699463327 0.5058698568872988 0.8150156529516994 0.5008385509838998
9 0.8071891771019677 0.5335420393559929 0.8018783542039355 0.5338215563506261 0.8004807692307692 0.5385733452593918 0.8046735241502683 0.5413685152057245 0.8091457960644007 0.5396914132379249 0.8122204830053666 0.5366167262969589
9 0.8239601967799641 0.5371757602862254 0.8194879248658318 0.5352191413237926 0.8158542039355993 0.5371757602862254 0.813618067978533 0.5416480322003578 0.8166927549194991 0.5447227191413238 0.8206059928443649 0.5441636851520573 0.8220035778175312 0.5410889982110912
9 0.8077482110912342 0.5550648479427549 0.8032759391771019 0.5547853309481217 0.8021578711985689 0.5589780858676208 0.8060711091234346 0.5612142218246869 0.8102638640429337 0.5589780858676208
9 0.7839892665474062 0.5656864937388193 0.7775603756708408 0.5695997316636852 0.7893000894454383 0.5690406976744187 0.7870639534883721 0.5617732558139534
9 0.7744856887298748 0.4921735241502684 0.7683363148479427 0.49357110912343477 0.7647025939177102 0.5 0.768615831842576 0.5041927549194991 0.7700134168157424 0.5103421288014311 0.7739266547406083 0.5109011627906976
9 0.7856663685152058 0.4812723613595707 0.7856663685152058 0.4849060822898032 0.782871198568873 0.4879807692307693 0.7934928443649374 0.48770125223613603 0.789020572450805 0.4843470483005367
9 0.7747652057245081 0.5374552772808587 0.7677772808586762 0.5371757602862254 0.7669387298747764 0.5436046511627908 0.7691748658318426 0.5491949910554561 0.7739266547406083 0.5491949910554561 0.7750447227191414 0.5444432021466905
9 0.7124329159212881 0.5315854203935599 0.7132714669051878 0.5399709302325582 0.7258497316636852 0.5388528622540251 0.7250111806797854 0.5307468694096602
9 0.7381484794275492 0.5229203935599285 0.7423412343470484 0.5204047406082289 0.7431797853309481 0.5159324686940966 0.7456954382826476 0.5145348837209303 0.745974955277281 0.5201252236135957 0.748211091234347 0.5240384615384616 0.7437388193202147 0.5279516994633273
9 0.7540809481216458 0.5637298747763865 0.7551990161001789 0.5676431127012522 0.7630254919499107 0.567363595706619 0.7621869409660108 0.5634503577817531
9 0.7630254919499107 0.5835755813953488 0.759391771019678 0.5869297853309481 0.7669387298747764 0.5863707513416816 0.7652616279069767 0.5802213774597496
9 0.709358228980322 0.47624105545617174 0.7023703041144902 0.4821109123434705 0.7048859570661896 0.4863036672629696 0.7104762969588551 0.48770125223613603 0.7160666368515206 0.48574463327370304 0.7143895348837209 0.48099284436493744
9 0.7090787119856887 0.4921735241502684 0.7127124329159213 0.49608676207513425 0.7197003577817531 0.49496869409660105 0.715507602862254 0.4904964221824687
9 0.7375894454382828 0.5069879248658318 0.7392665474060823 0.5092240608228981 0.7412231663685153 0.5086650268336315 0.7403846153846154 0.5041927549194991 0.7359123434704831 0.503074686940966 0.7322786225402504 0.5041927549194991 0.732837656529517 0.5072674418604651
9 0.6752571556350626 0.4988819320214669 0.6749776386404294 0.5064288908765653 0.6816860465116279 0.506149373881932 0.6811270125223614 0.5039132379248659 0.6783318425760286 0.5025156529516994
9 0.6366838103756709 0.5290697674418605 0.6330500894454383 0.5315854203935599 0.6358452593917711 0.5349396243291593 0.6394789803220036 0.532703488372093 0.6453488372093024 0.5332625223613596 0.6481440071556351 0.5301878354203936 0.6492620751341682 0.5259950805008945 0.6467464221824687 0.5240384615384616 0.641994633273703 0.5254360465116279 0.6372428443649374 0.5251565295169947
9 0.6459078711985689 0.4994409660107335 0.6473054561717353 0.503074686940966 0.6584861359570662 0.503074686940966 0.6584861359570662 0.49972048300536676
9 0.6842016994633273 0.5436046511627908 0.6839221824686941 0.5477974060822899 0.6917486583184258 0.5489154740608229 0.6934257602862254 0.5455612701252236
9 0.6713439177101967 0.47484347048300535 0.6721824686940966 0.48183139534883723 0.6878354203935599 0.4812723613595707 0.6814065295169947 0.4773591234347048 0.6760957066189625 0.4781976744186046 0.6749776386404294 0.47540250447227195
9 0.6895125223613596 0.5131372987477639 0.6850402504472272 0.5136963327370304 0.6833631484794276 0.5176095706618963 0.6855992844364938 0.5209637745974955 0.6883944543828264 0.5187276386404294
9 0.692028175313059 0.5011180679785332 0.6892330053667263 0.5019566189624329 0.6897920393559929 0.5058698568872988 0.6934257602862254 0.5064288908765653 0.6951028622540251 0.5036337209302326
9 0.6693872987477639 0.5122987477638641 0.6660330948121647 0.5139758497316638 0.6646355098389982 0.5176095706618963 0.6691077817531306 0.5187276386404294 0.67162343470483 0.5164915026833632
9 0.6579271019677997 0.5394118962432917 0.6542933810375671 0.5416480322003578 0.6548524150268337 0.5466793381037567 0.659324686940966 0.54695885509839 0.6615608228980323 0.5436046511627908
9 0.6942643112701252 0.5248770125223614 0.6942643112701252 0.5299083184257604 0.6981775491949911 0.5332625223613596 0.7012522361359571 0.529628801431127 0.700134168157424 0.5251565295169947 0.6973389982110912 0.5231999105545617
9 0.7135509838998211 0.5111806797853309 0.7101967799642218 0.5136963327370304 0.7138305008944543 0.5198457066189625 0.7183027728085868 0.5156529516994633
9 0.6118067978533095 0.4770796064400716 0.6073345259391771 0.4781976744186046 0.6064959749552773 0.48322898032200357 0.6115272808586762 0.48574463327370304 0.6168381037567084 0.4840675313059034 0.6185152057245081 0.4801542933810376 0.6162790697674418 0.47680008944543834
9 0.6288573345259392 0.4675760286225403 0.6252236135957067 0.4698121645796064 0.6260621645796065 0.4751229874776387 0.6308139534883721 0.4745639534883721 0.6313729874776387 0.4717687835420394
9 0.6495415921288015 0.45611583184257604 0.6450693202146691 0.45611583184257604 0.6459078711985689 0.46170617173524153 0.6506596601073346 0.4628242397137746
9 0.6691077817531306 0.4619856887298748 0.6651945438282648 0.4625447227191414 0.6668716457960644 0.4675760286225403 0.6699463327370304 0.4678555456171735
9 0.6492620751341682 0.48714221824686943 0.6503801431127012 0.4921735241502684 0.6573680679785332 0.4921735241502684 0.6587656529516994 0.4882602862254025
9 0.6495415921288015 0.4759615384615385 0.6498211091234347 0.4801542933810376 0.6579271019677997 0.4793157423971378 0.6573680679785332 0.47540250447227195
9 0.6366838103756709 0.464221824686941 0.6375223613595706 0.47009168157423975 0.643951252236136 0.4692531305903399 0.6428331842576028 0.464221824686941
9 0.5981104651162791 0.44828935599284436 0.59391771019678 0.44717128801431133 0.5916815742397138 0.4502459749552773 0.5936381932021467 0.4544387298747764 0.5981104651162791 0.45499776386404295 0.6006261180679785 0.4527616279069767
9 0.5617732558139534 0.4429785330948122 0.5578600178890877 0.443817084078712 0.5575805008944543 0.4477303220035778 0.5617732558139534 0.44940742397137745 0.5648479427549196 0.44717128801431133 0.5651274597495528 0.4449351520572451
9 0.5698792486583184 0.4491279069767442 0.5670840787119857 0.4496869409660108 0.5690406976744187 0.4589110017889088 0.5729539355992845 0.4575134168157424
9 0.6059369409660108 0.46338327370304117 0.6037008050089445 0.46114713774597493 0.6009056350626119 0.4636627906976744 0.6048188729874776 0.4684145796064401 0.612365831842576 0.467296511627907 0.611247763864043 0.46394230769230776
9 0.5978309481216458 0.47009168157423975 0.59391771019678 0.46869409660107336 0.5944767441860466 0.4759615384615385 0.6011851520572451 0.4745639534883721 0.6003466010733453 0.47288685152057247
9 0.5872093023255813 0.4726073345259392 0.5880478533094812 0.48099284436493744 0.590843023255814 0.4849060822898032 0.5897249552772809 0.48881932021466906 0.5933586762075135 0.49496869409660105 0.5972719141323792 0.5008385509838998 0.600067084078712 0.4994409660107335 0.5992285330948122 0.493850626118068 0.5955948121645795 0.49021690518783545 0.5955948121645795 0.48602415026833634 0.600067084078712 0.4849060822898032 0.5992285330948122 0.4821109123434705 0.5955948121645795 0.4821109123434705 0.5911225402504472 0.4793157423971378 0.5925201252236136 0.47624105545617174
9 0.5737924865831843 0.47065071556350624 0.5690406976744187 0.47540250447227195 0.5749105545617174 0.47847719141323797
9 0.5911225402504472 0.523479427549195 0.5855322003577819 0.5231999105545617 0.5886068872987478 0.5343805903398927 0.5922406082289803 0.5321444543828264 0.5925201252236136 0.5287902504472272
9 0.5707177996422182 0.4994409660107335 0.5695997316636852 0.505031305903399 0.5743515205724508 0.5075469588550984 0.5763081395348838 0.5033542039355993 0.5751900715563506 0.5002795169946334
9 0.5746310375670841 0.5103421288014311 0.5693202146690519 0.5131372987477639 0.5777057245080501 0.5176095706618963
9 0.5368962432915921 0.5156529516994633 0.5313059033989267 0.51537343470483 0.5318649373881932 0.5204047406082289 0.5382938282647586 0.522361359570662 0.5416480322003578 0.5190071556350626
9 0.5550648479427549 0.5064288908765653 0.551990161001789 0.5092240608228981 0.5545058139534884 0.5125782647584973 0.5586985688729875 0.5100626118067979
9 0.5427661001788909 0.46869409660107336 0.5447227191413238 0.47372540250447226 0.5491949910554561 0.47288685152057247 0.5486359570661896 0.4692531305903399
9 0.5229203935599285 0.4720483005366726 0.5209637745974955 0.476520572450805 0.5265541144901611 0.48378801431127016 0.5290697674418605 0.4787567084078712 0.5268336314847943 0.47484347048300535
9 0.5427661001788909 0.47484347048300535 0.5385733452593918 0.47484347048300535 0.5366167262969589 0.4776386404293381 0.540809481216458 0.4807133273703041 0.543884168157424 0.4798747763864043 0.5447227191413238 0.4770796064400716
9 0.4413109756097561 0.4422637195121951 0.4394054878048781 0.4468368902439025 0.4397865853658537 0.4516006097560976 0.4439786585365854 0.45217225609756106 0.4455030487804878 0.44798018292682934 0.44493140243902446 0.44474085365853666
9 0.4233993902439025 0.4748475609756098 0.4184451219512195 0.4803734756097561 0.4256859756097561 0.4813262195121951
9 0.47618140243902446 0.4689405487804878 0.46817835365853666 0.4725609756097561 0.47427591463414637 0.47732469512195125 0.4811356707317073 0.47446646341463417
9 0.4565548780487806 0.47923018292682934 0.4569359756097561 0.4845655487804878 0.451219512195122 0.4925685975609756 0.4491234756097561 0.49790396341463417 0.4569359756097561 0.4944740853658537 0.46208079268292684 0.48723323170731714 0.46227134146341464 0.4813262195121951
9 0.4862804878048781 0.48399390243902446 0.4809451219512195 0.49009146341463417 0.48685213414634154 0.4921875 0.4906631097560976 0.4961890243902439 0.49542682926829273 0.49333079268292684 0.49199695121951226 0.4883765243902439 0.49142530487804886 0.48551829268292684
9 0.5047637195121951 0.4723704268292684 0.5093368902439025 0.4754192073170732 0.5160060975609756 0.47446646341463417 0.5152439024390245 0.4702743902439025
9 0.43711890243902446 0.46836890243902446 0.4376905487804878 0.47389481707317077 0.4418826219512195 0.47141768292682934 0.4418826219512195 0.4689405487804878
9 0.45388719512195125 0.45407774390243905 0.45083841463414637 0.4550304878048781 0.4514100609756098 0.459032012195122 0.45617378048780494 0.45826981707317077 0.458079268292683 0.4529344512195122 0.45846036585365857 0.4475990853658537 0.45560213414634154 0.44645579268292684
9 0.44493140243902446 0.4565548780487806 0.4415015243902439 0.4552210365853659 0.44016768292682934 0.45846036585365857 0.4439786585365854 0.4607469512195122 0.44588414634146345 0.4596036585365854
9 0.443407012195122 0.46379573170731714 0.43826219512195125 0.46036585365853666 0.43864329268292684 0.46798780487804886 0.4451219512195122 0.4670350609756098 0.4495045731707317 0.4655106707317073 0.44855182926829273 0.4630335365853659 0.44607469512195125 0.4632240853658537
9 0.4376905487804878 0.4813262195121951 0.434641768292683 0.48208841463414637 0.4342606707317073 0.4847560975609756 0.43654725609756106 0.4858993902439025
9 0.43864329268292684 0.4986661585365854 0.4373094512195122 0.5019054878048781 0.44073932926829273 0.5034298780487806 0.4420731707317073 0.5005716463414634
9 0.43502286585365857 0.4965701219512195 0.43216463414634154 0.4986661585365854 0.43216463414634154 0.5034298780487806 0.4359756097560976 0.5036204268292683 0.43654725609756106 0.5005716463414634
9 0.5224847560975611 0.4921875 0.5188643292682927 0.4910442073170732 0.5171493902439025 0.4937118902439025 0.5182926829268293 0.49771341463414637 0.5217225609756098 0.49771341463414637 0.5236280487804879 0.4956173780487806
9 0.5291539634146342 0.48761432926829273 0.5253429878048781 0.48742378048780494 0.5253429878048781 0.490282012195122 0.5280106707317074 0.4923780487804878 0.5308689024390245 0.49161585365853666
9 0.5259146341463415 0.4959984756097562 0.5247713414634146 0.49961890243902446 0.5287728658536586 0.5 0.5297256097560976 0.4969512195121951
9 0.542111280487805 0.4921875 0.5396341463414634 0.49504573170731714 0.5426829268292683 0.4986661585365854 0.5459222560975611 0.4969512195121951 0.5455411585365855 0.49314024390243905
9 0.5383003048780488 0.5080030487804879 0.5384908536585367 0.5116234756097562 0.5455411585365855 0.5118140243902439 0.5442073170731707 0.5070503048780488
9 0.5407774390243902 0.517721036585366 0.5407774390243902 0.5221036585365855 0.5463033536585367 0.5219131097560976 0.5480182926829269 0.5173399390243902
9 0.5241996951219512 0.4285442073170732 0.5247713414634146 0.4334984756097561 0.5299161585365855 0.4336890243902439 0.5306783536585367 0.4314024390243903 0.5285823170731707 0.4298780487804878
9 0.5426829268292683 0.43883384146341464 0.5405868902439025 0.44283536585365857 0.5434451219512195 0.44798018292682934 0.5459222560975611 0.4472179878048781 0.5459222560975611 0.44321646341463417
9 0.4060318325745823 0.5022589667209238 0.4117482959892165 0.5005440276965335 0.4203229911111677 0.509880917940436 0.411176649647753 0.5125486008672653
9 0.43864329268292684 0.497141768292683 0.44016768292682934 0.49314024390243905 0.44302591463414637 0.4923780487804878 0.44435975609756106 0.4956173780487806 0.4435975609756098 0.4988567073170732 0.44073932926829273 0.4984756097560976
9 0.4554115853658537 0.5158155487804879 0.4554115853658537 0.5129573170731707 0.45274390243902446 0.512766768292683 0.45045731707317077 0.5156250000000001 0.4516006097560976 0.5179115853658537 0.45426829268292684 0.5179115853658537
9 0.4576981707317073 0.5171493902439025 0.4550304878048781 0.5192454268292683 0.4565548780487806 0.5222942073170732 0.46017530487804886 0.5209603658536586 0.46055640243902446 0.5188643292682927
9 0.49504573170731714 0.5043826219512195 0.49123475609756106 0.5038109756097562 0.4878048780487806 0.505907012195122 0.4883765243902439 0.5102896341463415 0.4904725609756098 0.5125762195121951 0.49542682926829273 0.5123856707317074 0.49771341463414637 0.5091463414634146
9 0.4565548780487806 0.5419207317073171 0.4514100609756098 0.5377286585365855 0.4495045731707317 0.5413490853658537 0.45102896341463417 0.543064024390244 0.4495045731707317 0.5459222560975611 0.45064786585365857 0.5487804878048781 0.4550304878048781 0.5463033536585367
9 0.4670838751625487 0.5109720416124837 0.46159785435630685 0.5054860208062418 0.4571277633289987 0.506095578673602 0.45855006501950585 0.5132070871261378
9 0.445342977893368 0.5199122236671001 0.437621911573472 0.5284460338101431 0.45062581274382313 0.5296651495448634 0.449203511053316 0.5260078023407022
9 0.4683029908972691 0.49146618985695706 0.4652552015604681 0.4997968140442133 0.47521131339401823 0.49654583875162545 0.4741953836150845 0.48841840052015606 0.4741953836150845 0.4819164499349805 0.46952210663198957 0.4831355656697009
9 0.4351836801040312 0.5341352405721717 0.43111996098829647 0.5410435630689207 0.4412792587776333 0.5420594928478544 0.44473342002600774 0.5414499349804942 0.44087288686605974 0.5388085175552666
9 0.42563394018205464 0.5518124187256177 0.42197659297789336 0.5536410923276983 0.4223829648894668 0.5575016254876463 0.4252275682704811 0.5589239271781534 0.42807217165149547 0.5566888816644993 0.4276657997399219 0.554657022106632
9 0.4741953836150845 0.5134102730819246 0.4644424577373211 0.5150357607282184 0.4644424577373211 0.5178803641092327 0.46769343302990896 0.5184899219765929 0.4628169700910273 0.5211313394018205 0.46383289986996096 0.5249918725617685 0.47521131339401823 0.5203185955786735 0.4741953836150845 0.5184899219765929 0.4691157347204161 0.5182867360208062
9 0.4817132639791938 0.5101592977893368 0.4778527308192458 0.5123943433029908 0.4780559167750325 0.5158485045513654 0.4819164499349805 0.5152389466840052 0.48354193758127434 0.5125975292587776
9 0.4827291937581274 0.5164580624187256 0.4786654746423927 0.5201154096228868 0.4811037061118335 0.5225536410923277 0.4855737971391417 0.5213345253576073 0.48760565669700906 0.5178803641092327
9 0.5002031859557867 0.5125975292587776 0.4971553966189857 0.5150357607282184 0.49735858257477245 0.5195058517555267 0.5004063719115734 0.5209281534460338 0.5034541612483745 0.5188962938881664 0.5036573472041612 0.5160516905071522
9 0.48211963589076723 0.5260078023407022 0.4778527308192458 0.5251950585175552 0.4758208712613784 0.5290555916775033 0.4778527308192458 0.5316970091027308 0.48232282184655395 0.5312906371911573 0.485370611183355 0.5288524057217165
9 0.4370123537061118 0.5548602080624188 0.4333550065019506 0.5550633940182055 0.4321358907672302 0.5589239271781534 0.433761378413524 0.5635972041612484 0.43640279583875163 0.5640035760728218 0.4384346553966189 0.5603462288686606 0.43782509752925874 0.5579079973992197
9 0.39861020806241876 0.4756176853055917 0.3937337451235371 0.4790718465539662 0.399219765929779 0.48049414824447334
9 0.4040962288686606 0.4520481144343303 0.4016579973992197 0.45550227568270485 0.40673764629388814 0.4559086475942783 0.40673764629388814 0.4532672301690507
9 0.4146618985695708 0.4959362808842653 0.4152714564369311 0.5024382314694409 0.4205542912873862 0.5010159297789337 0.41791287386215864 0.4971553966189857
9 0.405315344603381 0.4833387516254876 0.40511215864759426 0.48740247074122234 0.41120773732119636 0.48679291287386217
9 0.41263003901170353 0.48760565669700906 0.41263003901170353 0.4916693758127438 0.41669375812743825 0.4910598179453836 0.416084200260078 0.48760565669700906
9 0.4264466840052015 0.4664743172951885 0.42421163849154747 0.4717571521456437 0.4262434980494148 0.4721635240572171 0.4262434980494148 0.4750081274382315 0.4321358907672302 0.47521131339401823 0.4331518205461638 0.4721635240572171 0.4361996098829649 0.4725698959687906 0.4359964239271782 0.46952210663198957 0.43193270481144347 0.4683029908972691 0.4313231469440832 0.47053803641092323 0.43091677503250975 0.4725698959687906 0.42888491547464236 0.4721635240572171 0.4292912873862158 0.47074122236670995 0.4292912873862158 0.47053803641092323 0.4290881014304291 0.46769343302990896
9 0.4274626137841352 0.40592490247074126 0.4301040312093628 0.4110045513654096 0.42705624187256175 0.4154746423927178 0.4292912873862158 0.4229925227568271 0.43274544863459036 0.4213670351105331 0.4315263328998699 0.4162873862158648 0.4370123537061118 0.413036410923277 0.4313231469440832 0.40450260078023403
9 0.43498049414824447 0.40287711313394015 0.4384346553966189 0.4004388816644993 0.44351430429128735 0.4110045513654096 0.4402633289986996 0.4116141092327698
9 0.434574122236671 0.4244148244473342 0.43660598179453836 0.42278933680104025 0.4384346553966189 0.4254307542262679 0.43640279583875163 0.426853055916775
9 0.4390442132639792 0.4323390767230169 0.44087288686605974 0.42969765929778936 0.44392067620286085 0.43091677503250975 0.44188881664499347 0.43416775032509747
9 0.42421163849154747 0.42664986996098825 0.42482119635890764 0.4343709362808842 0.43111996098829647 0.43416775032509747 0.4299008452535761 0.430713589076723 0.42725942782834847 0.43051040312093625 0.43172951885565664 0.42888491547464236 0.43051040312093625 0.42583712613784136
9 0.4510321846553966 0.44006014304291285 0.4510321846553966 0.44331111833550063 0.44859395318595574 0.4471716514954486 0.4534704161248374 0.44676527958387513 0.4550959037711313 0.4422951885565669 0.45631501950585174 0.4374187256176853
9 0.43782509752925874 0.416084200260078 0.440669700910273 0.4138491547464239 0.4431079323797139 0.41506827048114436 0.444530234070221 0.4124268530559168 0.44757802340702213 0.41222366710013 0.4471716514954486 0.4177096879063719 0.44473342002600774 0.4213670351105331 0.4451397919375813 0.42502438231469436 0.44188881664499347 0.42502438231469436 0.44188881664499347 0.42116384915474636
9 0.41222366710013 0.45631501950585174 0.41202048114434325 0.46078511053315996 0.4177096879063719 0.4613946684005201 0.41953836150845253 0.45875325097529257
9 0.4171001300390117 0.45082899869960985 0.41892880364109236 0.4559086475942783 0.4223829648894668 0.45570546163849157 0.42278933680104025 0.45143855656697
9 0.4225861508452535 0.44249837451235374 0.42116384915474636 0.44554616384915474 0.42563394018205464 0.44940669700910274 0.4274626137841352 0.4473748374512353
9 0.4292912873862158 0.445342977893368 0.4299008452535761 0.44859395318595574 0.43863784135240574 0.448390767230169 0.4374187256176853 0.444530234070221
9 0.4571277633289987 0.4171001300390117 0.45773732119635885 0.42116384915474636 0.46769343302990896 0.4205542912873862 0.4670838751625487 0.4173033159947984
9 0.45245448634590374 0.4303072171651495 0.45692457737321196 0.43274544863459036 0.46078511053315996 0.43274544863459036 0.4601755526657997 0.4290881014304291 0.4581436931079324 0.42705624187256175 0.455299089726918 0.4282753576072822
9 0.4622074122236671 0.45855006501950585 0.463020156046814 0.4622074122236671 0.4691157347204161 0.46159785435630685 0.46952210663198957 0.4573309492847854
9 0.45672139141742524 0.4664743172951885 0.45631501950585174 0.4703348504551365 0.4622074122236671 0.47074122236670995 0.4622074122236671 0.46586475942782835
9 0.5205217815344603 0.4542831599479844 0.5211313394018205 0.45976918075422624 0.5258046163849155 0.459159622886866 0.5253982444733419 0.45387678803641085
9 0.5512028608582574 0.4634265279583875 0.5520156046814044 0.46850617685305596 0.5572984395318595 0.4678966189856957 0.5564856957087125 0.46180104031209357
9 0.5447009102730819 0.48232282184655395 0.5475455136540962 0.48679291287386217 0.5501869310793237 0.48435468140442134 0.5493741872561768 0.48130689206762023 0.5465295838751625 0.4809005201560468
9 0.5416531209362809 0.48455786736020806 0.5398244473342002 0.4886215864759428 0.5432786085825747 0.49065344603381017 0.5453104681404422 0.4886215864759428
9 0.44574934980494146 0.5117847854356307 0.44574934980494146 0.5024382314694409 0.44940669700910274 0.5020318595578673 0.4500162548764629 0.5067051365409623 0.4481875812743823 0.5075178803641093 0.448390767230169 0.5128007152145644
9 0.5278364759427828 0.47378901170351106 0.5310874512353706 0.46952210663198957 0.5371830299089726 0.4709444083224967 0.5345416124837451 0.4760240572171651
9 0.5333224967490247 0.48232282184655395 0.5343384265279584 0.48598016905071517 0.5386053315994798 0.4855737971391417 0.538402145643693 0.4811037061118335
9 0.5865572171651495 0.4583468790637191 0.5837126137841352 0.46078511053315996 0.5879795188556567 0.4620042262678804
9 0.6286167100130038 0.4581436931079324 0.6255689206762028 0.46241059817945385 0.6312581274382314 0.4640360858257477 0.6328836150845254 0.4611914824447334
9 0.609314044213264 0.5083306241872562 0.6089076723016904 0.5119879713914174 0.6127682054616385 0.5142230169050716 0.612361833550065 0.5103624837451235
9 0.6842896618985695 0.47277308192457734 0.6844928478543563 0.4762272431729519 0.6879470091027308 0.4764304291287386 0.6883533810143042 0.47460175552665795 0.6930266579973992 0.47358582574772423 0.6885565669700909 0.4719603381014304
9 0.5986664870689655 0.591594827586207 0.6020339439655172 0.5875538793103449 0.6057381465517242 0.5872171336206897 0.6060748922413793 0.5912580818965518 0.6023706896551724 0.593615301724138
9 0.42052801724137934 0.6067483836206897 0.42086476293103453 0.6124730603448276 0.42658943965517243 0.6114628232758621
9 0.376594387755102 0.2943239795918367 0.3823341836734694 0.2895408163265306 0.38584183673469385 0.29528061224489793 0.3855229591836734 0.29974489795918363 0.3797831632653061 0.29910714285714285
9 0.41996173469387754 0.3242984693877551 0.41996173469387754 0.3329081632653061 0.42602040816326525 0.3322704081632653 0.4250637755102041 0.3284438775510204
9 0.2541454081632653 0.503188775510204 0.25637755102040816 0.5140306122448979 0.2602040816326531 0.5092474489795917 0.265625 0.5054209183673468 0.2665816326530612 0.501594387755102
9 0.29910714285714285 0.4569515306122448 0.29942602040816324 0.4623724489795918 0.3045280612244898 0.4607780612244897
9 0.2815688775510204 0.46045918367346933 0.2729591836734694 0.4665178571428571 0.2831632653061224 0.4661989795918367
9 0.8345025510204082 0.4585459183673469 0.8351403061224489 0.4700255102040816 0.8424744897959183 0.4693877551020408 0.8456632653061223 0.4649234693877551 0.8440688775510203 0.46045918367346933 0.8392857142857142 0.4585459183673469
9 0.3246871741397289 0.46790276329509906 0.32550182481751827 0.4706725755995829 0.3290862877997915 0.4683915537017727 0.3313673096976017 0.46545881126173094 0.32876042752867574 0.46464416058394165 0.3256647549530762 0.4664363920750782
9 0.3688412408759124 0.4534019812304484 0.3665602189781022 0.4584528154327424 0.369492961418144 0.4608967674661105 0.37193691345151203 0.4581269551616267 0.3712851929092805 0.45437956204379565
9 0.36867831074035456 0.470509645464025 0.36590849843587075 0.4749087591240876 0.3709593326381648 0.4742570385818561
9 0.3211027111574557 0.4768639207507821 0.32436131386861317 0.4747458289885297 0.3248501042752868 0.4814259645464025
9 0.767694212721585 0.624315693430657 0.7712786757038581 0.6187760688216892 0.7733967674661105 0.6251303441084464
9 0.8089155370177268 0.5527893639207508 0.8110336287799793 0.5568626173096975 0.8131517205422316 0.5562108967674662 0.8125000000000002 0.5508342022940563
9 0.7311978623566214 0.5620763816475496 0.7303832116788321 0.5694082377476538 0.7380409280500522 0.5677789363920751 0.734293534932221 0.561424661105318
9 0.5435023461939521 0.5009775808133472 0.5470868091762252 0.4975560479666319 0.5503454118873827 0.49625260688216893 0.5531152241918665 0.4978819082377477 0.5593065693430657 0.4982077685088634 0.5581660583941606 0.4998370698644421 0.5555591762252347 0.5003258602711157 0.5549074556830031 0.5024439520333681 0.5518117831074035 0.5019551616266945 0.5518117831074035 0.4993482794577685 0.549856621480709 0.49918534932221065 0.5488790406673618 0.5016293013555788
9 0.553766944734098 0.4740941084462983 0.5545815954118873 0.48028545359749736 0.5575143378519292 0.47767857142857145 0.5575143378519292 0.4749087591240876
9 0.541058394160584 0.5293274244004171 0.5369851407716372 0.5299791449426486 0.5373110010427529 0.534704118873827 0.5421989051094891 0.5338894681960376
9 0.42602971845672577 0.49348279457768507 0.4273331595411888 0.49869655891553705 0.4301029718456726 0.4973931178310741 0.42863660062565173 0.49315693430656937
9 0.26863920750782067 0.5343782586027112 0.2699426485922837 0.5382885818561001 0.27613399374348285 0.5387773722627738 0.27499348279457775 0.5343782586027112
9 0.30611313868613144 0.5198774765380605 0.30709071949947864 0.5250912408759124 0.31246741397288846 0.5246024504692388 0.31246741397288846 0.5202033368091763
9 0.29992179353493226 0.5122197601668405 0.2992700729927008 0.5167818039624609 0.3046467674661106 0.5179223149113661 0.3043209071949948 0.512871480709072
9 0.37617309697601675 0.46236313868613144 0.3763360271115746 0.4659476016684046 0.3810610010427529 0.4662734619395203 0.3810610010427529 0.46285192909280504
9 0.39930917622523465 0.46334071949947864 0.3932807612095934 0.46953206465067776 0.4006126173096976 0.4706725755995829
9 0.42260818561001046 0.5180852450469239 0.4221193952033368 0.5226472888425443 0.42277111574556836 0.5272093326381648 0.42358576642335766 0.5327489572471324 0.42570385818560996 0.5285127737226277 0.43091762252346194 0.5272093326381648 0.4299400417101147 0.5237877997914494 0.42798488008342017 0.5198774765380605 0.42602971845672577 0.5184111053180397
9 0.5596324296141815 0.4196754431699687 0.5610988008342023 0.42293404588112615 0.5635427528675704 0.4219564650677789 0.5624022419186653 0.41886079249217933
9 0.5638686131386861 0.4191866527632951 0.5654979144942649 0.42277111574556836 0.5687565172054223 0.4221193952033368 0.5679418665276329 0.41869786235662143
9 0.5705487486965589 0.4245633472367049 0.5674530761209593 0.42537799791449427 0.5671272158498436 0.4271702294056309 0.570385818561001 0.42912539103232533 0.5749478623566214 0.42896246089676743 0.5741332116788321 0.4266814389989572
9 0.6622784150156413 0.4726277372262774 0.6595086027111574 0.4740941084462983 0.6603232533889468 0.47588633993743484 0.6648852971845673 0.47523461939520334 0.6666775286757038 0.4732794577685088 0.6637447862356621 0.47002085505735136
9 0.46334071949947864 0.44623305526590196 0.46268899895724713 0.4509580291970803 0.46497002085505734 0.4506321689259646 0.470509645464025 0.45193561001042754 0.47523461939520334 0.4530761209593327 0.47507168925964544 0.4473735662148071 0.4711613660062565 0.4473735662148071
9 0.5322601668404588 0.45926746611053176 0.5322601668404588 0.46285192909280504 0.5389403023983317 0.46317778936392073 0.5361704900938478 0.4604079770594369
9 0.5363334202294057 0.4496545881126173 0.5368222106360793 0.45486835245046925 0.5408954640250261 0.4529131908237748 0.5394290928050052 0.4509580291970803
9 0.49657846715328463 0.4998370698644421 0.49885948905109484 0.5053766944734097 0.5040732533889468 0.5042361835245047 0.5022810218978102 0.5019551616266945 0.5001629301355579 0.5008146506777893
9 0.28947829131652664 0.4947478991596639 0.28728991596638653 0.49978116246498605 0.2916666666666667 0.5 0.2934173669467787 0.49715511204481794
9 0.3301820728291317 0.5560224089635855 0.33083858543417366 0.5608368347338936 0.3356530112044818 0.5601803221288516 0.3345588235294118 0.5542717086834734
9 0.3916754201680672 0.5122549019607844 0.3872986694677871 0.5150997899159664 0.38751750700280113 0.5234156162464986 0.3897058823529412 0.5234156162464986 0.39342612044817926 0.5166316526610645
9 0.4074317226890757 0.4905899859943978 0.4072128851540617 0.4958420868347339 0.4139968487394959 0.4958420868347339 0.4139968487394959 0.4938725490196079 0.41137079831932777 0.4901523109243698
9 0.27963060224089636 0.5492384453781514 0.27984943977591037 0.5538340336134454 0.28291316526610644 0.5540528711484594 0.28488270308123254 0.5498949579831933
9 0.21507352941176472 0.5658700980392157 0.21616771708683474 0.5709033613445379 0.22076330532212887 0.5698091736694678 0.21945028011204482 0.5656512605042017
