15 0.5828959923664122 0.15171755725190844 0.5661975190839696 0.17318702290076343 0.5661975190839696 0.19704198473282447 0.5721612595419847 0.21851145038167946 0.5852814885496184 0.2244751908396947 0.5900524809160306 0.20300572519083976 0.5936307251908397 0.18034351145038172 0.5900524809160306 0.1660305343511451
15 0.17616889312977105 0.2650286259541985 0.16662690839694663 0.2721851145038169 0.1618559160305344 0.29007633587786263 0.16901240458015274 0.3067748091603054 0.1845181297709924 0.30319656488549623 0.18571087786259546 0.28649809160305345 0.18571087786259546 0.2781488549618321
15 0.3574666030534352 0.26383587786259544 0.3431536259541985 0.2650286259541985 0.34196087786259544 0.2805343511450382 0.3467318702290077 0.29484732824427484 0.3574666030534352 0.29246183206106874 0.3598520992366413 0.27934160305343514
13 0.48270515267175573 0.8554389312977099 0.46839217557251905 0.8602099236641221 0.46600667938931295 0.8828721374045803 0.46839217557251905 0.9091125954198473 0.48270515267175573 0.923425572519084 0.5029818702290078 0.9114980916030534 0.5041746183206108 0.8864503816793894 0.4946326335877863 0.8685591603053435
13 0.6019799618320612 0.8136927480916031 0.5817032442748091 0.8136927480916031 0.5769322519083969 0.8375477099236642 0.5828959923664122 0.8625954198473282 0.6031727099236642 0.8614026717557252 0.6115219465648856 0.8399332061068703
13 0.44811545801526725 0.7075381679389313 0.44811545801526725 0.7457061068702291 0.44930820610687033 0.7779103053435115 0.4779341603053435 0.8184637404580153 0.47197041984732824 0.7862595419847328 0.47077767175572516 0.7504770992366413 0.46839217557251905 0.7254293893129772
13 0.6091364503816795 0.6932251908396947 0.5900524809160306 0.6932251908396947 0.5828959923664122 0.7111164122137404 0.5960162213740459 0.7313931297709924 0.6174856870229009 0.7266221374045803 0.619871183206107 0.7087309160305344
13 0.5447280534351145 0.40458015267175573 0.5292223282442748 0.409351145038168 0.5244513358778626 0.42724236641221375 0.5268368320610687 0.4487118320610687 0.5471135496183207 0.45706106870229013 0.5638120229007635 0.4427480916030535 0.5626192748091604 0.42366412213740456
13 0.8417223282442748 0.48807251908396954 0.8250238549618322 0.4988072519083969 0.821445610687023 0.520276717557252 0.8309875954198475 0.5357824427480916 0.8500715648854962 0.5357824427480916 0.8619990458015268 0.5131202290076337 0.8548425572519085 0.4964217557251909
13 0.4850906488549619 0.6228530534351145 0.47077767175572516 0.6371660305343512 0.46719942748091603 0.6634064885496184 0.47197041984732824 0.6860687022900763 0.4934398854961833 0.6836832061068703 0.49940362595419857 0.6586354961832062 0.4958253816793894 0.6455152671755726
0 0.17616889312977105 0.2650286259541985 0.16662690839694663 0.2721851145038169 0.1618559160305344 0.29007633587786263 0.16901240458015274 0.3067748091603054 0.1845181297709924 0.30319656488549623 0.18571087786259546 0.28649809160305345 0.18571087786259546 0.2781488549618321
0 0.3574666030534352 0.26383587786259544 0.3431536259541985 0.2650286259541985 0.34196087786259544 0.2805343511450382 0.3467318702290077 0.29484732824427484 0.3574666030534352 0.29246183206106874 0.3598520992366413 0.27934160305343514
0 0.5828959923664122 0.15171755725190844 0.5661975190839696 0.17318702290076343 0.5661975190839696 0.19704198473282447 0.5721612595419847 0.21851145038167946 0.5852814885496184 0.2244751908396947 0.5900524809160306 0.20300572519083976 0.5936307251908397 0.18034351145038172 0.5900524809160306 0.1660305343511451
0 0.5447280534351145 0.40458015267175573 0.5292223282442748 0.409351145038168 0.5244513358778626 0.42724236641221375 0.5268368320610687 0.4487118320610687 0.5471135496183207 0.45706106870229013 0.5638120229007635 0.4427480916030535 0.5626192748091604 0.42366412213740456
0 0.4850906488549619 0.6228530534351145 0.47077767175572516 0.6371660305343512 0.46719942748091603 0.6634064885496184 0.47197041984732824 0.6860687022900763 0.4934398854961833 0.6836832061068703 0.49940362595419857 0.6586354961832062 0.4958253816793894 0.6455152671755726
0 0.44811545801526725 0.7075381679389313 0.44811545801526725 0.7457061068702291 0.44930820610687033 0.7779103053435115 0.4779341603053435 0.8184637404580153 0.47197041984732824 0.7862595419847328 0.47077767175572516 0.7504770992366413 0.46839217557251905 0.7254293893129772
0 0.6091364503816795 0.6932251908396947 0.5900524809160306 0.6932251908396947 0.5828959923664122 0.7111164122137404 0.5960162213740459 0.7313931297709924 0.6174856870229009 0.7266221374045803 0.619871183206107 0.7087309160305344
0 0.6019799618320612 0.8136927480916031 0.5817032442748091 0.8136927480916031 0.5769322519083969 0.8375477099236642 0.5828959923664122 0.8625954198473282 0.6031727099236642 0.8614026717557252 0.6115219465648856 0.8399332061068703
0 0.48270515267175573 0.8554389312977099 0.46839217557251905 0.8602099236641221 0.46600667938931295 0.8828721374045803 0.46839217557251905 0.9091125954198473 0.48270515267175573 0.923425572519084 0.5029818702290078 0.9114980916030534 0.5041746183206108 0.8864503816793894 0.4946326335877863 0.8685591603053435
0 0.8417223282442748 0.48807251908396954 0.8250238549618322 0.4988072519083969 0.821445610687023 0.520276717557252 0.8309875954198475 0.5357824427480916 0.8500715648854962 0.5357824427480916 0.8619990458015268 0.5131202290076337 0.8548425572519085 0.4964217557251909
