12 0.1278625954198474 0.2829198473282443 0.10639312977099244 0.30200381679389315 0.10400763358778634 0.33301526717557256 0.12666984732824432 0.35090648854961837 0.15529580152671763 0.36164122137404586 0.1660305343511451 0.33659351145038174 0.16245229007633594 0.30558206106870234 0.15529580152671763 0.29007633587786263
12 0.23282442748091606 0.33540076335877866 0.20777671755725194 0.342557251908397 0.20777671755725194 0.3711832061068703 0.2340171755725191 0.3759541984732825 0.25548664122137416 0.3735687022900764 0.2733778625954199 0.38668893129771 0.3055820610687024 0.3711832061068703 0.28769083969465653 0.3556774809160306 0.2733778625954199 0.3604484732824428 0.25906488549618323 0.34613549618320616
12 0.2709923664122138 0.2709923664122138 0.25548664122137416 0.2626431297709924 0.2399809160305344 0.2709923664122138 0.24117366412213745 0.2960400763358779 0.2566793893129772 0.2936545801526718 0.27814885496183217 0.29961832061068705 0.2996183206106871 0.2960400763358779 0.31154580152671757 0.30438931297709926 0.32705152671755733 0.29484732824427484 0.31631679389312983 0.27337786259541985 0.2996183206106871 0.26383587786259544
12 0.33778625954198477 0.13144083969465653 0.3628339694656489 0.11832061068702296 0.3938454198473283 0.13024809160305348 0.4153148854961833 0.14813931297709929 0.42962786259541996 0.1660305343511451 0.43916984732824427 0.19346374045801532 0.46421755725190844 0.2197041984732825 0.45944656488549623 0.24713740458015274 0.4439408396946565 0.2674141221374046 0.4117366412213741 0.2554866412213741 0.387881679389313 0.2364026717557252 0.35567748091603063 0.22566793893129775 0.33540076335877866 0.22805343511450388 0.32943702290076343 0.24475190839694663 0.34971374045801534 0.26383587786259544 0.3342080152671757 0.275763358778626 0.3139312977099237 0.26145038167938933 0.2936545801526718 0.254293893129771 0.2697996183206107 0.2650286259541985 0.25310114503816805 0.254293893129771 0.2829198473282444 0.22566793893129775 0.2542938931297711 0.23163167938931303 0.21254770992366417 0.24833015267175576 0.17080152671755733 0.2721851145038169 0.13979007633587792 0.2662213740458016 0.15171755725190844 0.2364026717557252 0.16006679389312986 0.21612595419847333 0.16722328244274814 0.19227099236641226 0.18034351145038174 0.17676526717557256 0.163645038167939 0.17676526717557256 0.15171755725190844 0.15887404580152678 0.1481393129770993 0.13979007633587792 0.163645038167939 0.11235687022900769 0.20777671755725194 0.10162213740458022 0.2364026717557252 0.10162213740458022 0.2733778625954199 0.10520038167938936 0.3079675572519085 0.11354961832061075
5 0.38221153846153844 0.8064903846153847 0.4050480769230769 0.8311298076923077 0.4356971153846153 0.8485576923076923 0.45853365384615385 0.8545673076923077 0.4513221153846153 0.8731971153846153 0.4573317307692307 0.8852163461538461 0.4771634615384615 0.891826923076923 0.5006009615384615 0.8828125 0.5060096153846153 0.8701923076923077 0.48918269230769235 0.8515625 0.5030048076923077 0.8455528846153847 0.4987980769230769 0.8239182692307692 0.4771634615384615 0.8149038461538461 0.45552884615384615 0.8052884615384615 0.43990384615384615 0.7926682692307692 0.421875 0.7926682692307692 0.40564903846153844 0.7932692307692307
5 0.4801682692307693 0.899639423076923 0.4753605769230769 0.923076923076923 0.48918269230769235 0.9272836538461539 0.5006009615384615 0.9212740384615385 0.49699519230769235 0.9116586538461539 0.4981971153846153 0.9014423076923077
0 0.5066105769230769 0.9068509615384615 0.5018028846153846 0.9110576923076923 0.5066105769230769 0.9176682692307692 0.5144230769230769 0.9182692307692306 0.515625 0.9128605769230769
0 0.5486778846153846 0.9453125 0.5444711538461539 0.953125 0.5528846153846153 0.9609375 0.5600961538461539 0.9549278846153847
0 0.6691344895287957 0.9186436518324607 0.6650441753926701 0.9231429973821988 0.6674983638743455 0.9317326570680627 0.6728157722513088 0.9317326570680627 0.6752699607329842 0.926824280104712 0.6740428664921466 0.9231429973821988
0 0.49570517015706805 0.7910258507853403 0.48711551047120416 0.795934227748691 0.49202388743455494 0.8000245418848166 0.4989774214659685 0.7992064790575916
0 0.7366246727748691 0.8601521596858639 0.7268079188481675 0.8589250654450261 0.7296711387434555 0.8699689136125655 0.7333524214659686 0.8748772905759162 0.7382607984293192 0.8666966623036648
0 0.6315035994764397 0.8004335732984293 0.6290494109947644 0.8069780759162303 0.6347758507853403 0.8127045157068062 0.6364119764397905 0.8065690445026178
0 0.7746645942408377 0.5656495418848168 0.7673020287958114 0.5742392015706806 0.7689381544502617 0.5836469240837696 0.7783458769633508 0.5881462696335078 0.7861174738219895 0.583237892670157 0.7881626308900522 0.5758753272251308 0.7861174738219895 0.5697398560209423
0 0.751758835078534 0.5750572643979057 0.7435782068062827 0.5754662958115182 0.7493046465968586 0.5901914267015707 0.7570762434554974 0.5828288612565444
0 0.5083851439790575 0.586101112565445 0.49611420157068065 0.5856920811518325 0.49038776178010474 0.588964332460733 0.49570517015706805 0.598372054973822 0.5038857984293194 0.6081888089005235 0.5112483638743456 0.6036894633507852 0.5124754581151831 0.5950998036649214
0 0.4290330497382199 0.5734211387434555 0.4245337041884817 0.5771024214659686 0.42780595549738215 0.582419829842932 0.4323053010471204 0.5799656413612565
0 0.6932673429319371 0.48629744764397903 0.683041557591623 0.4887516361256544 0.6781331806282722 0.4977503272251308 0.6805873691099477 0.5075670811518325 0.6867228403141361 0.5165657722513088 0.6961305628272251 0.5165657722513088 0.7014479712041884 0.5083851439790575 0.7010389397905759 0.4981593586387434 0.6985847513089005 0.49120582460732976
0 0.6715886780104712 0.4924329188481675 0.664226112565445 0.49038776178010474 0.6580906413612565 0.49611420157068065 0.661362892670157 0.504294829842932 0.6691344895287957 0.5071580497382199 0.673633835078534 0.5026587041884817
0 0.4245337041884817 0.4208524214659685 0.4126717931937173 0.4245337041884817 0.41226276178010474 0.4396678664921466 0.4269878926701571 0.44171302356020936
0 0.6343668193717277 0.285872054973822 0.6249590968586387 0.29078043193717285 0.6225049083769634 0.2997791230366492 0.6253681282722512 0.30918684554973824 0.6306855366492147 0.3145042539267016 0.638866164921466 0.3112320026178011 0.6429564790575916 0.3022333115183246 0.6433655104712042 0.29527977748691103 0.6409113219895287 0.28873527486911
0 0.7427601439790575 0.285872054973822 0.7358066099476439 0.2911894633507854 0.7349885471204188 0.30100621727748694 0.7382607984293192 0.3112320026178011 0.7448053010471204 0.31777650523560214 0.7550310863874345 0.31573134816753934 0.7607575261780104 0.3095958769633508 0.7615755890052356 0.30141524869109954 0.7587123691099477 0.2936436518324608 0.7533949607329842 0.28873527486911
0 0.8642424738219894 0.3001881544502618 0.8585160340314136 0.30100621727748694 0.8568799083769634 0.3108229712041885 0.8556528141361255 0.31859456806282727 0.8626063481675391 0.3255481020942409 0.8736501963350785 0.32350294502617805 0.8765134162303664 0.31777650523560214 0.8740592277486912 0.3095958769633508 0.8699689136125655 0.3059145942408377
0 0.8691508507853403 0.2506953534031414 0.8626063481675391 0.2543766361256545 0.8634244109947643 0.26255726439790583 0.8716050392670157 0.2662385471204189 0.8777405104712042 0.2588759816753927 0.876922447643979 0.25314954188481675
0 0.914553337696335 0.363997054973822 0.9104630235602095 0.3697234947643979 0.914553337696335 0.3750409031413613 0.9223249345549738 0.3758589659685864 0.9284604057591622 0.37217768324607337 0.9264152486910995 0.3660422120418848 0.9210978403141361 0.363997054973822
0 0.5329270287958116 0.8176128926701571 0.5263825261780104 0.8176128926701571 0.520247054973822 0.8200670811518324 0.5190199607329842 0.8237483638743456 0.5243373691099477 0.8319289921465968 0.5321089659685864 0.8339741492146595 0.5378354057591623 0.8286567408376962 0.5370173429319371 0.8237483638743456
0 0.5435618455497382 0.8257935209424083 0.5374263743455497 0.8290657722513088 0.5357902486910995 0.8360193062827225 0.5406986256544501 0.8409276832460731 0.548470222513089 0.8405186518324607 0.5529695680628273 0.8376554319371727 0.5525605366492147 0.8315199607329843 0.5488792539267016 0.8274296465968586
5 0.40776341623036644 0.849517342931937 0.39794666230366493 0.8560618455497382 0.39549247382198954 0.8728321335078533 0.385675719895288 0.8851030759162303 0.38444862565445026 0.9026914267015707 0.3926292539267016 0.9215068717277486 0.40080988219895286 0.9366410340314136 0.411035667539267 0.949321007853403 0.4200343586387435 0.9570926047120418 0.4241246727748691 0.9374590968586387 0.42576079842931935 0.9165984947643979 0.432714332460733 0.9219159031413613 0.43639561518324604 0.9129172120418847 0.4335323952879581 0.9039185209424083 0.42780595549738215 0.8990101439790574 0.4188072643979058 0.8990101439790574 0.4183982329842932 0.8883753272251308 0.42330660994764396 0.8793766361256544 0.4253517670157068 0.8679237565445026 0.4241246727748691 0.8605611910994764 0.4196253272251309 0.8536076570680627
5 0.5161567408376964 0.9489119764397905 0.5239283376963351 0.9607738874345548 0.5259734947643978 0.9771351439790574 0.5378354057591623 0.9984047774869109 0.5388170811518335 0.9984375 0.5529695680628273 0.9922693062827225 0.5623772905759161 0.9759080497382199 0.5394715314136126 0.968136452879581 0.533336060209424 0.9575016361256544
5 0.560741164921466 0.7942981020942408 0.5509244109947644 0.7979793848167539 0.5480611910994764 0.8073871073298429 0.5501063481675392 0.8131135471204187 0.5566508507853403 0.8131135471204187 0.564422447643979 0.8102503272251308 0.5701488874345549 0.811068390052356 0.5693308246073298 0.8217032068062826 0.5648314790575916 0.8282477094240838 0.5713759816753926 0.829883835078534 0.5783295157068062 0.8237483638743456 0.582419829842932 0.8155677356020942 0.582419829842932 0.8077961387434553 0.5783295157068062 0.8016606675392669 0.5717850130890052 0.7983884162303665
5 0.576693390052356 0.770574280104712 0.5701488874345549 0.7709833115183246 0.5660585732984293 0.7779368455497382 0.5713759816753926 0.7820271596858638 0.5799656413612565 0.782845222513089 0.5873282068062827 0.7861174738219895 0.5881462696335078 0.7914348821989529 0.5762843586387434 0.7881626308900522 0.5779204842931936 0.7967522905759161 0.586101112565445 0.798797447643979 0.5930546465968586 0.7955251963350785 0.5946907722513088 0.7877535994764397 0.5942817408376964 0.7812090968586387 0.5881462696335078 0.7758916884816753
5 0.7182182591623036 0.8008426047120418 0.7079924738219895 0.8065690445026178 0.7084015052356021 0.8192490183246072 0.7153550392670157 0.8233393324607329 0.7214905104712042 0.8192490183246072 0.7227176047120418 0.8073871073298429
5 0.6233229712041884 0.8180219240837696 0.6147333115183246 0.820476112565445 0.6151423429319371 0.8262025523560208 0.6241410340314136 0.8302928664921465 0.6323216623036648 0.8278386780104711 0.6343668193717277 0.8212941753926701 0.6306855366492147 0.8180219240837696
5 0.6462287303664921 0.7897987565445026 0.6400932591623036 0.795934227748691 0.6445926047120418 0.80534195026178 0.6503190445026178 0.8061600130890051 0.6511371073298429 0.7979793848167539
5 0.6180055628272251 0.8008426047120418 0.611461060209424 0.8090232329842932 0.6212778141361256 0.811068390052356
5 0.6854957460732984 0.8217032068062826 0.6818144633507852 0.8307018979057592 0.6899950916230366 0.8307018979057592
16 0.09853566753926704 0.20529286649214665 0.0838105366492147 0.20365674083769636 0.07562990837696339 0.20897414921465973 0.06908540575916235 0.22901668848167542 0.06826734293193722 0.24742310209424087 0.05599640052356025 0.24987729057591626 0.0482248036649215 0.267056609947644 0.04863383507853407 0.2723740183246074 0.05763252617801051 0.2695107984293194 0.05763252617801051 0.2629662958115183 0.06294993455497386 0.27278304973821993 0.07767506544502621 0.27360111256544506 0.08421956806282727 0.26746564136125656 0.09526341623036652 0.26746564136125656 0.09976276178010475 0.2744191753926702 0.09935373036649217 0.26173920157068065 0.10630726439790579 0.2601030759162304 0.11121564136125657 0.25110438481675396 0.10467113874345553 0.24824116492146603 0.10139888743455501 0.2331070026178011 0.1071253272251309 0.22124509162303668 0.11080660994764399 0.21347349476439798 0.10630726439790579 0.20651996073298431
16 0.04536158376963354 0.2768733638743456 0.037180955497382234 0.2915984947643979 0.02613710732984297 0.2989610602094241 0.03022742146596862 0.31859456806282727 0.042498363874345586 0.3059145942408377 0.05476930628272255 0.3018242801047121 0.073175719895288 0.3005971858638744 0.07562990837696339 0.29487074607329844 0.06540412303664925 0.2879172120418848 0.06090477748691103 0.27810045811518325
16 0.37258671465968585 0.3145042539267016 0.3631789921465969 0.3165494109947644 0.36563318062827227 0.3300474476439791 0.3717686518324608 0.34436354712041883 0.3779041230366492 0.3533622382198953 0.3774950916230367 0.3660422120418848 0.3783131544502618 0.3795402486910995 0.38363056282722513 0.3914021596858639 0.39017506544502617 0.39794666230366493 0.3963105366492147 0.39753763089005234 0.3942653795811518 0.3807673429319372 0.39917375654450266 0.3754499345549739 0.39590150523560214 0.3582706151832461 0.3926292539267016 0.34313645287958117 0.38485765706806285 0.33127454188481675
16 0.4237156413612565 0.3247300392670157 0.40817244764397903 0.32922938481675396 0.41758017015706805 0.3370009816753927 0.42289757853403137 0.3476357984293194 0.42330660994764396 0.3644060863874346 0.4237156413612565 0.37667702879581155 0.4155350130890052 0.3807673429319372 0.4151259816753926 0.3938563481675393 0.42248854712041883 0.401627945026178 0.43189626963350786 0.4057182591623037 0.43598658376963345 0.41308082460732976 0.45030268324607325 0.41635307591623033 0.4638007198952879 0.4102176047120419 0.4658458769633508 0.40040085078534027 0.46011943717277487 0.38731184554973824 0.458074280104712 0.3717686518324608 0.4519388089005235 0.3558164267015707 0.44621236910994766 0.34272742146596863 0.44048592931937175 0.33127454188481675 0.43475948952879573 0.32595713350785344
16 0.4192162958115183 0.40939954188481675 0.4069453534031413 0.41635307591623033 0.39794666230366493 0.4249427356020942 0.39058409685863876 0.429851112565445 0.38485765706806285 0.4466214005235602 0.3881299083769634 0.45930137434554974 0.39917375654450266 0.46830006544502617 0.41226276178010474 0.4744355366492147 0.42739692408376956 0.4740265052356021 0.4380317408376963 0.46789103403141363 0.43475948952879573 0.4564381544502617 0.43884980366492143 0.448666557591623 0.4408949607329843 0.4351685209424083 0.4396678664921466 0.42616982984293195 0.43598658376963345 0.41717113874345546 0.4310782068062827 0.41185373036649214
16 0.35990674083769636 0.47320844240837695 0.35172611256544506 0.48138907068062825 0.3529532068062827 0.489160667539267 0.3611338350785341 0.4883426047120419 0.36726930628272253 0.48302519633507857 0.36726930628272253 0.4764806937172775
16 0.28219077225130895 0.545607002617801 0.2666475785340314 0.5415166884816753 0.26173920157068065 0.5501063481675392 0.26255726439790583 0.5636043848167539 0.27114692408376967 0.564422447643979 0.28219077225130895 0.560741164921466 0.2862810863874346 0.5517424738219895
16 0.5717850130890052 0.7509407722513088 0.5619682591623036 0.7566672120418848 0.5595140706806283 0.7689381544502617 0.5640134162303665 0.7763007198952879 0.5742392015706806 0.7779368455497382 0.5848740183246073 0.7750736256544501 0.5906004581151831 0.7689381544502617 0.5893733638743456 0.7603484947643978 0.586101112565445 0.754622054973822 0.5807837041884817 0.7529859293193717
16 0.4793439136125654 0.8957378926701571 0.4666639397905759 0.9006462696335078 0.46830006544502617 0.9112810863874344 0.47770778795811514 0.9174165575916231 0.48588841623036644 0.933368782722513 0.4936600130890052 0.9440035994764397 0.5047038612565445 0.9517751963350785 0.5128844895287957 0.9534113219895287 0.5194289921465968 0.9648642015706805 0.5231102748691099 0.9763170811518324 0.5247464005235603 0.9840886780104711 0.5247464005235603 0.9930873691099477 0.5247464005235603 0.9984375 0.5619682591623036 0.9984375 0.5501063481675392 0.9869518979057592 0.5582869764397905 0.9742719240837696 0.5664676047120418 0.9726357984293192 0.5636043848167539 0.9660912958115183 0.5910094895287957 0.9632280759162303 0.5930546465968586 0.9546384162303664 0.5840559554973821 0.9509571335078533 0.5730121073298429 0.9501390706806282 0.5599231020942408 0.9403223167539266 0.5501063481675392 0.9292784685863873 0.5411076570680627 0.9288694371727748 0.5329270287958116 0.9305055628272252 0.5288367146596858 0.9378681282722512 0.5243373691099477 0.9411403795811518 0.514520615183246 0.9395042539267016 0.5100212696335078 0.9296875 0.5161567408376964 0.9251881544502616 0.5222922120418848 0.9198707460732983 0.5214741492146596 0.9125081806282722 0.5157477094240838 0.9055546465968586 0.5071580497382199 0.8981920811518324 0.4969322643979058 0.8969649869109947
16 0.6053255890052356 0.9840886780104711 0.5930546465968586 0.9820435209424083 0.5816017670157068 0.9808164267015707 0.573830170157068 0.9906331806282722 0.5865101439790575 0.9906331806282722 0.5979630235602094 0.9984375 0.623732002617801 0.9984375 0.623732002617801 0.9873609293193717 0.6204597513089005 0.983270615183246
16 0.6785422120418848 0.6920402486910995 0.6777241492146596 0.7067653795811518 0.7108556937172774 0.7129008507853403 0.7092195680628273 0.6973576570680627 0.6957215314136125 0.6977666884816753
16 0.6126881544502617 0.9018733638743456 0.6159604057591623 0.911690117801047 0.645410667539267 0.9157804319371727 0.6409113219895287 0.9092359293193717 0.6499100130890052 0.9043275523560208 0.6347758507853403 0.9031004581151831
16 0.6658622382198953 0.9632280759162303 0.6560454842931936 0.9587287303664921 0.638866164921466 0.9689545157068062 0.6584996727748691 0.973044829842932 0.6756789921465968 0.9669093586387435 0.6891770287958114 0.9583196989528796 0.6981757198952879 0.9611829188481675 0.6969486256544501 0.9554564790575915 0.7010389397905759 0.9534113219895287 0.6883589659685863 0.9489119764397905 0.6863138089005235 0.9558655104712042 0.6789512434554974 0.9607738874345548
16 0.610642997382199 0.9251881544502616 0.5975539921465968 0.9288694371727748 0.5869191753926701 0.9362320026178009 0.5987810863874345 0.9485029450261779 0.6151423429319371 0.9480939136125655 0.620868782722513 0.9419584424083769 0.6233229712041884 0.9317326570680627 0.6212778141361256 0.9260062172774868
16 0.7452143324607329 0.7693471858638743 0.7304892015706806 0.7726194371727748 0.7308982329842931 0.7840723167539266 0.7407149869109947 0.7930710078534031 0.7542130235602094 0.78938972513089 0.7628026832460733 0.7808000654450261 0.7615755890052356 0.7718013743455497 0.7538039921465968 0.7713923429319371
16 0.7493046465968586 0.6756789921465968 0.733761452879581 0.6977666884816753 0.7472594895287957 0.7088105366492147 0.7509407722513088 0.7198543848167539 0.7644388089005235 0.7174001963350785 0.777118782722513 0.7071744109947644 0.7636207460732984 0.6961305628272251
16 0.8560618455497382 0.638866164921466 0.8499263743455497 0.64909195026178 0.8523805628272252 0.6601357984293192 0.861788285340314 0.670770615183246 0.8720140706806282 0.6629990183246073 0.8748772905759162 0.6503190445026178 0.8748772905759162 0.6413203534031413 0.8716050392670157 0.6298674738219895 0.86751472513089 0.6261861910994764 0.8609702225130891 0.6319126308900522
16 0.8491083115183246 0.5591050392670157 0.8433818717277486 0.567285667539267 0.8323380235602095 0.5721940445026178 0.8462450916230366 0.576693390052356 0.8519715314136125 0.5844649869109947 0.8560618455497382 0.5762843586387434 0.8752863219895287 0.5693308246073298 0.8724231020942408 0.5648314790575916 0.8630153795811518 0.5656495418848168
16 0.7415330497382199 0.5235193062827225 0.7382607984293192 0.5378354057591623 0.7345795157068062 0.5464250654450262 0.7456233638743455 0.5586960078534031 0.7578943062827225 0.5586960078534031 0.7656659031413613 0.548470222513089 0.7636207460732984 0.5398805628272252 0.7587123691099477 0.5316999345549738 0.7525768979057591 0.526791557591623
16 0.676497054973822 0.5591050392670157 0.6732248036649214 0.5509244109947644 0.6580906413612565 0.5501063481675392 0.6511371073298429 0.5578779450261779 0.6584996727748691 0.5611501963350786 0.6601357984293192 0.567285667539267 0.6683164267015707 0.567285667539267 0.6719977094240838 0.5730121073298429 0.6887679973821988 0.5734211387434555 0.6957215314136125 0.5697398560209423 0.6887679973821988 0.5676946989528796 0.6805873691099477 0.5636043848167539
16 0.8302928664921465 0.4576652486910994 0.8421547774869109 0.47279941099476436 0.8339741492146595 0.4834342277486911 0.827020615183246 0.48629744764397903 0.8249754581151831 0.4907967931937172 0.8180219240837696 0.4854793848167539 0.8180219240837696 0.47607166230366493 0.8135225785340314 0.4662549083769633 0.8212941753926701 0.45930137434554974
16 0.873241164921466 0.4932509816753926 0.8654695680628273 0.4801619764397905 0.8576979712041884 0.4744355366492147 0.8519715314136125 0.4752535994764398 0.8515625 0.4850703534031413 0.8470631544502618 0.4907967931937172 0.8519715314136125 0.4993864528795811 0.8650605366492146 0.5034767670157068 0.8724231020942408 0.5006135471204188
16 0.892874672774869 0.5006135471204188 0.8879662958115183 0.49611420157068065 0.8814217931937172 0.4907967931937172 0.8752863219895287 0.4993864528795811 0.8740592277486912 0.5132935209424083 0.8765134162303664 0.5231102748691099 0.8855121073298429 0.5161567408376964 0.8932837041884817 0.5059309554973821
16 0.6016443062827225 0.47320844240837695 0.599190117801047 0.498568390052356 0.6135062172774869 0.510839332460733 0.6155513743455497 0.4965232329842932 0.6122791230366491 0.4895696989528796 0.6110520287958114 0.4801619764397905
16 0.6879499345549738 0.4408949607329843 0.6760880235602094 0.44007689790575916 0.6744518979057591 0.451529777486911 0.6863138089005235 0.4552110602094241 0.6899950916230366 0.4793439136125654 0.6957215314136125 0.4801619764397905 0.704720222513089 0.48179810209424084 0.7116737565445026 0.47852585078534027 0.7026750654450261 0.46830006544502617 0.7002208769633508 0.458074280104712 0.7075834424083769 0.45889234293193715 0.7092195680628273 0.451529777486911 0.7141279450261779 0.4605284685863874 0.7202634162303665 0.4564381544502617 0.7124918193717277 0.44212205497382195 0.7034931282722512 0.44457624345549734
16 0.5893733638743456 0.3750409031413613 0.573830170157068 0.38240346858638746 0.5758753272251308 0.40080988219895286 0.5816017670157068 0.41635307591623033 0.5865101439790575 0.411035667539267 0.5995991492146596 0.4167621073298429 0.6053255890052356 0.44130399214659677 0.6212778141361256 0.44007689790575916 0.6294584424083769 0.44621236910994766 0.6364119764397905 0.439258835078534 0.64909195026178 0.4355775523560209 0.6384571335078534 0.429851112565445 0.6351848821989529 0.4151259816753926 0.6253681282722512 0.401627945026178 0.614324280104712 0.392220222513089 0.6130971858638743 0.3799492801047121 0.6061436518324607 0.3758589659685864
16 0.6511371073298429 0.38117637434554974 0.639684227748691 0.37422284031413616 0.6278223167539266 0.3918111910994765 0.6335487565445026 0.4024460078534031 0.6437745418848168 0.4020369764397905 0.661362892670157 0.40326407068062825 0.6638170811518325 0.3983556937172775
16 0.7779368455497382 0.3627699607329843 0.7754826570680627 0.3504990183246074 0.7607575261780104 0.3419093586387435 0.7509407722513088 0.3300474476439791 0.7403059554973821 0.3243210078534032 0.7239446989528795 0.3239119764397906 0.7108556937172774 0.3247300392670157 0.6994028141361256 0.3345467931937173 0.698993782722513 0.34804482984293195 0.7084015052356021 0.3447725785340314 0.7190363219895287 0.34354548429319376 0.7276259816753926 0.34722676701570687 0.7358066099476439 0.35663448952879584 0.7292621073298429 0.363997054973822 0.7161731020942408 0.36726930628272253 0.7030840968586387 0.37299574607329844 0.7141279450261779 0.3783131544502618 0.7349885471204188 0.3758589659685864 0.7435782068062827 0.3840395942408377 0.7505317408376964 0.385675719895288 0.7566672120418848 0.39549247382198954 0.7718013743455497 0.39344731675392675 0.8008426047120418 0.4012189136125654 0.8012516361256544 0.3926292539267016 0.7795729712041884 0.3860847513089006 0.779982002617801 0.38281250000000006 0.8098412958115183 0.38526668848167545 0.8098412958115183 0.3787221858638744 0.8037058246073299 0.3770860602094241 0.8114774214659686 0.37381380890052357 0.811886452879581 0.36481511780104714 0.7795729712041884 0.3676783376963351
16 0.7619846204188481 0.40858147905759157 0.7509407722513088 0.40858147905759157 0.7509407722513088 0.41471695026178007 0.7370337041884817 0.40817244764397903 0.7341704842931936 0.4208524214659685 0.7509407722513088 0.42289757853403137 0.7521678664921465 0.4368046465968586 0.7718013743455497 0.43189626963350786 0.7730284685863874 0.4245337041884817 0.7840723167539266 0.42207951570680624 0.7951161649214659 0.42289757853403137 0.7992064790575916 0.4159440445026178 0.7967522905759161 0.40817244764397903 0.7902077879581151 0.4040821335078534 0.7803910340314135 0.4020369764397905 0.7701652486910995 0.39999181937172773 0.7652568717277487 0.401627945026178
16 0.8474721858638743 0.35949770942408377 0.8180219240837696 0.3631789921465969 0.8245664267015707 0.3893570026178011 0.8515625 0.3840395942408377 0.8699689136125655 0.37422284031413616 0.8777405104712042 0.3611338350785341 0.8781495418848166 0.34927192408376967 0.8716050392670157 0.34436354712041883 0.8589250654450261 0.3488628926701571
16 0.9059636780104711 0.4466214005235602 0.8932837041884817 0.451529777486911 0.892874672774869 0.47157231675392663 0.9251881544502616 0.4662549083769633 0.9247791230366491 0.4441672120418848
16 0.9194617146596858 0.35418030104712045 0.9035094895287958 0.35458933246073304 0.898601112565445 0.3644060863874346 0.9010553010471204 0.38117637434554974 0.9092359293193717 0.3938563481675393 0.9215068717277486 0.39876472513089006 0.9296875 0.39917375654450266 0.9345958769633507 0.3926292539267016 0.9350049083769634 0.38444862565445026 0.9419584424083769 0.3758589659685864 0.9411403795811518 0.36849640052356025 0.9362320026178009 0.3611338350785341 0.9284604057591622 0.35458933246073304
16 0.9984375 0.22329024869109954 0.9865428664921465 0.2281986256544503 0.9836796465968586 0.23924247382198954 0.9906331806282722 0.24455988219895292 0.9984375 0.24562410756782488
16 0.9714087041884817 0.27114692408376967 0.9620009816753926 0.2719649869109948 0.9628190445026178 0.2830088350785341 0.9726357984293192 0.29037140052356025 0.9808164267015707 0.2879172120418848 0.9849067408376962 0.28219077225130895 0.9836796465968586 0.2731920811518325 0.9787712696335078 0.2695107984293194
16 0.9984047774869109 0.36481511780104714 0.9869518979057592 0.36522414921465973 0.9853157722513088 0.37217768324607337 0.9902241492146595 0.38281250000000006 0.9984047774869109 0.3881299083769634
16 0.4437581806282722 0.09444535340314139 0.4523478403141361 0.08585569371727753 0.448666557591623 0.07399378272251313 0.43598658376963345 0.07399378272251313 0.4323053010471204 0.08626472513089009 0.4335323952879581 0.10794339005235605 0.4355775523560209 0.12348658376963353 0.4511207460732984 0.13166721204188483 0.4453943062827225 0.1463923429319372 0.4466214005235602 0.15784522251308902 0.4625736256544502 0.1721613219895288 0.4781168193717277 0.17379744764397909 0.48997873036649214 0.16479875654450266 0.4879335732984293 0.1545729712041885 0.4781168193717277 0.1451652486910995 0.47852585078534027 0.14107493455497383 0.489160667539267 0.14312009162303668 0.49570517015706805 0.13984784031413616 0.49979548429319365 0.13289430628272253 0.5038857984293194 0.1345304319371728 0.5030677356020943 0.1427110602094241 0.4989774214659685 0.14843750000000003 0.5030677356020943 0.1582542539267016 0.5149296465968586 0.16111747382198954 0.5259734947643978 0.15252781413612568 0.5259734947643978 0.14312009162303668 0.5186109293193717 0.13493946335078538 0.5104303010471204 0.12798592931937175 0.5034767670157068 0.11407886125654451 0.47893488219895286 0.11530595549738223 0.46830006544502617 0.09935373036649217 0.4527568717277487 0.10385307591623039 0.4474394633507853 0.10589823298429321
16 0.739487892670157 0.2519224476439791 0.7599394633507852 0.2776914267015707 0.7857084424083769 0.26460242146596863 0.7910258507853403 0.25355857329842935 0.8041148560209423 0.25478566753926707 0.8257935209424083 0.23801537958115188 0.814749672774869 0.22738056282722519 0.8041148560209423 0.22001799738219902 0.7922529450261779 0.21551865183246077 0.7758916884816753 0.22124509162303668 0.7656659031413613 0.22901668848167542 0.7403059554973821 0.21797284031413616 0.7202634162303665 0.22410831151832467 0.7063563481675392 0.2118373691099477 0.6908131544502617 0.20202061518324613 0.6781331806282722 0.19833933246073301 0.6769060863874345 0.20856511780104717 0.6871318717277487 0.21919993455497386 0.6977666884816753 0.22329024869109954 0.7010389397905759 0.2306528141361257 0.7067653795811518 0.23392506544502623 0.7092195680628273 0.24292375654450266 0.7231266361256544 0.2470140706806283 0.72721695026178 0.25355857329842935
16 0.861788285340314 0.28873527486911 0.8503354057591622 0.2911894633507854 0.8446089659685864 0.30550556282722513 0.8339741492146595 0.3112320026178011 0.8282477094240838 0.32104875654450266 0.8388825261780104 0.33127454188481675 0.8503354057591622 0.33536485602094246 0.8695598821989527 0.3361829188481676 0.8875572643979057 0.3300474476439791 0.8936927356020942 0.31736747382198954 0.8953288612565444 0.3022333115183246 0.8896024214659685 0.29527977748691103 0.8875572643979057 0.2875081806282723 0.8777405104712042 0.28669011780104714
16 0.6347758507853403 0.27973658376963356 0.6257771596858638 0.27810045811518325 0.6135062172774869 0.2911894633507854 0.6139152486910995 0.307550719895288 0.6200507198952879 0.31777650523560214 0.6343668193717277 0.3222758507853404 0.645410667539267 0.3222758507853404 0.6568635471204188 0.3161403795811518 0.6580906413612565 0.30673265706806285 0.6560454842931936 0.2977339659685864 0.6499100130890052 0.285872054973822
16 0.5496973167539266 0.3676783376963351 0.5337450916230366 0.3549983638743456 0.5104303010471204 0.3525441753926702 0.49120582460732976 0.35172611256544506 0.4842522905759162 0.36195189790575916 0.47893488219895286 0.38117637434554974 0.479752945026178 0.40040085078534027 0.4805710078534031 0.42167048429319365 0.4838432591623036 0.4380317408376963 0.49202388743455494 0.4519388089005235 0.49570517015706805 0.4351685209424083 0.5026587041884817 0.43639561518324604 0.505112892670157 0.4519388089005235 0.5406986256544501 0.4572562172774869 0.5464250654450262 0.44989365183246066 0.5742392015706806 0.4474394633507853 0.576693390052356 0.4323053010471204 0.5742392015706806 0.4151259816753926 0.5713759816753926 0.40326407068062825 0.5676946989528796 0.3918111910994765 0.5627863219895287 0.3803583115183246
12 0.3100049083769634 0.45357493455497383 0.269919829842932 0.4470304319371728 0.2596940445026178 0.4699361910994764 0.27278304973821993 0.47688972513089 0.27850948952879584 0.5059309554973821 0.3202306937172775 0.4940690445026178 0.345181609947644 0.4846613219895287 0.34436354712041883 0.47607166230366493 0.3689054319371728 0.4650278141361256 0.35949770942408377 0.4437581806282722 0.34722676701570687 0.4519388089005235
14 0.5149296465968586 0.4237156413612565 0.5104303010471204 0.432714332460733 0.5137025523560209 0.44457624345549734 0.521065117801047 0.4482575261780105 0.5292457460732984 0.448666557591623 0.533336060209424 0.4408949607329843 0.5329270287958116 0.4335323952879581 0.5292457460732984 0.42780595549738215 0.5222922120418848 0.42576079842931935
9 0.5149296465968586 0.4237156413612565 0.5104303010471204 0.432714332460733 0.5137025523560209 0.44457624345549734 0.521065117801047 0.4482575261780105 0.5292457460732984 0.448666557591623 0.533336060209424 0.4408949607329843 0.5329270287958116 0.4335323952879581 0.5292457460732984 0.42780595549738215 0.5222922120418848 0.42576079842931935
6 0.604518581081081 0.3409346846846847 0.590793918918919 0.34234234234234234 0.5971283783783783 0.3536036036036036 0.6101492117117118 0.35395551801801806
6 0.6094453828828829 0.34269425675675674 0.6175394144144144 0.3528997747747748 0.6224662162162162 0.35219594594594594 0.6207066441441441 0.34269425675675674
6 0.6731418918918919 0.3141891891891892 0.6692708333333333 0.323338963963964 0.6787725225225225 0.32545045045045046 0.6822916666666667 0.31876407657657657
6 0.6798282657657657 0.2849802927927928 0.6777167792792793 0.29061092342342343 0.6815878378378378 0.29483389639639646 0.6882742117117118 0.2937781531531532 0.6903856981981982 0.2856841216216216
6 0.7090371621621621 0.2895551801801802 0.709740990990991 0.3018721846846847 0.7192426801801802 0.2972972972972973 0.7185388513513513 0.29342623873873874
6 0.524634009009009 0.22937781531531534 0.5253378378378378 0.24697353603603606 0.5327280405405406 0.24556587837837843 0.5344876126126126 0.2364161036036036 0.5337837837837838 0.22972972972972974
6 0.5668637387387387 0.3071509009009009 0.5608811936936937 0.31242961711711714 0.5619369369369369 0.3205236486486487 0.5651041666666667 0.32509853603603606 0.5728462837837838 0.3229870495495496 0.5728462837837838 0.30855855855855857
6 0.6017032657657657 0.24767736486486486 0.6024070945945945 0.25929054054054057 0.6168355855855856 0.2603462837837838 0.6178913288288288 0.2483811936936937
6 0.6717342342342343 0.3757742117117117 0.6710304054054054 0.3863316441441441 0.6777167792792793 0.39372184684684686 0.680884009009009 0.3828125
6 0.8547297297297298 0.3993524774774775 0.8512105855855857 0.40815033783783783 0.8635275900900903 0.411669481981982 0.8670467342342343 0.4067426801801802 0.864231418918919 0.4025197072072072
6 0.6710304054054054 0.33460022522522526 0.6668074324324325 0.3388231981981982 0.6727899774774775 0.34726914414414417 0.6727899774774775 0.3536036036036036 0.6815878378378378 0.3532516891891892 0.6801801801801802 0.3465653153153153
6 0.6530827702702703 0.2976492117117117 0.6608248873873873 0.31946790540540543 0.6696227477477478 0.31946790540540543 0.662232545045045 0.29905686936936937
6 0.5249859234234234 0.36873592342342343 0.5256897522522522 0.3757742117117117 0.5320242117117118 0.3799971846846847 0.533079954954955 0.37331081081081086 0.531320382882883 0.36943975225225223
6 0.6900337837837838 0.43172860360360366 0.691089527027027 0.442286036036036 0.701295045045045 0.44650900900900903 0.699535472972973 0.43876689189189194
6 0.7917370495495495 0.3008164414414415 0.7924408783783783 0.30961430180180183 0.8005349099099099 0.3092623873873874 0.7987753378378378 0.3008164414414415
9 0.8420608108108109 0.27266328828828834 0.8353744369369369 0.26984797297297297 0.8336148648648649 0.2772381756756757 0.8388935810810813 0.2849802927927928 0.8445242117117118 0.28814752252252257 0.8476914414414415 0.28322072072072074 0.8462837837837839 0.2775900900900901
9 0.9208896396396398 0.2701998873873874 0.9156109234234234 0.27055180180180183 0.9134994369369369 0.27934966216216217 0.9127956081081082 0.2853322072072072 0.9184262387387389 0.28005349099099097 0.9240568693693694 0.2835726351351352 0.9310951576576578 0.2853322072072072 0.9247606981981983 0.2775900900900901
9 0.9363738738738739 0.2599943693693694 0.9300394144144144 0.2624577702702703 0.9303913288288289 0.27055180180180183 0.9377815315315315 0.27266328828828834 0.9455236486486488 0.27090371621621623 0.9458755630630631 0.26597691441441446 0.942356418918919 0.2624577702702703
9 0.9434121621621623 0.24275056306306309 0.9377815315315315 0.24591779279279283 0.9388372747747749 0.25190033783783783 0.9469313063063064 0.25401182432432434 0.9511542792792793 0.25154842342342343 0.9504504504504505 0.24662162162162166
6 0.5651041666666667 0.2747747747747748 0.5622888513513513 0.28322072072072074 0.5605292792792793 0.28814752252252257 0.5644003378378378 0.2941300675675676 0.5703828828828829 0.2874436936936937 0.5693271396396397 0.2775900900900901
6 0.5879786036036035 0.2262105855855856 0.5911458333333333 0.2402871621621622 0.5953688063063063 0.23184121621621623 0.5950168918918919 0.22480292792792794
6 0.5717905405405406 0.23254504504504508 0.5672156531531531 0.2381756756756757 0.5693271396396397 0.24415822072072074 0.578125 0.24415822072072074 0.578125 0.23887950450450454
6 0.5446931306306306 0.30574324324324326 0.5439893018018018 0.32509853603603606 0.5499718468468469 0.32228322072072074 0.5548986486486487 0.30574324324324326 0.5499718468468469 0.3039836711711712
6 0.49085022522522526 0.29870495495495497 0.48733108108108103 0.30503941441441446 0.49577702702702703 0.30961430180180183 0.4975365990990991 0.3060951576576577 0.4954251126126126 0.30011261261261263
6 0.6312640765765766 0.3405827702702703 0.6252815315315315 0.3430461711711712 0.6288006756756757 0.3500844594594595 0.6330236486486486 0.34867680180180183
6 0.5777730855855856 0.3451576576576577 0.5819960585585585 0.35641891891891897 0.5900900900900901 0.35501126126126126 0.585867117117117 0.34445382882882886
6 0.6594172297297297 0.2652730855855856 0.6509712837837838 0.2719594594594595 0.6509712837837838 0.27653434684684686 0.662232545045045 0.2754786036036036
6 0.47290259009009006 0.27970157657657657 0.4665681306306307 0.27899774774774777 0.4630489864864865 0.284276463963964 0.46938344594594594 0.28603603603603606 0.4739583333333333 0.2846283783783784
6 0.18785191441441446 0.2677364864864865 0.18750000000000006 0.27583051801801806 0.19700168918918923 0.28075731981981983 0.1987612612612613 0.27266328828828834 0.19524211711711717 0.26597691441441446
6 0.5080940315315315 0.4992961711711712 0.49964808558558554 0.5091497747747747 0.507742117117117 0.5116131756756757 0.5165399774774775 0.5095016891891893
6 0.5510275900900901 0.4978885135135135 0.543285472972973 0.5052787162162162 0.546804617117117 0.5098536036036035 0.553490990990991 0.507742117117117 0.5552505630630631 0.5021114864864865
6 0.4595298423423423 0.46692004504504503 0.45495495495495497 0.4704391891891892 0.45988175675675674 0.47536599099099097 0.4658643018018018 0.47431024774774777 0.4679757882882883 0.46867961711711714 0.4665681306306307 0.4648085585585585
6 0.4827561936936937 0.47431024774774777 0.47712556306306303 0.4739583333333333 0.4848676801801802 0.4841638513513513 0.48733108108108103 0.47642173423423423
6 0.6404138513513513 0.3845720720720721 0.6390061936936937 0.39372184684684686 0.6446368243243243 0.39794481981981983 0.6432291666666667 0.3891469594594595
6 0.6031454248366013 0.2657952069716776 0.6017837690631809 0.27532679738562094 0.6068899782135077 0.2732843137254902
6 0.607911220043573 0.26443355119825707 0.6116557734204793 0.2715822440087146 0.6136982570806101 0.2634123093681917
6 0.5878267973856209 0.2749863834422658 0.5942946623093681 0.28145424836601307 0.5939542483660131 0.2722630718954248
6 0.235228825136612 0.0350068306010929 0.24462090163934427 0.03201844262295082 0.24846311475409838 0.039702868852459015 0.25230532786885246 0.04653346994535519 0.24035177595628415 0.04952185792349727 0.24035177595628415 0.04226434426229508
6 0.2629781420765027 0.0704405737704918 0.26852800546448086 0.0742827868852459 0.27322404371584696 0.07300204918032786 0.27279713114754095 0.06702527322404371 0.26340505464480873 0.06574453551912568
6 0.823941256830601 0.4260587431693989 0.8183913934426229 0.4316086065573771 0.8188183060109289 0.4392930327868852 0.8290642076502731 0.4350239071038251 0.8350409836065573 0.4264856557377049
6 0.7125170765027322 0.352629781420765 0.7014173497267759 0.352629781420765 0.702271174863388 0.35860655737704916 0.7125170765027322 0.3594603825136612 0.7193476775956283 0.3637295081967213 0.7304474043715847 0.36116803278688525 0.7236168032786885 0.3547643442622951 0.7253244535519126 0.350495218579235 0.7163592896174863 0.34622609289617484
6 0.27314598880597013 0.1545009328358209 0.2641091417910447 0.1585820895522388 0.2652751865671642 0.17111707089552236 0.27664412313432835 0.1717000932835821 0.2751865671641791 0.162080223880597
