17 0.5099656357388316 0.5056602994747325 0.5058419243986254 0.5242355757819676 0.50446735395189 0.5417788922943562 0.5030927835051546 0.572737686139748 0.5079037800687285 0.5603541686015913 0.511340206185567 0.538683012909817 0.5154639175257731 0.5170118572180428
17 0.4041237113402062 0.4829571839881118 0.406872852233677 0.49843658091080767 0.415807560137457 0.5159798974231964 0.4288659793814433 0.5293953747561995 0.43848797250859106 0.5314592943458922 0.44673539518900346 0.5159798974231964 0.44123711340206184 0.5128840180386572 0.43367697594501714 0.5221716561922747 0.4261168384879725 0.5201077366025819 0.4185567010309278 0.5128840180386572 0.41237113402061853 0.5015324602953469 0.40893470790378006 0.49121286234688294
17 0.35876288659793815 0.49430874173142214 0.36563573883161515 0.4994685407056541 0.3738831615120275 0.5180438170128892 0.3731958762886598 0.5077242190644252 0.36701030927835054 0.49534070152626847
14 0.10927835051546392 0.2992683405054539 0.10103092783505155 0.30546009927453227 0.09759450171821306 0.31784361681268897 0.10515463917525773 0.3281632147611529 0.1161512027491409 0.3157796972229962
14 0.12164948453608247 0.24354251158374868 0.111340206185567 0.24767035076313423 0.10859106529209622 0.26418170748067654 0.1161512027491409 0.27656522501883324 0.12508591065292096 0.26418170748067654
14 0.14914089347079035 0.3271312549663065 0.14020618556701028 0.3353869333250777 0.1374570446735395 0.34983437045292715 0.14570446735395187 0.35809004881169826 0.15670103092783502 0.34570653127354156
14 0.10103092783505155 0.33848281270961683 0.09347079037800687 0.35086633024777353 0.10171821305841924 0.35912200860654464 0.10721649484536082 0.3436426116838488
1 0.5463917525773196 0.5324912541407386 0.5512027491408934 0.5448747716788953 0.5429553264604811 0.5500345706531273 0.5429553264604811 0.5613861283964376 0.5367697594501718 0.562418088191284 0.5347079037800687 0.5459067314737418
1 0.43505154639175253 0.5758335655242872 0.4268041237113402 0.5737696459345945 0.422680412371134 0.5892490428572903 0.4274914089347079 0.5995686408057541 0.43505154639175253 0.5933768820366758 0.44673539518900346 0.57789748511398
16 0.6432989690721649 0.6841893439831584 0.6336769759450172 0.7264996955718604 0.6096219931271478 0.788417283262644 0.5869415807560138 0.8276317554668069 0.5635738831615119 0.8493029111585811 0.5388316151202749 0.8885173833627441 0.5175257731958762 0.9349555741308319 0.4487972508591065 0.9741700463349947 0.37044673539518896 0.977265925719534 0.2920962199312715 0.9721061267453018 0.28178694158075596 0.9555947700277596 0.3037800687285223 0.9009009009009009 0.32920962199312714 0.8410472327998101 0.3326460481099657 0.8008008008008007 0.32027491408934705 0.7657141677760234 0.28797250859106527 0.7130842182388574 0.2762886597938144 0.6749017058295409 0.2941580756013745 0.6181439171129892 0.30859106529209623 0.5768655253191335 0.32920962199312714 0.5407469324995098 0.35876288659793815 0.538683012909817 0.3505154639175258 0.509788138654118 0.3347079037800687 0.4633499478860304 0.32783505154639175 0.41691175711794265 0.3347079037800687 0.3807931642983189 0.3553264604810996 0.3694416065550086 0.3841924398625429 0.36531376737562304 0.38625429553264606 0.41691175711794265 0.40068728522336766 0.4189756767076354 0.4199312714776632 0.40865607875917154 0.4329896907216495 0.3911127622467829 0.4288659793814433 0.4127839179385571 0.4268041237113402 0.43548703342517775 0.43986254295532645 0.42723135506640664 0.4584192439862543 0.39833648081070755 0.4735395189003436 0.39008080245193644 0.46735395189003437 0.41691175711794265 0.4783505154639175 0.4396148726045633 0.49209621993127145 0.3911127622467829 0.5058419243986254 0.3797612045034725 0.5120274914089347 0.42413547568186744 0.5168384879725085 0.4478705509633344 0.5305841924398624 0.433423113835485 0.534020618556701 0.40556019937463234 0.540893470790378 0.3807931642983189 0.5567010309278351 0.38698492306739724 0.5491408934707904 0.42103959629732823 0.5745704467353951 0.4365189932200241 0.6 0.4396148726045633 0.6206185567010309 0.43135919424579217 0.6412371134020618 0.4406468323994097 0.6515463917525772 0.46850974686026226 0.6584192439862543 0.5159798974231964 0.6646048109965635 0.5686098469603624 0.6673539518900343 0.5954408016263686 0.6659793814432989 0.6274315552666068 0.6563573883161512 0.6676779872656161
17 0.6432989690721649 0.5923449222418294 0.6432989690721649 0.6243356758820676 0.6556701030927835 0.6274315552666068 0.6639175257731958 0.6336233140356852 0.6804123711340205 0.6212397964975285 0.6756013745704468 0.6150480377284501 0.6680412371134021 0.6233037160872212 0.6584192439862543 0.6181439171129892 0.6522336769759449 0.6191758769078356 0.647422680412371 0.6181439171129892
1 0.46116838487972506 0.751266730648174 0.44673539518900346 0.7574584894172522 0.4487972508591065 0.7667461275708698 0.47147766323024054 0.7657141677760234 0.47010309278350515 0.7368192935203244 0.46254295532646045 0.7368192935203244
17 0.5087190527448869 0.8584855038030494 0.5115177610333691 0.8610715128476161 0.5171151776103337 0.8571924992807661 0.5227125941872981 0.8659202798061785 0.5291711517761033 0.864950526414466 0.5336921420882669 0.8639807730227534 0.5373519913885898 0.8733550558093076 0.5446716899892357 0.8717388001564534 0.5399354144241119 0.8662435309367493 0.5379978471474703 0.8630110196310411 0.5459634015069966 0.8571924992807661 0.5504843918191603 0.8526669834527744 0.55005382131324 0.8439392029273621 0.548762109795479 0.8374741803159456 0.5427341227125941 0.8368276780548038 0.5336921420882669 0.8361811757936621 0.5334768568353068 0.840383440491083 0.541442411194833 0.8407066916216538 0.5457481162540365 0.8413531938827955 0.5466092572658772 0.8484647187553537 0.5429494079655544 0.8542832391056286 0.5399354144241119 0.8571924992807661 0.5362755651237889 0.8539599879750579 0.5315392895586651 0.8591320060641912 0.5283100107642626 0.8630110196310411 0.5240043057050591 0.8591320060641912 0.5218514531754574 0.8529902345833453 0.5192680301399354 0.8494344721470662 0.5160387513455328 0.8507274766693496
17 0.49257265877287404 0.8659202798061785 0.5054897739504843 0.8626877685004701 0.5057050592034446 0.8523437323222036 0.5136706135629708 0.8487879698859244 0.5115177610333691 0.845878709710787 0.5033369214208826 0.8471717142330704 0.5020452099031216 0.8575157504113369 0.4932185145317545 0.8588087549336202
1 0.40559741657696446 0.7317710606192844 0.40516684607104414 0.7450243569726884 0.40947255113024755 0.7498731239312509 0.4210979547900968 0.7479336171478259 0.4241119483315392 0.7414685945364093 0.41765339074273405 0.7404988411446969 0.41420882669537135 0.7304780560970011
15 0.07669902912621358 0.04918510743753463 0.07087378640776698 0.05027843377357943 0.06577669902912621 0.05647394967783319 0.06553398058252427 0.06558500247820638 0.07233009708737863 0.07141607627044522 0.08228155339805825 0.06922942359835565 0.0837378640776699 0.06011837079798247
0 0.07669902912621358 0.04918510743753463 0.07087378640776698 0.05027843377357943 0.06577669902912621 0.05647394967783319 0.06553398058252427 0.06558500247820638 0.07233009708737863 0.07141607627044522 0.08228155339805825 0.06922942359835565 0.0837378640776699 0.06011837079798247
9 0.12164948453608247 0.24354251158374868 0.111340206185567 0.24767035076313423 0.10859106529209622 0.26418170748067654 0.1161512027491409 0.27656522501883324 0.12508591065292096 0.26418170748067654
9 0.10927835051546392 0.2992683405054539 0.10103092783505155 0.30546009927453227 0.09759450171821306 0.31784361681268897 0.10515463917525773 0.3281632147611529 0.1161512027491409 0.3157796972229962
9 0.14914089347079035 0.3271312549663065 0.14020618556701028 0.3353869333250777 0.1374570446735395 0.34983437045292715 0.14570446735395187 0.35809004881169826 0.15670103092783502 0.34570653127354156
9 0.10103092783505155 0.33848281270961683 0.09347079037800687 0.35086633024777353 0.10171821305841924 0.35912200860654464 0.10721649484536082 0.3436426116838488
