17 0.3386550556361877 0.38703434929850017 0.3384131591678761 0.40856313497822927 0.3347847121432027 0.4177552007740687 0.3284954039671021 0.42331881954523465 0.3270440251572327 0.4400096758587324 0.3313981615868408 0.4395258829221093 0.3313981615868408 0.43057571359458147 0.3367198838896952 0.42356071601354617 0.3408321238509917 0.4177552007740687 0.345670053217223 0.42356071601354617 0.34663763909046924 0.4354136429608127 0.34808901790033864 0.43880019351717464 0.3541364296081277 0.43855829704886307 0.35389453313981617 0.42791485244315436 0.3522012578616352 0.4225931301402999 0.3449443638122883 0.41702951136913397 0.34204160619254953 0.41219158200290273 0.3451862602805999 0.38679245283018865
17 0.2641509433962264 0.4417029511369134 0.2660861151427189 0.44750846637639086 0.27358490566037735 0.4550072568940493 0.27745524915336234 0.4591194968553459 0.2798742138364779 0.4574262215771649 0.27672955974842767 0.45162070633768747 0.27213352685050796 0.44581519109821
17 0.27721335268505076 0.44726656990807934 0.2830188679245283 0.4530720851475568 0.2912433478471214 0.44799225931301395 0.29438800193517173 0.45162070633768747 0.2965650701499758 0.44944363812288335 0.2926947266569908 0.44533139816158673 0.29245283018867924 0.44146105466860175 0.2878567972907595 0.442428640541848 0.2873730043541364 0.44799225931301395 0.2842283502660861 0.44871794871794873 0.2815674891146589 0.44484760522496364
17 0.3519593613933237 0.4937106918238993 0.35147556845670047 0.5067731011127237 0.35703918722786643 0.5089501693275278 0.3621190130624093 0.5135462022254474 0.36477987421383645 0.519351717464925 0.36913401064344453 0.519351717464925 0.36840832123850986 0.5157232704402516 0.3645379777455249 0.5091920657958393 0.36090953072085147 0.5074987905176583 0.3558297048863086 0.5053217223028543 0.35679729075955485 0.4954039671020803
17 0.38727624576681174 0.49685534591194963 0.3928398645379777 0.49201741654571846 0.39864537977745523 0.48451862602806 0.39985486211901305 0.4895984518626027 0.39574262215771644 0.4975810353168843 0.38824383164005805 0.5014513788098693
17 0.38292210933720366 0.4871794871794871 0.384373488147073 0.4975810353168843 0.38703434929850017 0.4958877600387034 0.3863086598935655 0.48645379777455244
17 0.36018384131591674 0.4910498306724722 0.3597000483792936 0.49492017416545714 0.3642960812772133 0.4917755200774068 0.3710691823899371 0.48790517658442184 0.3725205611998065 0.4842767295597484 0.3720367682631833 0.47992259313014024
17 0.33647798742138363 0.6003870343492985 0.34010643444605704 0.5996613449443637 0.34421867440735365 0.6047411707789065 0.3468795355587808 0.6052249637155297 0.3476052249637155 0.60062893081761 0.35026608611514265 0.6008708272859216 0.3512336719883889 0.6095791001451378 0.35994194484760517 0.6107885824866957 0.36066763425253984 0.6132075471698113 0.35147556845670047 0.614417029511369 0.34663763909046924 0.6103047895500725 0.3427672955974842 0.6057087566521528
17 0.3476052249637155 0.540880503144654 0.35171746492501205 0.5399129172714078 0.3541364296081277 0.5449927431059506 0.35945815191098207 0.5447508466376391 0.3655055636187711 0.5401548137397194 0.368892114175133 0.5440251572327044 0.3640541848089018 0.5466860183841316 0.36719883889695204 0.5529753265602322 0.3626028059990324 0.55418480890179 0.35994194484760517 0.5488630865989356 0.3529269472665699 0.5498306724721819 0.3512336719883889 0.5442670537010159 0.34784712143202706 0.5449927431059506
17 0.33647798742138363 0.5273343009192065 0.3454281567489115 0.5244315432994677 0.35026608611514265 0.5147556845670053 0.3536526366715046 0.5166908563134978 0.35026608611514265 0.5227382680212869 0.353410740203193 0.527092404450895 0.3471214320270924 0.534833091436865 0.3473633284954039 0.5307208514755685 0.34784712143202706 0.5268505079825835 0.337929366231253 0.53096274794388
17 0.3313981615868408 0.4697629414610546 0.3304305757135946 0.4777455249153362 0.3321238509917755 0.4808901790033865 0.332365747460087 0.49201741654571846 0.3403483309143686 0.4954039671020803 0.3350266086115143 0.49903241412675375 0.33889695210449927 0.5045960328979197 0.3410740203193033 0.5024189646831156 0.3403483309143686 0.5004837929366232 0.34615384615384615 0.49903241412675375 0.345670053217223 0.4958877600387034 0.33889695210449927 0.49274310595065307 0.3347847121432027 0.48451862602806 0.33454281567489114 0.4811320754716981 0.33357522980164483 0.47798742138364775 0.33623609095307205 0.4719400096758587
17 0.3318819545234639 0.4588776003870343 0.33164005805515234 0.46298984034833085 0.33986453797774546 0.4702467343976777 0.34179970972423795 0.47750362844702465 0.3449443638122883 0.478955007256894 0.34446057087566523 0.47290759554910494 0.34663763909046924 0.46710208030962747 0.3427672955974842 0.4615384615384615 0.3410740203193033 0.4661344944363812
17 0.25253991291727135 0.558055152394775 0.2535074987905176 0.5638606676342525 0.25858732462506046 0.5621673923560716 0.264392839864538 0.5607160135462022 0.26342525399129174 0.5578132559264634 0.25882922109337203 0.5570875665215288
17 0.2784228350266086 0.5672472181906143 0.2808417997097242 0.56192549588776 0.2861635220125786 0.5587808417997097 0.28882438316400577 0.5483792936623124 0.29898403483309144 0.5466860183841316 0.29414610546686015 0.5512820512820512 0.29221093372036766 0.5587808417997097 0.2868892114175133 0.5628930817610063 0.28519593613933236 0.5660377358490566
17 0.26511852926947266 0.5135462022254474 0.26826318335752297 0.5181422351233671 0.2648766328011611 0.5210449927431059 0.26705370101596515 0.5241896468311562 0.26342525399129174 0.5341074020319303 0.2612481857764876 0.5418480890179003 0.2619738751814223 0.5452346395742622 0.2646347363328495 0.5466860183841316 0.26511852926947266 0.5507982583454281 0.26705370101596515 0.5488630865989356 0.2646347363328495 0.5418480890179003 0.2663280116110305 0.5358006773101113 0.2685050798258345 0.5302370585389453 0.2699564586357039 0.5229801644895984 0.2711659409772617 0.5166908563134978 0.27092404450895013 0.5118529269472666
17 0.37227414330218067 0.4924714434060228 0.37331256490134995 0.5080477673935617 0.37668743509865005 0.5083073727933541 0.3805815160955348 0.5186915887850467 0.3839563862928349 0.5158359293873312 0.3805815160955348 0.5064901349948079 0.37642782969885774 0.5059709241952233 0.37487019730010385 0.4924714434060228
17 0.3852544132917965 0.5051921079958464 0.38681204569055033 0.5155763239875389 0.3894080996884735 0.5142782969885774 0.3899273104880582 0.5096053997923157 0.39745586708203534 0.5062305295950156 0.39408099688473525 0.5054517133956387
16 0.3049019607843137 0.37107843137254903 0.2598039215686274 0.3921568627450981 0.225 0.4107843137254902 0.2127450980392157 0.44166666666666665 0.2053921568627451 0.4725490196078432 0.20784313725490194 0.5151960784313726 0.2181372549019608 0.5549019607843138 0.23970588235294116 0.5857843137254902 0.2598039215686274 0.6127450980392157 0.2823529411764706 0.628921568627451 0.30833333333333335 0.6475490196078432 0.32745098039215687 0.6583333333333333 0.3509803921568628 0.6627450980392158 0.4 0.6583333333333333 0.4205882352941177 0.6446078431372548 0.43970588235294117 0.6225490196078431 0.45539215686274515 0.5950980392156863 0.46274509803921565 0.575 0.471078431372549 0.5460784313725491 0.4720588235294118 0.5107843137254903 0.46764705882352947 0.4803921568627451 0.46225490196078434 0.45735294117647063 0.4436274509803922 0.43774509803921563 0.421078431372549 0.4254901960784314 0.403921568627451 0.4117647058823529 0.3906862745098039 0.39607843137254906 0.382843137254902 0.38333333333333336 0.3661764705882353 0.3730392156862745 0.3475490196078431 0.36715686274509807 0.3313725490196079 0.3642156862745098 0.32598039215686275 0.3612745098039216
