11 0.8885836794854617 0.6204003854915018 0.8818839608736434 0.6351848606973893 0.8776205035752136 0.6461363238128615 0.8837111568586847 0.6554450674610128 0.8971105940823214 0.6532547748379185 0.9044193780224868 0.6395654459435781 0.9038103126941396 0.6275188365165587 0.9001559207240569 0.6204003854915018
0 0.8885836794854617 0.6204003854915018 0.8818839608736434 0.6351848606973893 0.8776205035752136 0.6461363238128615 0.8837111568586847 0.6554450674610128 0.8971105940823214 0.6532547748379185 0.9044193780224868 0.6395654459435781 0.9038103126941396 0.6275188365165587 0.9001559207240569 0.6204003854915018
2 0.5146175678803308 0.3509943928508849 0.5146175678803308 0.35975556334326264 0.5219263518204963 0.356470124408621
2 0.4352065867035026 0.45125909895730865 0.4358904222000356 0.45679224867204404 0.44067727067576623 0.45648485146566986 0.4410191884240327 0.45279608498917956
2 0.4940164394053366 0.5195012787723785 0.4947002749018696 0.5281084005508558 0.49880328788106737 0.526878811725359 0.4984613701328009 0.5198086759787527
2 0.5162410930426576 0.4899911469604564 0.5179506817839901 0.49675388550068855 0.5251309544975861 0.4961390910879402 0.5244471190010531 0.4902985441668306
2 0.45845699358562303 0.49798347432618534 0.4598246645786889 0.5035166240409207 0.4659791840474855 0.5016722408026756 0.4652953485509526 0.49767607711981116
2 0.47008219702668325 0.5207308675978752 0.47179178576801567 0.5262640173126106 0.47589479874721335 0.5244196340743655 0.47486904550241393 0.5207308675978752
2 0.47794630523681225 0.5207308675978752 0.48033972947467757 0.5256492228998623 0.48444274245387525 0.5238048396616171 0.48204931821601 0.5195012787723785
2 0.585308478192486 0.5345637418847138 0.585308478192486 0.5468596301396812 0.5880438201786179 0.5459374385205588 0.5883857379268843 0.5367155223293331
8 0.5866761491855519 0.45371827660830216 0.5883857379268843 0.4626327955931536 0.5911210799130161 0.4709325201652567 0.5962498461370133 0.46939553413338575 0.5976175171300793 0.46232539838677944 0.5941983396474144 0.45402567381467634
8 0.6034301188506093 0.43281526657485736 0.6024043656058099 0.4472629352744442 0.6092427205711394 0.44664814086169585 0.6112942270607382 0.4334300609876057
8 0.6854903784345638 0.5025944324217981 0.6865161316793632 0.5099719653747786 0.7049796900857529 0.5139681290576431 0.7053216078340195 0.5093571709620303 0.6967736641273575 0.5081275821365335 0.6960898286308246 0.5029018296281723
8 0.6834388719449649 0.4229785559708833 0.6745490104900366 0.4269747196537477 0.6807035299588331 0.43496704701947664 0.6906191446585609 0.4297412945111155
8 0.7408810536537331 0.4122196537477867 0.7449840666329308 0.4183675978752705 0.7555835168291916 0.4128344481605351 0.7497709151086615 0.4122196537477867 0.7477194086190625 0.4085308872712965
8 0.7928525513902376 0.3968497934290773 0.8034520015864984 0.39592760180995473 0.8089226855587619 0.39039445209521934 0.8044777548312978 0.3860908912059807 0.7986651531107677 0.3907018493015935 0.7935363868867705 0.39131664371434194
8 0.792510633641971 0.6273976982097186 0.7914848803971717 0.6320086563053314 0.7986651531107677 0.6363122171945701 0.8031100838382318 0.6353900255754475 0.8027681660899655 0.6258607121778478 0.7990070708590341 0.6252459177650993 0.7969555643694354 0.6273976982097186
9 0.5866761491855519 0.45371827660830216 0.5883857379268843 0.4626327955931536 0.5911210799130161 0.4709325201652567 0.5962498461370133 0.46939553413338575 0.5976175171300793 0.46232539838677944 0.5941983396474144 0.45402567381467634
9 0.5866761491855519 0.45371827660830216 0.5883857379268843 0.4626327955931536 0.5911210799130161 0.4709325201652567 0.5962498461370133 0.46939553413338575 0.5976175171300793 0.46232539838677944 0.5941983396474144 0.45402567381467634
9 0.6034301188506093 0.43281526657485736 0.6024043656058099 0.4472629352744442 0.6092427205711394 0.44664814086169585 0.6112942270607382 0.4334300609876057
9 0.6854903784345638 0.5025944324217981 0.6865161316793632 0.5099719653747786 0.7049796900857529 0.5139681290576431 0.7053216078340195 0.5093571709620303 0.6967736641273575 0.5081275821365335 0.6960898286308246 0.5029018296281723
9 0.6834388719449649 0.4229785559708833 0.6745490104900366 0.4269747196537477 0.6807035299588331 0.43496704701947664 0.6906191446585609 0.4297412945111155
9 0.7408810536537331 0.4122196537477867 0.7449840666329308 0.4183675978752705 0.7555835168291916 0.4128344481605351 0.7497709151086615 0.4122196537477867 0.7477194086190625 0.4085308872712965
9 0.7928525513902376 0.3968497934290773 0.8034520015864984 0.39592760180995473 0.8089226855587619 0.39039445209521934 0.8044777548312978 0.3860908912059807 0.7986651531107677 0.3907018493015935 0.7935363868867705 0.39131664371434194
9 0.792510633641971 0.6273976982097186 0.7914848803971717 0.6320086563053314 0.7986651531107677 0.6363122171945701 0.8031100838382318 0.6353900255754475 0.8027681660899655 0.6258607121778478 0.7990070708590341 0.6252459177650993 0.7969555643694354 0.6273976982097186
1 0.7858663011425633 0.5553330522765599 0.7795537960700146 0.5618189778181347 0.773241290997466 0.5731693475158905 0.7818082621673536 0.5751961992476328 0.7890225536788378 0.5756015695939811 0.7926296994345798 0.568710273706058 0.7899243401177732 0.5614136074717864
1 0.6136250913058768 0.5358752756518356 0.6032545472581182 0.5387128680762745 0.5987456150634406 0.5423612011934104 0.6032545472581182 0.5488471267349851 0.6064107997943926 0.5561437929692568 0.6176831302810868 0.5557384226229083 0.6226429556952322 0.5480363860422883 0.6221920624757644 0.5427665715397588
11 0.53313147591955 0.8766537876126917 0.525399034665755 0.8777514342582836 0.52173629933501 0.8832396674862427 0.524585093481145 0.8879961362838075 0.533538446511855 0.8905573117901885 0.54045694658104 0.8876302540686102 0.5416778583579551 0.8806784919798617
0 0.53313147591955 0.8766537876126917 0.525399034665755 0.8777514342582836 0.52173629933501 0.8832396674862427 0.524585093481145 0.8879961362838075 0.533538446511855 0.8905573117901885 0.54045694658104 0.8876302540686102 0.5416778583579551 0.8806784919798617
13 0.7834150016035323 0.4867570539641669 0.7744650541844733 0.4867570539641669 0.7692442515233556 0.4921212852698208 0.7699900804749439 0.49949710331509495 0.7800587713213851 0.5015086900547151 0.7867712318856793 0.4991618388584916 0.7867712318856793 0.4931270786396309
13 0.6655740272525899 0.4736817401566355 0.6581157377367074 0.4766991202660658 0.6610990535430604 0.4847454672245467 0.6707948299137075 0.48105755820190965
0 0.6655740272525899 0.4736817401566355 0.6581157377367074 0.4766991202660658 0.6610990535430604 0.4847454672245467 0.6707948299137075 0.48105755820190965
0 0.7834150016035323 0.4867570539641669 0.7744650541844733 0.4867570539641669 0.7692442515233556 0.4921212852698208 0.7699900804749439 0.49949710331509495 0.7800587713213851 0.5015086900547151 0.7867712318856793 0.4991618388584916 0.7867712318856793 0.4931270786396309
