14 0.8427579365079365 0.5188492063492063 0.839781746031746 0.5357142857142858 0.8462301587301587 0.5337301587301588 0.8482142857142858 0.5391865079365079 0.853670634920635 0.5372023809523809 0.8571428571428571 0.5208333333333333 0.8526785714285715 0.5178571428571429 0.8516865079365079 0.5233134920634921
14 0.8695436507936508 0.5 0.8645833333333334 0.511904761904762 0.871031746031746 0.5133928571428571 0.875 0.5064484126984128
18 0.7043650793650793 0.5277777777777778 0.6984126984126984 0.5282738095238095 0.695436507936508 0.5337301587301588 0.6969246031746031 0.5391865079365079 0.7033730158730159 0.5391865079365079 0.7083333333333334 0.535218253968254
18 0.5391865079365079 0.5252976190476191 0.5337301587301588 0.527281746031746 0.533234126984127 0.5322420634920635 0.5381944444444444 0.535218253968254 0.543154761904762 0.533234126984127
18 0.5178571428571429 0.543154761904762 0.513888888888889 0.5461309523809523 0.5133928571428571 0.5530753968253969 0.5178571428571429 0.5575396825396826 0.5228174603174603 0.5545634920634921 0.5238095238095238 0.5500992063492063
18 0.541170634920635 0.5391865079365079 0.5357142857142858 0.5376984126984128 0.5337301587301588 0.5421626984126984 0.5357142857142858 0.5466269841269842 0.5401785714285714 0.545138888888889
18 0.5317460317460317 0.5362103174603174 0.527281746031746 0.5367063492063492 0.5248015873015873 0.5416666666666667 0.527281746031746 0.5456349206349207 0.5317460317460317 0.5441468253968254
18 0.7509920634920635 0.543154761904762 0.7450396825396826 0.5446428571428571 0.7440476190476191 0.5496031746031746 0.75 0.5505952380952381
18 0.697332974137931 0.5505118534482759 0.6929552801724138 0.550848599137931 0.6905980603448276 0.5542160560344828 0.6939655172413793 0.5575835129310345 0.6996901939655172 0.5558997844827587 0.7007004310344829 0.5532058189655172
18 0.6980064655172413 0.6525457974137931 0.6919450431034483 0.6532192887931034 0.6905980603448276 0.6572602370689655 0.6939655172413793 0.6592807112068966 0.6993534482758621 0.6575969827586208
15 0.666015625 0.9158809267241381 0.6602909482758621 0.9189116379310345 0.6575969827586208 0.9256465517241381 0.6592807112068966 0.9317079741379309 0.6656788793103449 0.9327182112068965 0.6710668103448276 0.9290140086206897 0.6730872844827587 0.9232893318965516 0.6714035560344829 0.9195851293103449
18 0.5269396551724138 0.564318426724138 0.5198679956896551 0.5666756465517242 0.5168372844827587 0.572063577586207 0.5212149784482759 0.5757677801724138 0.5269396551724138 0.5754310344827587 0.5319908405172413 0.5717268318965518 0.529296875 0.5670123922413793
18 0.5407462284482759 0.564318426724138 0.5360317887931034 0.5649919181034483 0.5333378232758621 0.5707165948275862 0.5380522629310345 0.5747575431034483 0.5424299568965518 0.5734105603448276
18 0.5478178879310345 0.5609509698275862 0.5424299568965518 0.5626346982758621 0.542766702586207 0.568359375 0.5461341594827587 0.570379849137931 0.5501751077586208 0.5666756465517242
18 0.5367052801724138 0.5804822198275862 0.5316540948275862 0.5841864224137931 0.5346848060344828 0.587890625 0.5387257543103449 0.5865436422413793 0.5400727370689655 0.5835129310344828
15 0.8710937499999998 0.7595538403614458 0.8659167921686747 0.7628482680722891 0.8630929969879517 0.7694371234939759 0.868269954819277 0.7736728162650602 0.8734469126506023 0.7713196536144579 0.8748588102409638 0.7661426957831325
15 0.8635636295180722 0.7708490210843373 0.8588573042168675 0.7750847138554218 0.8569747740963856 0.7821442018072289 0.8593279367469879 0.7887330572289157 0.8668580572289155 0.7849679969879518 0.8696818524096385 0.7788497740963856
14 0.3995199548192771 0.6997835090361446 0.3924604668674699 0.7007247740963856 0.3910485692771084 0.7101374246987951 0.3952842620481928 0.7171969126506024 0.40140248493975905 0.71484375 0.40563817771084343 0.7087255271084337
14 0.8089702560240963 0.4781155873493976 0.8141472138554215 0.48658697289156627 0.814617846385542 0.4927051957831326 0.8197948042168675 0.4912932981927711 0.8188535391566264 0.482351280120482 0.814617846385542 0.47576242469879515
14 0.8339137801204819 0.5054122740963856 0.8386201054216867 0.5152955572289157 0.84191453313253 0.5063535391566265
13 0.7091961596385542 0.8734469126506023 0.7016660391566265 0.8772119728915662 0.6983716114457831 0.8856833584337348 0.6993128765060241 0.8969785391566264 0.7049604668674699 0.9002729668674698 0.713902484939759 0.8969785391566264 0.7167262801204819 0.8894484186746986 0.7167262801204819 0.8823889307228916
13 0.6696630271084337 0.8866246234939759 0.6626035391566265 0.8894484186746986 0.6626035391566265 0.8969785391566264 0.6673098644578312 0.9016848644578312 0.6753106174698795 0.8988610692771083 0.676722515060241 0.8918015813253011
13 0.7059017319277109 0.6979009789156627 0.6983716114457831 0.6988422439759037 0.6960184487951807 0.7077842620481928 0.6964890813253012 0.7167262801204819 0.7044898343373494 0.7186088102409639 0.7091961596385542 0.7129612198795181 0.7091961596385542 0.7063723644578312
13 0.40328501506024106 0.9233339608433735 0.39622552710843373 0.9238045933734937 0.3948136295180723 0.9308640813253011 0.40093185240963863 0.9341585090361445 0.4061088102409639 0.9308640813253011 0.4079913403614458 0.9256871234939759
18 0.4188158885542169 0.9045086596385541 0.41410956325301207 0.9059205572289155 0.4112857680722892 0.9115681475903614 0.4164627259036145 0.9153332078313252 0.42211031626506024 0.9134506777108433 0.4230515813253012 0.9087443524096385
18 0.404226280120482 0.8993317018072288 0.40093185240963863 0.9007435993975903 0.40093185240963863 0.9049792921686747 0.40563817771084343 0.906391189759036 0.4089326054216868 0.9035673945783131
9 0.3995199548192771 0.6997835090361446 0.3924604668674699 0.7007247740963856 0.3910485692771084 0.7101374246987951 0.3952842620481928 0.7171969126506024 0.40140248493975905 0.71484375 0.40563817771084343 0.7087255271084337
9 0.8427579365079365 0.5188492063492063 0.839781746031746 0.5357142857142858 0.8462301587301587 0.5337301587301588 0.8482142857142858 0.5391865079365079 0.853670634920635 0.5372023809523809 0.8571428571428571 0.5208333333333333 0.8526785714285715 0.5178571428571429 0.8516865079365079 0.5233134920634921
9 0.8695436507936508 0.5 0.8645833333333334 0.511904761904762 0.871031746031746 0.5133928571428571 0.875 0.5064484126984128
9 0.8339137801204819 0.5054122740963856 0.8386201054216867 0.5152955572289157 0.84191453313253 0.5063535391566265
9 0.8089702560240963 0.4781155873493976 0.8141472138554215 0.48658697289156627 0.814617846385542 0.4927051957831326 0.8197948042168675 0.4912932981927711 0.8188535391566264 0.482351280120482 0.814617846385542 0.47576242469879515
0 0.8635636295180722 0.7708490210843373 0.8588573042168675 0.7750847138554218 0.8569747740963856 0.7821442018072289 0.8593279367469879 0.7887330572289157 0.8668580572289155 0.7849679969879518 0.8696818524096385 0.7788497740963856
0 0.8710937499999998 0.7595538403614458 0.8659167921686747 0.7628482680722891 0.8630929969879517 0.7694371234939759 0.868269954819277 0.7736728162650602 0.8734469126506023 0.7713196536144579 0.8748588102409638 0.7661426957831325
0 0.7091961596385542 0.8734469126506023 0.7016660391566265 0.8772119728915662 0.6983716114457831 0.8856833584337348 0.6993128765060241 0.8969785391566264 0.7049604668674699 0.9002729668674698 0.713902484939759 0.8969785391566264 0.7167262801204819 0.8894484186746986 0.7167262801204819 0.8823889307228916
0 0.6696630271084337 0.8866246234939759 0.6626035391566265 0.8894484186746986 0.6626035391566265 0.8969785391566264 0.6673098644578312 0.9016848644578312 0.6753106174698795 0.8988610692771083 0.676722515060241 0.8918015813253011
0 0.666015625 0.9158809267241381 0.6602909482758621 0.9189116379310345 0.6575969827586208 0.9256465517241381 0.6592807112068966 0.9317079741379309 0.6656788793103449 0.9327182112068965 0.6710668103448276 0.9290140086206897 0.6730872844827587 0.9232893318965516 0.6714035560344829 0.9195851293103449
0 0.40328501506024106 0.9233339608433735 0.39622552710843373 0.9238045933734937 0.3948136295180723 0.9308640813253011 0.40093185240963863 0.9341585090361445 0.4061088102409639 0.9308640813253011 0.4079913403614458 0.9256871234939759
