11 0.3529283216783217 0.6840034965034965 0.3425480769230769 0.6883741258741259 0.33380681818181823 0.696569055944056 0.3348994755244755 0.7096809440559441 0.34801136363636365 0.712958916083916 0.3611232517482518 0.7069493006993007 0.36330856643356646 0.6971153846153847
15 0.423951048951049 0.16499125874125875 0.4157561188811189 0.16717657342657344 0.4135708041958043 0.1753715034965035 0.41903409090909094 0.18192744755244755 0.42668269230769235 0.1808347902097902 0.4294143356643357 0.17427884615384617
15 0.45399912587412594 0.19503933566433568 0.4463505244755245 0.19613199300699302 0.44416520979020985 0.20378059440559443 0.45072115384615385 0.20760489510489513 0.4561844405594406 0.20378059440559443
18 0.47530594405594406 0.20323426573426576 0.46984265734265734 0.20541958041958042 0.4709353146853147 0.21252185314685318 0.4763986013986014 0.2119755244755245 0.47913024475524474 0.20760489510489513
18 0.5217438811188811 0.5140952797202798 0.5157342657342657 0.5162805944055944 0.5162805944055944 0.5239291958041958 0.5239291958041958 0.5233828671328672 0.5255681818181819 0.5190122377622377
13 0.3321678321678322 0.5217438811188811 0.3256118881118881 0.5222902097902098 0.32124125874125875 0.5304851398601399 0.3283435314685315 0.5375874125874126 0.3348994755244755 0.5343094405594406 0.3348994755244755 0.5288461538461539
13 0.35402097902097907 0.5272071678321678 0.34855769230769235 0.5315777972027973 0.349104020979021 0.540319055944056 0.3567526223776224 0.5414117132867133 0.3589379370629371 0.5359484265734266
0 0.423951048951049 0.16499125874125875 0.4157561188811189 0.16717657342657344 0.4135708041958043 0.1753715034965035 0.41903409090909094 0.18192744755244755 0.42668269230769235 0.1808347902097902 0.4294143356643357 0.17427884615384617
0 0.45399912587412594 0.19503933566433568 0.4463505244755245 0.19613199300699302 0.44416520979020985 0.20378059440559443 0.45072115384615385 0.20760489510489513 0.4561844405594406 0.20378059440559443
0 0.3321678321678322 0.5217438811188811 0.3256118881118881 0.5222902097902098 0.32124125874125875 0.5304851398601399 0.3283435314685315 0.5375874125874126 0.3348994755244755 0.5343094405594406 0.3348994755244755 0.5288461538461539
0 0.35402097902097907 0.5272071678321678 0.34855769230769235 0.5315777972027973 0.349104020979021 0.540319055944056 0.3567526223776224 0.5414117132867133 0.3589379370629371 0.5359484265734266
0 0.3529283216783217 0.6840034965034965 0.3425480769230769 0.6883741258741259 0.33380681818181823 0.696569055944056 0.3348994755244755 0.7096809440559441 0.34801136363636365 0.712958916083916 0.3611232517482518 0.7069493006993007 0.36330856643356646 0.6971153846153847
