13 0.2755524861878453 0.719799192520187 0.26160752231194223 0.7105025499362516 0.25164683382915426 0.7111665958351041 0.24832660433489165 0.7244475138121547 0.25098278793030177 0.7370643858903527 0.26559179770505736 0.7383924776880578 0.2682479813004675 0.7317520186995325 0.2768805779855504 0.7310879728006798
0 0.2755524861878453 0.719799192520187 0.26160752231194223 0.7105025499362516 0.25164683382915426 0.7111665958351041 0.24832660433489165 0.7244475138121547 0.25098278793030177 0.7370643858903527 0.26559179770505736 0.7383924776880578 0.2682479813004675 0.7317520186995325 0.2768805779855504 0.7310879728006798
2 0.3663536076326774 0.5959302325581395 0.37231663685152055 0.5955575432319619 0.3719439475253429 0.6030113297555159 0.36672629695885506 0.6030113297555159
2 0.4237477638640429 0.5482259988073941 0.4233750745378652 0.5541890280262373 0.43455575432319615 0.5526982707215266 0.4326923076923077 0.5415175909361956
2 0.4379099582587954 0.5772957662492546 0.43828264758497315 0.5821407274895647 0.4427549194991055 0.581768038163387 0.4423822301729278 0.5776684555754323
2 0.3834973166368515 0.6097197376267144 0.3812611806797853 0.6168008348240905 0.38536076326774 0.616428145497913
2 0.46213476446034585 0.6168008348240905 0.4625074537865235 0.6246273106738223 0.4673524150268336 0.6235092426952892
2 0.49977638640429334 0.637298747763864 0.4926952892069171 0.6436344663088849 0.5008944543828264 0.6440071556350625
2 0.47666964818127605 0.6320810971973763 0.47927847346451996 0.6391621943947524 0.48710494931425163 0.6376714370900417
2 0.42002087060226595 0.5899672033392963 0.4181574239713774 0.5959302325581395 0.4241204531902206 0.5981663685152057
2 0.48375074537865237 0.5813953488372093 0.48151460942158614 0.589221824686941 0.4882230172927847 0.5922033392963626 0.487850327966607 0.5862403100775194
2 0.5325730471079309 0.5899672033392963 0.5340638044126416 0.5970483005366727 0.5392814549791294 0.5963029218843172 0.5381633870005963 0.5899672033392963
2 0.3659809183064997 0.5899672033392963 0.37231663685152055 0.5836314847942755 0.3738073941562314 0.5884764460345855 0.37119856887298747 0.5922033392963626
2 0.34361955873583777 0.586612999403697 0.33989266547406083 0.5914579606440071 0.34734645199761477 0.5951848539057841 0.35405485986881335 0.5922033392963626
2 0.46213476446034585 0.5895945140131187 0.45728980322003576 0.594066785927251 0.46660703637447826 0.5944394752534288
2 0.5544941020103007 0.5955100515035721 0.5534557235421166 0.6084897823558731 0.557609237414853 0.6090089715899651
