12 0.6502862595419847 0.001431297709923718 0.6419370229007633 0.03602099236641227 0.6526717557251909 0.07299618320610693 0.6479007633587786 0.10877862595419854 0.6371660305343511 0.14336832061068708 0.6371660305343511 0.1755725190839695 0.6490935114503816 0.20896946564885505 0.6574427480916031 0.24713740458015274 0.6657919847328244 0.2841125954198474 0.6711856617647058 0.31387867647058826 0.6729090073529412 0.3227826286764706 0.6760684742647058 0.3313993566176471 0.6815257352941176 0.341452205882353 0.6918658088235294 0.35064338235294124 0.7170801526717557 0.35925572519083976 0.7421278625954197 0.3294370229007634 0.7576335877862596 0.2805343511450382 0.7564408396946565 0.253101145038168 0.7492843511450381 0.22566793893129775 0.7409351145038168 0.19704198473282447 0.7325858778625955 0.16483778625954204 0.7266221374045803 0.12905534351145043 0.7254293893129772 0.0885019083969466 0.7218511450381679 0.05391221374045807 0.7135019083969466 0.026479007633587837 0.7111164122137404 0.001431297709923718
12 0.3628339694656489 0.0002385496183206645 0.3342080152671757 0.025286259541984785 0.29246183206106874 0.05271946564885501 0.2674141221374046 0.06345419847328249 0.23520992366412216 0.05152671755725195 0.24117366412213745 0.08253816793893134 0.24952290076335887 0.12428435114503822 0.2662213740458016 0.16125954198473286 0.29246183206106874 0.19465648854961837 0.32585877862595425 0.2197041984732825 0.35209923664122145 0.23163167938931303 0.37237595419847336 0.21493320610687028 0.38549618320610696 0.1910782442748092 0.4057729007633588 0.16006679389312983 0.4224713740458016 0.12905534351145043 0.44751908396946566 0.12905534351145043 0.476145038167939 0.14456106870229013 0.5 0.1684160305343512 0.521469465648855 0.17199427480916035 0.5333969465648856 0.14813931297709929 0.5393606870229009 0.11951335877862601 0.5477099236641221 0.08253816793893134 0.5512881679389313 0.046755725190839745 0.5524809160305344 0.024093511450381733 0.545324427480916 0.001431297709923718
6 0.5515095338983051 0.38466631355932207 0.5495233050847458 0.3952595338983051 0.5435646186440678 0.40188029661016955 0.5475370762711865 0.4111493644067797 0.548199152542373 0.4197563559322034 0.5435646186440678 0.4270391949152542 0.5488612288135594 0.44094279661016955 0.5554819915254238 0.42836334745762716 0.5607786016949153 0.4243908898305085 0.5581302966101696 0.4171080508474576 0.5534957627118644 0.4091631355932203 0.5554819915254238 0.39923199152542377 0.5581302966101696 0.3919491525423729
6 0.5975676486166501 0.3707627118644068 0.5902848096335992 0.3760593220338983 0.5902848096335992 0.38466631355932207 0.5975676486166501 0.3912870762711865 0.603526335057328 0.38599046610169496 0.603526335057328 0.3773834745762712
6 0.6680349576271187 0.20127118644067798 0.6627383474576272 0.2131885593220339 0.6627383474576272 0.22444385593220342 0.6660487288135594 0.2323887711864407 0.6739936440677966 0.23371292372881358 0.6806144067796611 0.22974046610169493 0.6839247881355932 0.21848516949152544 0.6826006355932204 0.21054025423728814 0.675979872881356 0.20524364406779663
6 0.6640625 0.1072563559322034 0.658103813559322 0.11520127118644068 0.6554555084745763 0.12778072033898308 0.6607521186440678 0.13572563559322035 0.6680349576271187 0.14234639830508475 0.674655720338983 0.13572563559322035 0.674655720338983 0.12579449152542374 0.6739936440677966 0.1138771186440678
6 0.686573093220339 0.11983580508474576 0.6779661016949153 0.1264565677966102 0.681938559322034 0.14698093220338984 0.6938559322033899 0.13771186440677968
6 0.6931938559322035 0.2396716101694915 0.686573093220339 0.24496822033898305 0.6878972457627119 0.25556144067796616 0.6905455508474577 0.2641684322033898 0.6938559322033899 0.2721133474576271 0.6991525423728814 0.2681408898305085 0.6998146186440678 0.2601959745762712 0.6998146186440678 0.2522510593220339 0.697166313559322 0.24629237288135591
6 0.7097457627118644 0.29992055084745767 0.7024629237288136 0.301906779661017 0.6998146186440678 0.3131620762711865 0.7057733050847458 0.318458686440678 0.7077595338983051 0.32772775423728817 0.7123940677966102 0.3217690677966102 0.7143802966101696 0.3111758474576271 0.7157044491525424 0.3038930084745763
6 0.647510593220339 0.16220868644067798 0.6481726694915254 0.15029131355932204 0.6422139830508475 0.1449947033898305 0.6382415254237288 0.15227754237288135 0.6415519067796611 0.16949152542372883 0.6448622881355932 0.1820709745762712 0.6488347457627119 0.18339512711864409 0.6521451271186441 0.1741260593220339
6 0.675979872881356 0.1595603813559322 0.670021186440678 0.1675052966101695 0.6726694915254238 0.17478813559322035 0.6779661016949153 0.17611228813559324 0.6812764830508475 0.1688294491525424
6 0.6177171610169492 0.2615201271186441 0.6124205508474577 0.26747881355932207 0.6124205508474577 0.2740995762711865 0.6157309322033899 0.2807203389830509 0.6216896186440678 0.2780720338983051 0.6236758474576272 0.2701271186440678
6 0.5673993644067796 0.38466631355932207 0.5634269067796611 0.39856991525423735 0.5640889830508475 0.4111493644067797 0.568061440677966 0.42306673728813565 0.5740201271186441 0.41048728813559326 0.5746822033898306 0.39724576271186446
6 0.5270127118644068 0.4032044491525424 0.525688559322034 0.4157838983050848 0.528998940677966 0.4257150423728814 0.5356197033898306 0.42372881355932207 0.5369438559322035 0.413135593220339 0.5349576271186441 0.40519067796610175
6 0.659427966101695 0.021848516949152543 0.6567796610169492 0.03045550847457627 0.6620762711864407 0.040386652542372885 0.6667108050847458 0.03177966101694916
6 0.6706832627118644 0.0602489406779661 0.6634004237288136 0.06289724576271187 0.6660487288135594 0.0715042372881356 0.6627383474576272 0.07680084745762712 0.670021186440678 0.07878707627118645 0.6753177966101696 0.07415254237288135 0.6726694915254238 0.0681938559322034
6 0.7011387711864407 0.03972457627118644 0.697166313559322 0.04833156779661017 0.7011387711864407 0.05892478813559322 0.704449152542373 0.051641949152542374 0.7057733050847458 0.04568326271186441
6 0.7063563481675392 0.20733802356020944 0.7006299083769634 0.21224640052356025 0.7006299083769634 0.21960896596858642 0.7030840968586387 0.22533540575916233 0.7096285994764397 0.22410831151832467 0.7141279450261779 0.21838187172774873 0.7145369764397905 0.21142833769633512 0.7133098821989529 0.20733802356020944
6 0.7084015052356021 0.2343340968586388 0.7051292539267016 0.23801537958115188 0.7063563481675392 0.24537794502617802 0.7096285994764397 0.24987729057591626 0.7137189136125655 0.24578697643979058 0.7133098821989529 0.23924247382198954
6 0.7231266361256544 0.2584669502617801 0.7198543848167539 0.26419339005235604 0.7218995418848168 0.2707378926701571 0.7268079188481675 0.27032886125654454 0.7268079188481675 0.2629662958115183
6 0.6801783376963351 0.25110438481675396 0.6748609293193717 0.2580579188481676 0.673633835078534 0.26501145287958117 0.6756789921465968 0.2715559554973822 0.6777241492146596 0.2748282068062827 0.6814054319371727 0.27032886125654454 0.6838596204188481 0.2613301701570681
6 0.6625899869109947 0.2376063481675393 0.6617719240837696 0.24455988219895292 0.6638170811518325 0.2527405104712042 0.6662712696335078 0.260512107329843 0.6695435209424083 0.26214823298429324 0.6711796465968586 0.2527405104712042 0.6728157722513088 0.24578697643979058 0.6744518979057591 0.23965150523560214 0.670770615183246 0.2384244109947644 0.6695435209424083 0.24374181937172779 0.6674983638743455 0.2502863219895288 0.6654532068062827 0.24333278795811522 0.6687254581151831 0.2384244109947644
6 0.6916312172774869 0.21470058900523564 0.6879499345549738 0.2220631544502618 0.6891770287958114 0.23024378272251314 0.6940854057591623 0.23106184554973827 0.6957215314136125 0.2245173429319372 0.6953125 0.21960896596858642
6 0.6339073634204275 0.3121288598574822 0.6290825415676959 0.31695368171021376 0.6261134204275535 0.32363420427553447 0.6279691211401425 0.32808788598574823 0.6339073634204275 0.32623218527315917 0.6361342042755345 0.3221496437054632 0.6365053444180522 0.31843824228028506
6 0.6398456057007126 0.376707244655582 0.6368764845605701 0.38116092636579574 0.6376187648456056 0.38747030878859856 0.6417013064133017 0.38895486935866985 0.6446704275534442 0.38413004750593827 0.6446704275534442 0.37967636579572445
6 0.6558046318289786 0.3856146080760095 0.6520932304038005 0.38413004750593827 0.6524643705463183 0.3904394299287411 0.6565469121140143 0.3934085510688836 0.6606294536817102 0.3919239904988124 0.662856294536817 0.3867280285035629 0.6624851543942993 0.38153206650831356
6 0.6788153206650831 0.39006828978622327 0.6739904988123515 0.3963776722090261 0.6728770783847982 0.40417161520190026 0.675103919239905 0.4130789786223278 0.6795576009501187 0.41270783847981 0.6825267220902613 0.4052850356294537 0.6825267220902613 0.3982333729216152
6 0.701083729216152 0.3544388361045131 0.6988568883610451 0.362603919239905 0.6984857482185273 0.3707690023752969 0.7014548693586699 0.3755938242280285 0.7055374109263658 0.3729958432304038 0.7062796912114014 0.3640884798099763 0.705166270783848 0.3581502375296912
6 0.7233521377672208 0.3128711401425178 0.7226098574821853 0.3199228028503563 0.7233521377672208 0.32660332541567694 0.7248366983372921 0.33105700712589076 0.7285480997624704 0.32697446555819476 0.7322595011876485 0.3210362232779097 0.7285480997624704 0.3188093824228028 0.7281769596199525 0.31398456057007124
6 0.7248366983372921 0.29691211401425177 0.7266923990498813 0.302479216152019 0.7263212589073634 0.3106442992874109 0.7304038004750594 0.3102731591448931 0.7318883610451307 0.30433491686460806 0.7341152019002376 0.3021080760095012 0.7315172209026128 0.29691211401425177
6 0.7445071258907363 0.2698188836104513 0.7396823040380047 0.2746437054631829 0.7396823040380047 0.28540676959619954 0.7467339667458432 0.28837589073634207 0.7482185273159145 0.2746437054631829
6 0.6843824228028503 0.2887470308788599 0.685124703087886 0.2950564133016627 0.6843824228028503 0.3039637767220903 0.6877226840855106 0.3073040380047506 0.6921763657957245 0.3039637767220903 0.6925475059382423 0.2972832541567696 0.6903206650831354 0.29320071258907365 0.6899495249406176 0.28800475059382424
6 0.7014548693586699 0.32326306413301664 0.699228028503563 0.3288301662707839 0.7003414489311164 0.3355106888361045 0.7059085510688836 0.3362529691211401 0.7088776722090262 0.332541567695962 0.7062796912114014 0.32845902612826605
6 0.7200118764845607 0.33179928741092635 0.7159293349168646 0.33402612826603323 0.7148159144893111 0.34070665083135393 0.7192695961995249 0.3455314726840855 0.7237232779097387 0.34330463182897863 0.7244655581947743 0.3377375296912114
6 0.6524643705463183 0.14956947743467935 0.6506086698337292 0.15921912114014253 0.6513509501187649 0.16849762470308788 0.6532066508313539 0.17517814726840855 0.6517220902612826 0.18074524940617578 0.6584026128266033 0.18185866983372923 0.6639697149643705 0.1788895486935867 0.6661965558194775 0.17183788598574823 0.6684233966745843 0.16775534441805226 0.6654542755344418 0.16218824228028503 0.662856294536817 0.15625 0.6606294536817102 0.15031175771971497 0.6561757719714965 0.146229216152019
6 0.6747327790973872 0.10206353919239905 0.6762173396674585 0.10800178147268409 0.6821555819477434 0.1135688836104513 0.6821555819477434 0.10911520190023753 0.6806710213776722 0.10503266033254158
6 0.7003414489311164 0.10095011876484561 0.6973723277909738 0.10763064133016627 0.7018260095011877 0.11171318289786222 0.7055374109263658 0.10874406175771971 0.7073931116389549 0.10169239904988123 0.705166270783848 0.09872327790973871
6 0.6970011876484561 0.11839370546318291 0.6958877672209026 0.12767220902612825 0.7007125890736342 0.12952790973871736 0.7025682897862233 0.12247624703087887
6 0.7140736342042755 0.1254453681710214 0.7081353919239904 0.12210510688836104 0.705166270783848 0.1284144893111639 0.7066508313539193 0.13583729216152018 0.7122179334916865 0.13769299287410924 0.711104513064133 0.13212589073634204
6 0.6168349168646081 0.15476543942992876 0.6131235154394299 0.1610748218527316 0.6120100950118765 0.16738420427553444 0.6179483372921616 0.17109560570071258 0.6216597387173397 0.16812648456057006 0.6212885985748218 0.16218824228028503
6 0.6439281472684086 0.2850356294536817 0.6428147268408552 0.29282957244655583 0.6468972684085511 0.2946852731591449 0.6476395486935866 0.2898604513064133
6 0.6617428741092637 0.2898604513064133 0.6606294536817102 0.29876781472684083 0.6617428741092637 0.3047060570071259 0.6673099762470309 0.3087885985748219 0.6717636579572447 0.3061906175771972 0.6743616389548694 0.2998812351543943 0.6754750593824228 0.29282957244655583 0.6743616389548694 0.28837589073634207 0.6702790973871734 0.2920872921615202 0.666938836104513 0.29282957244655583
6 0.6201751781472684 0.20078681710213778 0.6175771971496438 0.20449821852731592 0.6179483372921616 0.21080760095011875 0.6209174584323041 0.21303444180522563 0.6235154394299287 0.2093230403800475 0.6235154394299287 0.20486935866983372
6 0.6335362232779097 0.19521971496437054 0.6301959619952494 0.1993022565320665 0.6301959619952494 0.20561163895486936 0.633165083135392 0.2085807600950119 0.6365053444180522 0.206353919239905 0.6372476247030879 0.20152909738717342 0.6372476247030879 0.19744655581947743
6 0.6973723277909738 0.39266627078384797 0.6947743467933492 0.39749109263657956 0.6962589073634204 0.404542755344418 0.6999703087885986 0.4052850356294537 0.7021971496437055 0.39934679334916867 0.7007125890736342 0.39526425178147273
6 0.7137024940617577 0.4067695961995249 0.7099910926365796 0.41159441805225655 0.7125890736342042 0.41753266033254155 0.7174138954869359 0.4149346793349169 0.7181561757719714 0.40973871733966744
6 0.7422802850356295 0.3882125890736342 0.7396823040380047 0.3934085510688836 0.7407957244655582 0.3982333729216152 0.7448782660332542 0.39749109263657956 0.745249406175772 0.39229513064133015
6 0.7363420427553444 0.4130789786223278 0.7337440617577198 0.4208729216152019 0.7389400237529691 0.42495546318289784 0.743022565320665 0.4208729216152019 0.7426514251781473 0.4149346793349169
6 0.7482185273159145 0.42495546318289784 0.745249406175772 0.4294091448931116 0.7448782660332542 0.4353473871733967 0.7482185273159145 0.438687648456057 0.7508165083135392 0.4353473871733967 0.751187648456057 0.4308937054631829
6 0.6019893111638954 0.15402315914489312 0.6053295724465558 0.16293052256532065 0.6057007125890737 0.17443586698337293 0.6105255344418052 0.18185866983372923 0.6120100950118765 0.17480700712589076 0.6108966745843231 0.16664192399049882 0.609040973871734 0.15959026128266035 0.6057007125890737 0.1506828978622328
6 0.5177404988123515 0.030804631828978624 0.5092042755344418 0.032660332541567694 0.506606294536817 0.04379453681710214 0.5062351543942993 0.05752672209026129 0.5136579572446556 0.050475059382422804 0.5173693586698337 0.04453681710213776
6 0.52479216152019 0.005195961995249406 0.5225653206650831 0.015587885985748218 0.5229364608076009 0.023752969121140145 0.5307304038004751 0.01967042755344418 0.5314726840855106 0.012247624703087887 0.5285035629453682 0.0063093824228028506
6 0.5359263657957245 0.013732185273159146 0.5340706650831354 0.02226840855106888 0.534812945368171 0.031175771971496437 0.5411223277909738 0.030433491686460805 0.5414934679334917 0.023010688836104513 0.5400089073634204 0.017814726840855107
6 0.5318438242280286 0.0352583135391924 0.5259055819477434 0.036371733966745846 0.5251633016627079 0.04453681710213776 0.5244210213776722 0.05195961995249406 0.5296169833729216 0.05529988123515439 0.5333283847980999 0.05233076009501188 0.5325861045130641 0.045279097387173395
6 0.48136876484560565 0.13323931116389548 0.4824821852731591 0.14771377672209027 0.48842042755344417 0.14771377672209027 0.48990498812351546 0.13323931116389548
6 0.5667309976247031 0.07719714964370547 0.5656175771971497 0.09092933491686461 0.5711846793349169 0.08870249406175772 0.5708135391923991 0.08276425178147269
6 0.5693289786223278 0.09464073634204276 0.56895783847981 0.10206353919239905 0.5652464370546318 0.10725950118764846 0.5708135391923991 0.10911520190023753 0.5778652019002375 0.11171318289786222 0.5763806413301663 0.10800178147268409 0.5726692399049881 0.10280581947743468 0.5730403800475059 0.09426959619952494
6 0.6179483372921616 0.08165083135391923 0.6160926365795725 0.08870249406175772 0.6172060570071258 0.09426959619952494 0.6212885985748218 0.09204275534441805 0.6216597387173397 0.08758907363420428
6 0.6376187648456056 0.08833135391923991 0.6320516627078385 0.09204275534441805 0.6290825415676959 0.0983521377672209 0.6316805225653207 0.10132125890736343 0.6357630641330166 0.09983669833729217 0.6376187648456056 0.09538301662707839 0.640959026128266 0.09130047505938242
6 0.6739904988123515 0.003711401425178147 0.6684233966745843 0.0033402612826603324 0.6691656769596199 0.010020783847980998 0.675103919239905 0.010391923990498812
6 0.6892072446555819 0.008165083135391923 0.6858669833729216 0.013732185273159146 0.6880938242280286 0.01892814726840855 0.6918052256532066 0.018185866983372923 0.69291864608076 0.01113420427553444
6 0.6981146080760096 0.00853622327790974 0.6944032066508313 0.01410332541567696 0.6944032066508313 0.02226840855106888 0.6984857482185273 0.02338182897862233 0.701083729216152 0.017443586698337295 0.7007125890736342 0.012618764845605701
6 0.68104216152019 0.04973277909738717 0.6791864608076009 0.05492874109263658 0.6828978622327792 0.05678444180522565 0.6858669833729216 0.053815320665083134
6 0.6906918052256532 0.06643408551068883 0.6873515439429929 0.0708877672209026 0.6895783847980999 0.07756828978622328 0.6955166270783848 0.07756828978622328 0.6973723277909738 0.07274346793349169 0.6958877672209026 0.06754750593824228
6 0.7107333729216152 0.07719714964370547 0.7066508313539193 0.08127969121140143 0.7073931116389549 0.08647565320665082 0.7114756532066508 0.08721793349168647 0.7140736342042755 0.08350653206650831
6 0.7021971496437055 0.18111638954869358 0.7021971496437055 0.18965261282660334 0.7092488123515439 0.19113717339667458 0.7129602137767221 0.1866834916864608 0.7125890736342042 0.18260095011876484
6 0.5975356294536817 0.29839667458432306 0.5938242280285035 0.3039637767220903 0.5919685273159144 0.3125 0.5934530878859857 0.31955166270783847 0.5997624703087886 0.3199228028503563 0.6031027315914489 0.3147268408551069 0.6027315914489312 0.30804631828978624
6 0.5953087885985748 0.40083135391923996 0.5919685273159144 0.4060273159144893 0.5908551068883611 0.4141923990498812 0.5934530878859857 0.42272862232779096 0.5986490498812351 0.4245843230403801 0.6019893111638954 0.41679038004750596 0.6012470308788599 0.41048099762470314 0.5986490498812351 0.4063984560570072
0 0.44140625 0.46394230769230765 0.41887019230769235 0.47896634615384615 0.4083533653846153 0.5015024038461539 0.40985576923076933 0.5270432692307692 0.40985576923076933 0.5510817307692307 0.4263822115384615 0.5615985576923077 0.4459134615384615 0.5555889423076923 0.45943509615384615 0.5345552884615384 0.4669471153846153 0.5105168269230769 0.46394230769230765 0.4939903846153846 0.4549278846153847 0.47896634615384615
6 0.6119697653429602 0.3028542418772563 0.6091493682310468 0.3113154332129964 0.6114056859205775 0.3192125451263538 0.6164824007220215 0.3169562274368231 0.6181746389891696 0.3096231949458484
6 0.576432761732852 0.2165500902527076 0.5736123646209386 0.22839575812274368 0.576432761732852 0.2396773465703971 0.5837657942238267 0.2374210288808664 0.588278429602888 0.2238831227436823 0.58658619133574 0.2165500902527076
6 0.5674074909747292 0.2887522563176895 0.5612026173285198 0.29946976534296027 0.5600744584837545 0.3107513537906137 0.5612026173285198 0.3209047833935018 0.5674074909747292 0.3265455776173285 0.5702278880866426 0.3169562274368231 0.5702278880866426 0.3056746389891697 0.5719201263537905 0.2977775270758123
6 0.5310202205882353 0.20760569852941183 0.5275735294117647 0.21507352941176477 0.5249885110294118 0.22254136029411767 0.5252757352941176 0.23000919117647062 0.5275735294117647 0.23948759191176472 0.5324563419117647 0.24178538602941183 0.5370519301470589 0.23718979779411767 0.5376263786764706 0.22771139705882354 0.5373391544117647 0.21966911764705888 0.536764705882353 0.21478630514705888 0.5353285845588236 0.2107651654411765
6 0.6117302389705882 0.24207261029411767 0.6071346507352942 0.24695542279411767 0.6065602022058824 0.25298713235294124 0.607421875 0.2590188419117647 0.6102941176470589 0.26074218750000006 0.6125919117647058 0.25614659926470595 0.6137408088235294 0.24896599264705888
6 0.5792738970588236 0.28601792279411764 0.5761144301470589 0.2874540441176471 0.5764016544117647 0.2934857536764706 0.578125 0.2972196691176471 0.580710018382353 0.29204963235294124 0.5815716911764706 0.2880284926470589
6 0.5867417279411764 0.29980468750000006 0.5818589154411764 0.30009191176470595 0.5835822610294118 0.30583639705882354 0.5870289522058824 0.3075597426470589
6 0.5899011948529412 0.27481617647058826 0.5901884191176471 0.27941176470588236 0.5876034007352942 0.2831456801470589 0.5884650735294118 0.28630514705882354 0.5930606617647058 0.28601792279411764 0.595358455882353 0.28056066176470595 0.5944967830882353 0.2759650735294118 0.5927734375 0.273092830882353
6 0.666015625 0.3423138786764706 0.6619944852941176 0.346335018382353 0.6631433823529412 0.35265395220588236 0.6663028492647058 0.35265395220588236 0.6683134191176471 0.34834558823529416
6 0.6654411764705882 0.36270680147058826 0.6625689338235294 0.36816406250000006 0.6622817095588236 0.37505744485294124 0.6665900735294118 0.375631893382353 0.6683134191176471 0.37017463235294124 0.6680261948529412 0.3661534926470588
6 0.7518956801470588 0.33484604779411764 0.7495978860294118 0.341452205882353 0.7507467830882353 0.34777113970588236 0.7556295955882353 0.3489200367647059 0.7567784926470588 0.34375000000000006 0.7567784926470588 0.3377182904411765
6 0.7266199448529412 0.37477022058823534 0.7257582720588236 0.380514705882353 0.7277688419117647 0.38712086397058826 0.7315027573529412 0.38740808823529416 0.7312155330882353 0.3802274816176471 0.7303538602941176 0.3762063419117647
6 0.7495978860294118 0.3664407169117647 0.7487362132352942 0.37390854779411764 0.7504595588235294 0.3782169117647059 0.7547679227941176 0.37505744485294124 0.7567784926470588 0.36960018382352944 0.7541934742647058 0.3670151654411765
6 0.6565372242647058 0.19985064338235298 0.6551011029411764 0.2061695772058824 0.6548138786764706 0.20990349264705888 0.6599839154411764 0.20846737132352944 0.6602711397058824 0.20473345588235298
12 0.6309742647058824 0.37247242647058826 0.6266659007352942 0.37419577205882354 0.6220703125 0.37735523897058826 0.6171875 0.380514705882353 0.6131663602941176 0.38482306985294124 0.6123046875 0.39257812500000006 0.6131663602941176 0.4003331801470589 0.6131663602941176 0.40636488970588236 0.6125919117647058 0.41297104779411764 0.6123046875 0.4221622242647059 0.6131663602941176 0.4299172794117648 0.6154641544117647 0.4350873161764707 0.6243681066176471 0.4350873161764707 0.6301125919117647 0.43336397058823534 0.6289636948529412 0.4261833639705882 0.6275275735294118 0.42072610294117646 0.6266659007352942 0.4155560661764707 0.6286764705882353 0.4126838235294118 0.6355698529411764 0.41411994485294124 0.6418887867647058 0.41354549632352944 0.6470588235294118 0.41124770220588236 0.6502182904411764 0.40808823529411764 0.6510799632352942 0.40234375 0.6505055147058824 0.39889705882352944 0.6499310661764706 0.39458869485294124 0.6525160845588236 0.39257812500000006 0.6576861213235294 0.3882697610294118 0.6611328125 0.38453584558823534 0.6617072610294118 0.39343979779411764 0.6625689338235294 0.4009076286764707 0.6688878676470588 0.4009076286764707 0.6714728860294118 0.39430147058823534 0.6714728860294118 0.3859719669117647 0.6711856617647058 0.3767807904411765 0.6729090073529412 0.36931295955882354 0.6717601102941176 0.360983455882353 0.6683134191176471 0.35466452205882354 0.6640050551470588 0.34949448529411764 0.6596966911764706 0.34489889705882354 0.6548138786764706 0.34346277573529416 0.6502182904411764 0.3417394301470588 0.6433249080882353 0.34489889705882354 0.6375804227941176 0.3492072610294118 0.6338465073529412 0.3540900735294118 0.6321231617647058 0.35954733455882354 0.6312614889705882 0.36500459558823534 0.6318359375 0.36931295955882354 0.6341337316176471 0.37218520220588236
6 0.6941636029411764 0.32536764705882354 0.6895680147058824 0.3227826286764706 0.6858340992647058 0.32134650735294124 0.6864085477941176 0.326803768382353 0.6861213235294118 0.33111213235294124 0.6907169117647058 0.33053768382352944 0.6933019301470588 0.3345588235294118 0.6955997242647058 0.33513327205882354 0.6967486213235294 0.3322610294117647
6 0.6866957720588236 0.18031939338235298 0.6889935661764706 0.1895105698529412 0.6935891544117647 0.18864889705882357 0.6938763786764706 0.1831916360294118 0.6907169117647058 0.1797449448529412
6 0.7294921875 0.23201976102941183 0.7269071691176471 0.23891314338235298 0.7274816176470588 0.24551930147058826 0.7315027573529412 0.25126378676470595 0.7335133272058824 0.2481043198529412 0.7332261029411764 0.24121093750000006 0.7326516544117647 0.23604090073529416
6 0.7197265625 0.23288143382352944 0.7194393382352942 0.24063648897058826 0.7200137867647058 0.24695542279411767 0.7228860294117647 0.2515510110294118 0.7254710477941176 0.2547104779411765 0.7260454963235294 0.24867876838235298 0.7237477022058824 0.2449448529411765 0.7240349264705882 0.23891314338235298 0.7234604779411764 0.23431755514705888
6 0.7177159926470588 0.19410615808823534 0.7162798713235294 0.19898897058823534 0.7182904411764706 0.20530790441176477 0.7185776654411764 0.20961626838235298 0.7223115808823529 0.20645680147058826 0.7228860294117647 0.20013786764705888 0.7214499080882353 0.19582950367647062
6 0.724609375 0.21019071691176477 0.7220243566176471 0.21363740808823534 0.7194393382352942 0.21765854779411767 0.7220243566176471 0.22196691176470593 0.7240349264705882 0.22483915441176477 0.7251838235294118 0.2205307904411765 0.7251838235294118 0.21650965073529416 0.7274816176470588 0.2139246323529412
6 0.7125459558823529 0.1699793198529412 0.7119715073529412 0.17543658088235298 0.7145565257352942 0.18118106617647062 0.7185776654411764 0.1846277573529412 0.7217371323529412 0.18778722426470593 0.7254710477941176 0.19554227941176475 0.7257582720588236 0.18864889705882357 0.7251838235294118 0.1797449448529412 0.7205882352941176 0.18089384191176475 0.7174287683823529 0.1785960477941177 0.7165670955882353 0.17285156250000006 0.7159926470588236 0.1702665441176471
6 0.5939223345588236 0.23316865808823534 0.5907628676470589 0.23747702205882354 0.5896139705882353 0.24437040441176472 0.5930606617647058 0.24695542279411767 0.5970818014705882 0.24379595588235298 0.5988051470588236 0.2386259191176471 0.5990923713235294 0.2354664522058824
6 0.6240808823529412 0.29520909926470595 0.6209214154411764 0.29980468750000006 0.6226447610294118 0.30468750000000006 0.6266659007352942 0.30152803308823534 0.6275275735294118 0.2980813419117647
6 0.5697954963235294 0.26102941176470595 0.5692210477941176 0.26591222426470595 0.570944393382353 0.26964613970588236 0.5738166360294118 0.2693589154411765 0.575827205882353 0.2639016544117647 0.5755399816176471 0.2595932904411765 0.5723805147058824 0.25700827205882354
6 0.6642922794117647 0.26562500000000006 0.6634306066176471 0.27050781250000006 0.663717830882353 0.27481617647058826 0.6663028492647058 0.27223115808823534 0.6668772977941176 0.268210018382353
6 0.6861213235294118 0.27223115808823534 0.6849724264705882 0.2782628676470589 0.6864085477941176 0.2834329044117647 0.6907169117647058 0.28630514705882354 0.6935891544117647 0.2808478860294118 0.6904296875 0.2776884191176471
6 0.6714728860294118 0.27510340073529416 0.6694623161764706 0.27969898897058826 0.6711856617647058 0.2840073529411765 0.6749195772058824 0.28630514705882354 0.6789407169117647 0.2834329044117647 0.6777918198529412 0.2791245404411765 0.6749195772058824 0.2759650735294118
6 0.6260914522058824 0.22598805147058826 0.6235064338235294 0.23144531250000006 0.6260914522058824 0.23604090073529416 0.6292509191176471 0.23431755514705888 0.6301125919117647 0.23000919117647062 0.6298253676470588 0.22713694852941183
6 0.497702205882353 0.09271599264705886 0.49626608455882354 0.0872587316176471 0.49138327205882354 0.08812040441176475 0.49167049632352944 0.09673713235294122 0.4951171875 0.10736443014705888 0.4982766544117648 0.11425781250000004 0.49913832720588236 0.10477941176470593 0.4997127757352941 0.09587545955882357
6 0.5163717830882353 0.08668428308823534 0.5157973345588236 0.0955882352941177 0.5203929227941176 0.10075827205882357 0.5252757352941176 0.10018382352941183 0.5247012867647058 0.0921415441176471 0.5226907169117647 0.08639705882352947
6 0.5066061580882353 0.0726102941176471 0.507467830882353 0.07835477941176475 0.5054572610294118 0.08381204044117652 0.5040211397058824 0.08926930147058829 0.5086167279411764 0.09099264705882357 0.5117761948529412 0.08610983455882357 0.5126378676470589 0.07950367647058829 0.5112017463235294 0.07519531250000004
6 0.5066061580882353 0.12000229779411768 0.5017233455882353 0.12287454044117652 0.4979894301470589 0.12545955882352947 0.5034466911764706 0.12890625000000006 0.5080422794117647 0.13264016544117652 0.5117761948529412 0.13292738970588241 0.5137867647058824 0.12718290441176475 0.5129250919117647 0.12230009191176475
6 0.4951171875 0.13723575367647062 0.49368106617647056 0.1444163602941177 0.49626608455882354 0.15016084558823534 0.5014361213235294 0.15016084558823534 0.5022977941176471 0.14499080882352947 0.5037339154411764 0.1406824448529412 0.5022977941176471 0.13781020220588241
6 0.48707490808823534 0.04848345588235299 0.48161764705882354 0.04934512867647063 0.47702205882352944 0.04704733455882358 0.47443704044117646 0.05135569852941181 0.47673483455882354 0.054515165441176516 0.4807559742647059 0.05250459558823535 0.4810431985294118 0.05738740808823535 0.4847771139705882 0.058823529411764754 0.487936580882353 0.05566406250000004
6 0.5091911764705882 0.001953125000000052 0.5094784007352942 0.008272058823529462 0.5114889705882353 0.012293198529411815 0.5160845588235294 0.011718750000000052 0.5183823529411764 0.005974264705882405 0.5169462316176471 0.002527573529411817
6 0.5002872242647058 0.012005974264705933 0.4997127757352941 0.01861213235294123 0.5017233455882353 0.022920496323529462 0.5057444852941176 0.023207720588235344 0.5066061580882353 0.01775045955882358 0.5051700367647058 0.01286764705882358 0.5031594669117647 0.009995404411764757
6 0.48650045955882354 0.028090533088235344 0.4847771139705882 0.034122242647058876 0.48937270220588236 0.034122242647058876 0.49224494485294124 0.030962775735294167 0.49195772058823534 0.027516084558823577
6 0.483053768382353 0.08151424632352947 0.4810431985294118 0.08668428308823534 0.48219209558823534 0.0907054227941177 0.4859260110294118 0.0889820772058824 0.4876493566176471 0.08496093750000004 0.4876493566176471 0.08151424632352947
6 0.5252757352941176 0.06428079044117652 0.5249885110294118 0.07002527573529417 0.5272863051470589 0.07375919117647065 0.5313074448529412 0.07347196691176475 0.531881893382353 0.06858915441176475 0.5307329963235294 0.06542968750000004
6 0.5344669117647058 0.09530101102941181 0.5330307904411764 0.10219439338235299 0.5330307904411764 0.10822610294117652 0.5361902573529412 0.11224724264705888 0.5402113970588236 0.10937500000000004 0.5425091911764706 0.10276884191176475 0.5422219669117647 0.09759880514705886 0.5396369485294118 0.09530101102941181
6 0.5304457720588236 0.12201286764705888 0.5298713235294118 0.12775735294117652 0.529296875 0.13292738970588241 0.5359030330882353 0.13378906250000006 0.5361902573529412 0.12775735294117652 0.5341796875 0.12373621323529416
6 0.5453814338235294 0.08007812500000004 0.541647518382353 0.07663143382352947 0.5387752757352942 0.08065257352941181 0.5402113970588236 0.08639705882352947 0.5419347426470589 0.09185431985294122 0.5453814338235294 0.09013097426470593 0.5473920036764706 0.08553538602941181
6 0.619772518382353 0.045323988970588286 0.6174747242647058 0.051642922794117696 0.6200597426470588 0.056525735294117696 0.6240808823529412 0.0548023897058824 0.6258042279411764 0.04963235294117652 0.624655330882353 0.045323988970588286
6 0.6157513786764706 0.06227022058823534 0.6114430147058824 0.0662913602941177 0.6111557904411764 0.07289751838235299 0.6160386029411764 0.07318474264705888 0.6180491727941176 0.0694508272058824 0.6183363970588236 0.06514246323529417
6 0.6545266544117647 0.06227022058823534 0.6510799632352942 0.06341911764705888 0.6513671875 0.06887637867647065 0.6525160845588236 0.07375919117647065 0.6559627757352942 0.0760569852941177 0.6596966911764706 0.07404641544117652 0.6573988970588236 0.07031250000000004 0.6579733455882353 0.0662913602941177 0.6573988970588236 0.06255744485294122
6 0.6499310661764706 0.03613281250000005 0.6513671875 0.04159007352941181 0.653952205882353 0.04446231617647064 0.6556755514705882 0.04877068014705887 0.6602711397058824 0.04934512867647063 0.6602711397058824 0.042738970588235344 0.6565372242647058 0.040441176470588286 0.6556755514705882 0.03613281250000005 0.6519416360294118 0.03326056985294122
6 0.6522288602941176 0.2728056066176471 0.6528033088235294 0.27998621323529416 0.6528033088235294 0.28630514705882354 0.6571116727941176 0.28659237132352944 0.658835018382353 0.28056066176470595 0.6573988970588236 0.27510340073529416 0.65625 0.27079503676470595
6 0.6551011029411764 0.29635799632352944 0.6510799632352942 0.2972196691176471 0.6499310661764706 0.3029641544117647 0.6519416360294118 0.30583639705882354 0.6556755514705882 0.30411305147058826 0.6576861213235294 0.30095358455882354
6 0.6619944852941176 0.3124425551470588 0.6573988970588236 0.31416590073529416 0.6571116727941176 0.32565487132352944 0.6582605698529412 0.32996323529411764 0.6594094669117647 0.32565487132352944 0.6611328125 0.32048483455882354 0.6645795036764706 0.3181870404411765
6 0.6456227022058824 0.31588924632352944 0.6421760110294118 0.3199103860294118 0.6418887867647058 0.32622931985294124 0.6444738051470588 0.3319738051470588 0.649069393382353 0.331686580882353 0.6522288602941176 0.32622931985294124 0.6499310661764706 0.3230698529411765 0.6487821691176471 0.32622931985294124 0.6459099264705882 0.3247931985294118 0.6459099264705882 0.32105928308823534 0.6479204963235294 0.3181870404411765
6 0.6769301470588236 0.3426011029411765 0.6694623161764706 0.33542049632352944 0.6743451286764706 0.35064338235294124 0.6792279411764706 0.35064338235294124 0.6800896139705882 0.35523897058823534 0.6843979779411764 0.3558134191176471 0.6829618566176471 0.35035615808823534 0.6795151654411764 0.35006893382352944
6 0.6183363970588236 0.3902803308823529 0.6146024816176471 0.39171645220588236 0.6140280330882353 0.3957375919117647 0.6186236213235294 0.3963120404411765 0.6220703125 0.39458869485294124 0.6217830882352942 0.39171645220588236
6 0.6272403492647058 0.3830997242647059 0.6249425551470588 0.38855698529411764 0.626953125 0.39229090073529416 0.6301125919117647 0.38913143382352944 0.6315487132352942 0.3856847426470588 0.6306870404411764 0.38252527573529416
6 0.6309742647058824 0.3948759191176471 0.6289636948529412 0.39860983455882354 0.6298253676470588 0.40148207720588236 0.6324103860294118 0.39947150735294124 0.6332720588235294 0.39659926470588236
6 0.6249425551470588 0.40636488970588236 0.6229319852941176 0.409811580882353 0.6191980698529412 0.4069393382352941 0.6154641544117647 0.4069393382352941 0.6143152573529412 0.4115349264705882 0.6137408088235294 0.4164177389705882 0.6151769301470589 0.4215877757352941 0.6180491727941176 0.4247472426470589 0.6200597426470588 0.419577205882353 0.6189108455882353 0.41613051470588236 0.6191980698529412 0.4123965992647059 0.6212086397058824 0.414694393382353 0.6249425551470588 0.414694393382353 0.6278147977941176 0.4106732536764707 0.629538143382353 0.40636488970588236
6 0.6200597426470588 0.4261833639705882 0.6174747242647058 0.4296300551470589 0.6189108455882353 0.43278952205882354 0.6226447610294118 0.431640625 0.6232192095588236 0.42790670955882354
6 0.6352826286764706 0.40377987132352944 0.6326976102941176 0.4066521139705882 0.6364315257352942 0.4078010110294118 0.6375804227941176 0.4057904411764707
6 0.624655330882353 0.3957375919117647 0.6206341911764706 0.3957375919117647 0.6189108455882353 0.39889705882352944 0.6226447610294118 0.40148207720588236 0.6260914522058824 0.39918428308823534
9 0.47321428571428575 0.18253968253968253 0.47271825396825395 0.19345238095238096 0.4766865079365079 0.20436507936507936 0.48313492063492064 0.2048611111111111 0.48908730158730157 0.19890873015873017 0.4895833333333333 0.19097222222222224 0.48313492063492064 0.1875
