17 0.7735151130839145 0.5560704355885078 0.7768970619319382 0.5673726802142904 0.779856267173959 0.5756609929398645 0.7828154724159796 0.5892236864908037 0.7874656520820121 0.599018965166482 0.7925385753540476 0.6027863800417429 0.788311139294018 0.5937445843411168 0.7840837032339886 0.586209754590595 0.7807017543859648 0.5749075099648123 0.7811244979919678 0.5696331291394471 0.7857746776580002 0.5711400950895514 0.789579370112027 0.5794284078151254 0.7938068061720566 0.577921441865021 0.788733882900021 0.5718935780646036 0.7845064468399915 0.565112231289134 0.779856267173959 0.5613448164138731
17 0.7921158317480447 0.5440147079876729 0.7836609596279855 0.5507960547631425 0.7849291904459944 0.55682391856356 0.7918186555497656 0.5507774041944532 0.7965085982282439 0.5493842067133542
17 0.7073996873371549 0.5470622109115226 0.7050547159979156 0.5526350008359184 0.7027097446586763 0.556350194118849 0.7047941636268891 0.5716753664109375 0.7058363731109953 0.5591365890810469 0.7094841063053674 0.5526350008359184
17 0.8108389786347056 0.6009325135140156 0.8110995310057322 0.6055765051176788 0.8087545596664929 0.6153288874853714 0.8139656070870245 0.6083629000798766 0.8134445023449713 0.6023257109951146
17 0.7540385617509119 0.6000037151932829 0.7595101615424701 0.5958241227499861 0.7584679520583637 0.5851429420615608 0.7605523710265764 0.5800345512975312 0.7621156852527358 0.5749261605335018 0.766284523189161 0.5758549588542344 0.7704533611255863 0.5800345512975312 0.771756122980719 0.5758549588542344 0.7722772277227723 0.5716753664109375 0.7756644085461178 0.576783757174967 0.7800937988535696 0.585607341221927 0.7808754559666492 0.5907157319859565 0.7772277227722771 0.5846785429011945 0.7748827514330381 0.5809633496182639 0.7733194372068786 0.576783757174967 0.7714955706096925 0.5832853454200955 0.7696717040125065 0.5851429420615608 0.766284523189161 0.5823565470993628 0.7642001042209484 0.5786413538164322 0.7623762376237624 0.5832853454200955 0.7628973423658155 0.5911801311463228 0.7623762376237624 0.5976817193914513 0.7657634184471079 0.6013969126743819 0.7649817613340282 0.6046477067969461 0.7613340281396561 0.6000037151932829 0.755862428348098 0.6051121059573124
17 0.7243355914538822 0.6654839968049338 0.7235539343408025 0.6715211858896959 0.7282438770192808 0.6766295766537255 0.73058884835852 0.6738431816915275
17 0.7569046378322043 0.4495383872345959 0.7514330380406462 0.4620771645644865 0.7602918186555497 0.4750803410547434 0.7746221990620115 0.45882637044192226 0.7725377800937988 0.45603997547972436 0.7704533611255863 0.4597551687626549 0.767587285044294 0.4602195679230212 0.7670661803022407 0.464399160366318 0.7602918186555497 0.46904315196998125 0.7540385617509119 0.46161276540412016
17 0.771756122980719 0.5103746772425836 0.7730588848358521 0.5150186688462467 0.7813965607087024 0.5150186688462467 0.784783741532048 0.5061950847992867 0.7806149035956227 0.5117678747236826
17 0.7978113600833767 0.46997195029071387 0.800677436164669 0.476009139375476 0.8051068264721208 0.4787955343376739 0.8082334549244399 0.48158192929987176 0.8110995310057322 0.48854791670536657 0.813705054715998 0.496442702431594 0.8152683689421574 0.49504950495049505 0.814226159458051 0.4904055133468318 0.8126628452318916 0.4825107276206045 0.8103178738926524 0.4778667360169413 0.8069306930693069 0.4750803410547434 0.8032829598749348 0.47461594189437706 0.8014590932777488 0.47043634945108015 0.8009379885356958 0.464399160366318
17 0.8121417404898384 0.5252354503743056 0.8131839499739447 0.5335946352608995 0.8121417404898384 0.5428826184682258 0.8084940072954664 0.5363810302230974 0.8074517978113601 0.5391674251852953 0.813705054715998 0.5479910092322553 0.8163105784262638 0.5363810302230974 0.8246482542991141 0.5382386268645627 0.829077644606566 0.5517062025151859 0.8316831683168316 0.5493842067133542 0.8254299114121939 0.5335946352608995 0.8176133402813965 0.5331302361005331
17 0.8501823866597186 0.476009139375476 0.8533090151120375 0.4825107276206045 0.853048462741011 0.4894767150260992 0.8569567483064096 0.4913343116675645 0.8582595101615424 0.48297512678097076
17 0.7952058363731109 0.608827299240243 0.7918186555497656 0.6065053034384114 0.7863470557582073 0.6102204967213419 0.786607608129234 0.6153288874853714 0.7902553413236061 0.6120780933628072 0.7944241792600312 0.6148644883250051
17 0.44111516414799373 0.7639366188025932 0.4392912975508077 0.7732246020099196 0.43460135487232937 0.7769397952928502 0.4291297550807712 0.779726190255048 0.4270453361125586 0.7890141734623745 0.42365815528921313 0.7969089591886017 0.42131318394997397 0.8099121356788587 0.4171443460135487 0.817806921405086 0.41688379364252215 0.8252373079709472 0.42235539343408024 0.8159493247636208 0.42574257425742573 0.802946148273364 0.42756644085461176 0.7927293667453049 0.43147472642001045 0.7834413835379785 0.4392912975508077 0.7787973919343154 0.4447628973423658 0.7741534003306522 0.4465867639395518 0.7685806104062564
17 0.46065659197498693 0.7662586146044248 0.4590932777488275 0.7750821986513848 0.4549244398124023 0.7792617910946817 0.4520583637311099 0.7862277785001764 0.4491922876498176 0.7918005684245722 0.4463262115685253 0.797373358348968 0.4473684210526316 0.8048037449148292 0.4504950495049505 0.7969089591886017 0.4549244398124023 0.7913361692642059 0.4559666492965086 0.7834413835379785 0.46065659197498693 0.779726190255048 0.462480458572173 0.7713670053684543
17 0.5080771235018239 0.6204372782494009 0.5125065138092756 0.6111492950420746 0.5169359041167274 0.6083629000798766 0.5200625325690463 0.6065053034384114 0.517196456487754 0.6032545093158471 0.5190203230849401 0.5995393160329165 0.5224075039082855 0.6027901101554808 0.5224075039082855 0.608827299240243 0.5184992183428869 0.6139356900042725 0.5148514851485149 0.6153288874853714 0.5099009900990099 0.6264744673341631
17 0.4801980198019802 0.7644010179629595 0.476029181865555 0.7648654171233259 0.476029181865555 0.7681162112458901 0.48488796248045857 0.7718314045288206 0.491401771756123 0.7732246020099196 0.4960917144346013 0.7704382070477217 0.4890568004168838 0.7774041944532164 0.48097967691505994 0.7755465978117512 0.4757686294945284 0.7755465978117512 0.47186034392912973 0.7741534003306522 0.47107868681605003 0.7676518120855237 0.4739447628973424 0.7583638288781974 0.4786347055758207 0.7541842364349006 0.48097967691505994 0.7555774339159994
17 0.3994267847837415 0.7616146230007617 0.4004689942678479 0.7709026062080879 0.39994788952579463 0.7913361692642059 0.4038561750911933 0.7955157617075028 0.40594059405940597 0.7792617910946817 0.41141219385096406 0.7667230137647911 0.4075039082855654 0.7639366188025932 0.4048983845752996 0.7718314045288206 0.4025534132360604 0.7588282280385636
17 0.5698280354351225 0.5219846562517414 0.5713913496612819 0.5113034755633161 0.5763418447107869 0.5048018873181878 0.5831162063574779 0.5034086898370888 0.5823345492443982 0.5080526814407519 0.5779051589369464 0.5089814797614846 0.5742574257425743 0.5145542696858804
15 0.7290255341323606 0.8349896903386398 0.7248566961959354 0.8391692827819368 0.7256383533090152 0.8489216651496294 0.7300677436164669 0.8540300559136589 0.7339760291818656 0.8498504634703621 0.7342365815528921 0.8405624802630356
15 0.8243877019280875 0.557743391599948 0.8194372068785826 0.5596009882414132 0.8163105784262638 0.566566975646908 0.8176133402813965 0.5777125554956997 0.8233454924439813 0.5800345512975312 0.8275143303804064 0.5749261605335018 0.827774882751433 0.566566975646908
15 0.848097967691506 0.5526350008359184 0.8439291297550807 0.55495699663775 0.8423658155289213 0.5628517823639775 0.8454924439812402 0.569353370609106 0.8504429390307452 0.567960173128007 0.8527879103699844 0.5605297865621459
15 0.801980198019802 0.4787955343376739 0.7980719124544032 0.48018873181877286 0.79833246482543 0.4871547192242676 0.8017196456487753 0.4904055133468318 0.8045857217300678 0.48669032006390134
15 0.7993746743095362 0.5089814797614846 0.7954663887441377 0.5126966730444151 0.7952058363731109 0.5210558579310088 0.7993746743095362 0.5252354503743056 0.802501302761855 0.5201270596102762
0 0.7290255341323606 0.8349896903386398 0.7248566961959354 0.8391692827819368 0.7256383533090152 0.8489216651496294 0.7300677436164669 0.8540300559136589 0.7339760291818656 0.8498504634703621 0.7342365815528921 0.8405624802630356
0 0.8243877019280875 0.557743391599948 0.8194372068785826 0.5596009882414132 0.8163105784262638 0.566566975646908 0.8176133402813965 0.5777125554956997 0.8233454924439813 0.5800345512975312 0.8275143303804064 0.5749261605335018 0.827774882751433 0.566566975646908
0 0.848097967691506 0.5526350008359184 0.8439291297550807 0.55495699663775 0.8423658155289213 0.5628517823639775 0.8454924439812402 0.569353370609106 0.8504429390307452 0.567960173128007 0.8527879103699844 0.5605297865621459
0 0.801980198019802 0.4787955343376739 0.7980719124544032 0.48018873181877286 0.79833246482543 0.4871547192242676 0.8017196456487753 0.4904055133468318 0.8045857217300678 0.48669032006390134
0 0.7993746743095362 0.5089814797614846 0.7954663887441377 0.5126966730444151 0.7952058363731109 0.5210558579310088 0.7993746743095362 0.5252354503743056 0.802501302761855 0.5201270596102762
18 0.32100052110474203 0.719818698567793 0.31735278791036997 0.7230694926903573 0.31683168316831684 0.7309642784165846 0.32100052110474203 0.7332862742184162 0.3243877019280875 0.7281778834543867
18 0.36711829077644603 0.7230694926903573 0.3639916623241271 0.7291066817751194 0.36477331943720687 0.7383946649824457 0.36946326211568525 0.7379302658220793 0.372068785825951 0.7304998792562183
18 0.4765502866076081 0.5609941857225123 0.47368421052631576 0.5647093790054427 0.4739447628973424 0.570746568090205 0.4773319437206879 0.5716753664109375 0.4801980198019802 0.5670313748072743
18 0.46847316310578424 0.557743391599948 0.4645648775403856 0.5596009882414132 0.46378322042730585 0.565173778165809 0.46638874413757164 0.5698177697694723 0.4705575820739969 0.567960173128007
18 0.4252214695153726 0.7012427321531403 0.4218342886920271 0.7021715304738729 0.42157373632100054 0.7100663162001003 0.42417926003126627 0.7128527111622982 0.42782699322563833 0.7082087195586351
18 0.38744137571651904 0.696598740549477 0.383793642522147 0.6984563371909424 0.3840541948931735 0.7049579254360708 0.38770192808754556 0.7068155220775361 0.3908285565398645 0.7026359296342393
18 0.5023449713392392 0.6770939758140917 0.49921834288692024 0.677558374974458 0.4986972381448671 0.6854531607006855 0.5020844189682127 0.6868463581817844 0.5046899426784783 0.6835955640592202
18 0.4744658676393955 0.4625415637248528 0.47159979155810317 0.465792357847417 0.47186034392912973 0.47275834525291177 0.4752475247524752 0.4736871435736444 0.4768108389786347 0.46904315196998125
18 0.46769150599270454 0.5159474671669794 0.46430432516935904 0.5187338621291773 0.4656070870244919 0.5256998495346721 0.46977592496091714 0.5247710512139394 0.4713392391870766 0.5191982612895436
18 0.5080771235018239 0.5493842067133542 0.5041688379364252 0.5498486058737206 0.5031266284523189 0.5586721899206807 0.5065138092756644 0.5623873832036111 0.5101615424700364 0.5591365890810469
18 0.5213652944241792 0.6487656270317463 0.5177175612298072 0.6510876228335779 0.5184992183428869 0.6589824085598054 0.5218863991662324 0.6589824085598054 0.5237102657634184 0.6529452194750431
18 0.5724335591453883 0.5512418033548195 0.5703491401771755 0.5558857949584827 0.571912454403335 0.5623873832036111 0.575039082855654 0.5605297865621459 0.5752996352266806 0.5554213957981164
18 0.5575820739968733 0.5981461185518177 0.5544554455445545 0.6009325135140156 0.5554976550286608 0.6078985009195104 0.5591453882230328 0.6078985009195104 0.5607087024491924 0.6013969126743819
18 0.5677436164669099 0.5893225345048576 0.5651380927566441 0.5930377277877881 0.566440854611777 0.6000037151932829 0.5703491401771755 0.5981461185518177 0.570088587806149 0.5921089294670555
18 0.532569046378322 0.570746568090205 0.5297029702970297 0.5758549588542344 0.5312662845231891 0.5814277487786302 0.5351745700885878 0.5791057529767986 0.5349140177175612 0.5730685638920365
18 0.5195414278269932 0.5735329630524028 0.5156331422615945 0.5744617613731354 0.5156331422615945 0.5818921479389965 0.5195414278269932 0.5818921479389965
17 0.6492965085982282 0.5702821689298385 0.6516414799374675 0.5670313748072743 0.6602397081813445 0.5791057529767986 0.672225117248567 0.588393736184125 0.6664929650859822 0.5888581353444913 0.6602397081813445 0.5823565470993628
17 0.7180823345492443 0.5191982612895436 0.7157373632100053 0.5229134545724742 0.7144346013548722 0.5317370386194341 0.7162584679520583 0.5387030260249289 0.7159979155810318 0.5438114167889584 0.718342886920271 0.5363810302230974 0.7175612298071913 0.527093047015771 0.7204273058884836 0.5233778537328404
17 0.7001042209484105 0.5772481563353333 0.7019280875455967 0.5981461185518177 0.7053152683689421 0.607434101759144 0.7097446586763939 0.6083629000798766 0.7092235539343409 0.6032545093158471 0.7066180302240751 0.6004681143536492 0.7058363731109953 0.5944309252688871 0.7034914017717561 0.5930377277877881
17 0.7076602397081814 0.6125424925231735 0.7120896300156332 0.6111492950420746 0.712871287128713 0.6195084799286683 0.717040125065138 0.6218304757304999 0.7209484106305367 0.6181152824475693 0.7235539343408025 0.619044080768302 0.7206878582595101 0.6255456690134303 0.7227722772277227 0.6325116564189252 0.7219906201146431 0.6376200471829546 0.7178217821782178 0.6315828580981926 0.718342886920271 0.6269388664945293 0.7149557060969255 0.6255456690134303 0.7115685252735799 0.6213660765701335 0.7100052110474204 0.6157932866457377
17 0.7037519541427827 0.6320472572585589 0.7087024491922876 0.6408708413055189 0.712871287128713 0.6371556480225884 0.718342886920271 0.6548028161165085 0.7214695153725899 0.6510876228335779 0.7154768108389786 0.6311184589378261 0.7094841063053674 0.6339048539000242 0.7068785825951016 0.6283320639756284
17 0.7081813444502344 0.6812735682573885 0.7042730588848358 0.6924191481061802 0.7076602397081814 0.696598740549477 0.7102657634184472 0.6868463581817844
17 0.7576862949452841 0.6794159716159233 0.7556018759770714 0.6817379674177549 0.7589890568004168 0.689168353983616 0.7608129233976029 0.6859175598610517
17 0.8499218342886921 0.6139356900042725 0.8473163105784263 0.6209016774097673 0.8491401771756123 0.6297252614567274 0.8533090151120375 0.6241524715323314 0.8517457008858781 0.6199728790890346 0.8527879103699844 0.6153288874853714
17 0.7571651902032308 0.5414894209871269 0.7600312662845231 0.5484554083926216 0.7600312662845231 0.557743391599948 0.7623762376237624 0.5558857949584827 0.7623762376237624 0.547526610071889 0.7595101615424701 0.5387030260249289
17 0.7472642001042209 0.5530993999962848 0.7449192287649817 0.5558857949584827 0.7488275143303804 0.5582077907603142 0.7503908285565398 0.5503130050340869 0.7485669619593538 0.547526610071889
17 0.7180823345492443 0.5958241227499861 0.7204273058884836 0.606040904278045 0.7225117248566961 0.6027901101554808 0.7238144867118291 0.5981461185518177 0.7227722772277227 0.5958241227499861
17 0.7475247524752475 0.5726041647316702 0.7483064095883273 0.5772481563353333 0.7503908285565398 0.5860717403822934 0.7524752475247525 0.5791057529767986 0.7506513809275664 0.5698177697694723
17 0.8118811881188119 0.5865361395426597 0.8147472642001042 0.5902513328255903 0.8176133402813965 0.585607341221927 0.8223032829598749 0.5976817193914513 0.8199583116206358 0.5990749168725503 0.8170922355393434 0.5916445303066893 0.814226159458051 0.5939665261085207
17 0.17453560371517024 0.16408233086855756 0.18072755417956657 0.15097671338704338 0.19195046439628483 0.1495971747047787 0.19156346749226005 0.13718132656439685 0.19736842105263158 0.13925063458779383 0.20007739938080493 0.15442556009270497 0.2020123839009288 0.14752786668138174 0.20356037151702785 0.12821432512967662 0.20859133126934984 0.12062686237722103 0.21826625386996903 0.13925063458779383 0.22794117647058823 0.13925063458779383 0.23142414860681113 0.1337324798587352 0.24535603715170276 0.13166317183533827 0.244969040247678 0.11510870764816244 0.2569659442724458 0.09855424346098664 0.27205882352941174 0.09993378214325128 0.2681888544891641 0.0895872420262664 0.2724458204334365 0.0840690872972078 0.28289473684210525 0.09855424346098664 0.27941176470588236 0.10890078357797152 0.2712848297213622 0.11028032226023617 0.2546439628482972 0.11372916896589778 0.25425696594427244 0.13442224919986756 0.25425696594427244 0.15235625206930803 0.24961300309597523 0.15580509877496962 0.24690402476780182 0.1440790199757201 0.23877708978328172 0.14752786668138174 0.23297213622291021 0.14545855865798474 0.23452012383900928 0.15925394548063126 0.22639318885448914 0.1627027921862929 0.22794117647058823 0.15235625206930803 0.22484520123839008 0.14545855865798474 0.21826625386996903 0.14821763602251403 0.21555727554179563 0.1606334841628959 0.20859133126934984 0.1709800242798808 0.19891640866873064 0.1689107162564838 0.19195046439628483 0.16132325350402824 0.1884674922600619 0.1689107162564838
17 0.38622291021671823 0.22409226354706982 0.39202786377708976 0.2337490343229224 0.3951238390092879 0.243405805098775 0.40325077399380804 0.24961372916896588 0.4020897832817337 0.2440955744399073 0.3974458204334365 0.239267189051981 0.3958978328173374 0.23236949564065776
17 0.6153250773993807 0.4006732148769452 0.6300309597523219 0.415158371040724 0.6311919504643962 0.40688113894713607 0.6164860681114551 0.39239598278335724
17 0.5944272445820432 0.1337324798587352 0.6041021671826625 0.14269948129345544 0.6056501547987616 0.13787109590552918 0.588235294117647 0.12476547842401499 0.5986842105263158 0.1627027921862929 0.6025541795665634 0.15580509877496962 0.6087461300309597 0.16684140823308685 0.6145510835913311 0.15028694404591103 0.6157120743034056 0.15373579075157268 0.6168730650154799 0.16684140823308685 0.619969040247678 0.16960048559761615 0.621517027863777 0.18408564176139497 0.6292569659442724 0.18063679505573335 0.6342879256965943 0.17235956296214544 0.6389318885448916 0.182016333737998 0.6486068111455108 0.18408564176139497 0.6586687306501547 0.18339587242026265 0.6575077399380805 0.19650148990177682 0.6609907120743034 0.20546849133649706 0.6656346749226005 0.20132987528970311 0.6629256965944272 0.19512195121951217 0.6644736842105263 0.19098333517271823 0.6683436532507739 0.19788102858404147 0.6702786377708978 0.19443218187837985 0.674922600619195 0.20891733804215867 0.6807275541795665 0.19926056726630612 0.6880804953560371 0.20270941397196776 0.693111455108359 0.1985707979251738 0.6861455108359132 0.18960379649045359 0.6791795665634675 0.1902935658315859 0.674922600619195 0.19443218187837985 0.6718266253869968 0.18546518044365962 0.6679566563467492 0.18684471912592426 0.6652476780185758 0.1744288709855424 0.6586687306501547 0.17304933230327776 0.6505417956656346 0.17304933230327776 0.6451238390092879 0.17304933230327776 0.6377708978328174 0.1633925615274252 0.6346749226006191 0.15028694404591103 0.6323529411764706 0.12959386381194127 0.6311919504643962 0.10200309016664826 0.6273219814241485 0.11372916896589778 0.6277089783281733 0.1385608652466615 0.6280959752321981 0.1461483279991171 0.621517027863777 0.1599437148217636 0.618421052631579 0.1433892506345878 0.6149380804953559 0.1413199426111908 0.609907120743034 0.15649486811610197 0.6068111455108358 0.1461483279991171 0.6010061919504643 0.15235625206930803
16 0.6790797749089705 0.5191924197906711 0.6525984773253889 0.5003126954346466 0.6347236014564713 0.5203724025629226 0.6168487255875538 0.564031765136229 0.6002979145978152 0.615951007115296 0.5910294604435617 0.6749501457278724 0.587719298245614 0.7233294393901849 0.5923535253227408 0.7658088191912398 0.6175107580271433 0.8047482506755401 0.6406818934127771 0.8259879405760676 0.6704733531943065 0.851947561565601 0.6969546507778881 0.87436723423838 0.7274081429990068 0.8802671480996377 0.7585236676597152 0.8661073548326194 0.7942734193975505 0.8389677510708343 0.8114862628268784 0.8141881128535523 0.8253889440582587 0.7846885435472643 0.85253227408143 0.7516490259242216 0.8704071499503475 0.7127095944399211 0.8849718636213174 0.6725901801833694 0.8975504799735187 0.6171309898875477 0.9048328368090036 0.5711116617697382 0.9008606421714663 0.5203724025629226 0.8922542204568024 0.4767130399896161 0.8796756041046011 0.4413135568220704 0.8551804038397881 0.4259737807828005 0.8320092684541542 0.4177139013770399 0.8174445547831843 0.4141739530602853 0.8002317113538563 0.4236138152382975 0.7757365110890433 0.400014159793267 0.7519033432638199 0.37523452157598497 0.7333664349553127 0.36579465939797273 0.7148295266468057 0.3362950900916847 0.6976166832174776 0.32567524514142093 0.695630585898709 0.3386550556361877 0.7108573320092684 0.3587147627644636 0.7095332671300892 0.38349440098174564 0.7048990400529626 0.3952942287042609 0.6969546507778881 0.4129939702880338 0.7088712346904998 0.4129939702880338 0.7207878186031115 0.4188938841492914 0.7095332671300892 0.42951372909955515 0.7135054617676265 0.449573436227831 0.7300562727573651 0.46609319503935237 0.7293942403177756 0.48025298830637075 0.7194637537239325 0.46491321226710086 0.7075471698113207 0.449573436227831 0.6903343263819927 0.4613732639503463 0.687024164184045 0.447213470683328 0.6737835153922541 0.4483934534555795 0.6764316451506123 0.48497291939537684
14 0.4817148505065481 0.3417628975856389 0.47874969112923155 0.35673704516026744 0.4827032369656536 0.37171119273489595 0.4911045218680505 0.3699495283143514 0.4955522609340252 0.34528622642672796 0.4906103286384977 0.33295457548291624
9 0.4817148505065481 0.3417628975856389 0.47874969112923155 0.35673704516026744 0.4827032369656536 0.37171119273489595 0.4911045218680505 0.3699495283143514 0.4955522609340252 0.34528622642672796 0.4906103286384977 0.33295457548291624
15 0.18806570566543748 0.8334090175786619 0.18069057995306737 0.8316164959787766 0.17700301709688232 0.8411766111781647 0.17834394904458598 0.857906812777094 0.18270197787462286 0.8662719135765586 0.18940663761314114 0.8608943487769029 0.19242373449547437 0.8495417119776294
0 0.18806570566543748 0.8334090175786619 0.18069057995306737 0.8316164959787766 0.17700301709688232 0.8411766111781647 0.17834394904458598 0.857906812777094 0.18270197787462286 0.8662719135765586 0.18940663761314114 0.8608943487769029 0.19242373449547437 0.8495417119776294
18 0.3871940998994301 0.8507367263775529 0.38350653704324505 0.8573093055771323 0.3855179349648005 0.8650768991766351 0.3902111967817633 0.8638818847767116 0.39088166275561514 0.8561142911772087
