8 0.16554621848739495 0.15544500008592393 0.16134453781512603 0.1734890275128456 0.1634453781512605 0.19325153374233126 0.17016806722689076 0.19067381553848534 0.17436974789915968 0.17434826691412758 0.17310924369747901 0.15888195769105184
8 0.11092436974789917 0.32299668333591103 0.10378151260504202 0.3315890773487309 0.1050420168067227 0.3479146259730886 0.11344537815126052 0.3461961471705246 0.11596638655462185 0.3315890773487309
8 0.13403361344537817 0.34533690776924264 0.12941176470588234 0.3573662593871904 0.13109243697478992 0.3771287656166761 0.1369747899159664 0.379706483820522 0.13823529411764707 0.3702548504064202 0.1373949579831933 0.3582254987884724
8 0.16176470588235295 0.4200907356807753 0.15714285714285714 0.4312608478974411 0.15882352941176472 0.4458679177192349 0.1647058823529412 0.4475863965217989 0.16680672268907562 0.4355570449038511
8 0.288655462184874 0.3006564589025794 0.28403361344537814 0.31440428932309117 0.2882352941176471 0.32643364094103894 0.29453781512605043 0.323855922737193 0.29537815126050426 0.3101080923166812
8 0.36764705882352944 0.0978759602000309 0.36260504201680677 0.1038906360090048 0.3651260504201681 0.11248303002182466 0.37142857142857144 0.11763846642951657 0.376890756302521 0.1159199876269526 0.3798319327731093 0.1038906360090048 0.37815126050420167 0.09443900259490297 0.3726890756302521 0.09529824199618496
8 0.34705882352941175 0.029996047498754078 0.33949579831932775 0.03686996270900996 0.3407563025210084 0.054054750734649666 0.34915966386554625 0.06092866594490554 0.3550420168067227 0.054054750734649666
8 0.3310924369747899 0.18723685793335737 0.32226890756302523 0.19497001254489527 0.32268907563025206 0.21129556116925297 0.3294117647058824 0.22332491278720076 0.33655462184873947 0.21731023697822685 0.3378151260504202 0.19840697015002318
8 0.3928571428571429 0.151148803079514 0.38529411764705884 0.15200804248079597 0.38193277310924373 0.17005206990771768 0.38823529411764707 0.18294066092694744 0.39705882352941174 0.18379990032822943 0.4008403361344538 0.1683335911051537 0.396218487394958 0.15974119709233386
8 0.3235294117647059 0.3393222319602687 0.3138655462184874 0.3358852743551408 0.3121848739495799 0.3539293017820625 0.32268907563025206 0.36681789280129223 0.3264705882352941 0.3513515835782165
8 0.32521008403361346 0.7698011720025434 0.31932773109243695 0.7801120448179273 0.32184873949579834 0.798156072244849 0.32983193277310924 0.7844082418243371
8 0.4533613445378152 0.7483201869704937 0.4457983193277311 0.7740973690089533 0.4600840336134454 0.7663642143974154
8 0.4201680672268908 0.5378065336564074 0.41344537815126053 0.5438212094653813 0.415546218487395 0.5635837156948669 0.42268907563025215 0.5627244762935849 0.42605042016806727 0.5378065336564074
8 0.3163865546218487 0.24566513722053235 0.30714285714285716 0.25167981302950626 0.3063025210084034 0.2714423192589919 0.31176470588235294 0.2834716708769397 0.3201680672268908 0.27487927686411984 0.32184873949579834 0.25683524943719815
8 0.2609243697478992 0.40118746885257167 0.25630252100840334 0.40977986286539153 0.2588235294117647 0.42610541148974923 0.26554621848739496 0.42696465089103125 0.2672268907563025 0.41149834166795546
8 0.46260504201680674 0.3384629925589867 0.45546218487394957 0.3556477805846265 0.4563025210084034 0.3771287656166761 0.46680672268907564 0.379706483820522 0.4739495798319328 0.3608032169923183 0.469327731092437 0.3461961471705246
8 0.22899159663865545 0.09959443900259489 0.22605042016806723 0.10904607241669671 0.22941176470588237 0.13138629685002834 0.23445378151260504 0.13568249385643827 0.2407563025210084 0.12021618463336253 0.23739495798319327 0.11076455121926068
8 0.3015151515151515 0.16123401706223794 0.28939393939393937 0.16743095577451403 0.2914141414141414 0.2004812955733201 0.30656565656565654 0.20254694181074553
9 0.16554621848739495 0.15544500008592393 0.16134453781512603 0.1734890275128456 0.1634453781512605 0.19325153374233126 0.17016806722689076 0.19067381553848534 0.17436974789915968 0.17434826691412758 0.17310924369747901 0.15888195769105184
9 0.11092436974789917 0.32299668333591103 0.10378151260504202 0.3315890773487309 0.1050420168067227 0.3479146259730886 0.11344537815126052 0.3461961471705246 0.11596638655462185 0.3315890773487309
9 0.13403361344537817 0.34533690776924264 0.12941176470588234 0.3573662593871904 0.13109243697478992 0.3771287656166761 0.1369747899159664 0.379706483820522 0.13823529411764707 0.3702548504064202 0.1373949579831933 0.3582254987884724
9 0.16176470588235295 0.4200907356807753 0.15714285714285714 0.4312608478974411 0.15882352941176472 0.4458679177192349 0.1647058823529412 0.4475863965217989 0.16680672268907562 0.4355570449038511
9 0.288655462184874 0.3006564589025794 0.28403361344537814 0.31440428932309117 0.2882352941176471 0.32643364094103894 0.29453781512605043 0.323855922737193 0.29537815126050426 0.3101080923166812
9 0.36764705882352944 0.0978759602000309 0.36260504201680677 0.1038906360090048 0.3651260504201681 0.11248303002182466 0.37142857142857144 0.11763846642951657 0.376890756302521 0.1159199876269526 0.3798319327731093 0.1038906360090048 0.37815126050420167 0.09443900259490297 0.3726890756302521 0.09529824199618496
9 0.34705882352941175 0.029996047498754078 0.33949579831932775 0.03686996270900996 0.3407563025210084 0.054054750734649666 0.34915966386554625 0.06092866594490554 0.3550420168067227 0.054054750734649666
9 0.3310924369747899 0.18723685793335737 0.32226890756302523 0.19497001254489527 0.32268907563025206 0.21129556116925297 0.3294117647058824 0.22332491278720076 0.33655462184873947 0.21731023697822685 0.3378151260504202 0.19840697015002318
9 0.3928571428571429 0.151148803079514 0.38529411764705884 0.15200804248079597 0.38193277310924373 0.17005206990771768 0.38823529411764707 0.18294066092694744 0.39705882352941174 0.18379990032822943 0.4008403361344538 0.1683335911051537 0.396218487394958 0.15974119709233386
9 0.3235294117647059 0.3393222319602687 0.3138655462184874 0.3358852743551408 0.3121848739495799 0.3539293017820625 0.32268907563025206 0.36681789280129223 0.3264705882352941 0.3513515835782165
9 0.32521008403361346 0.7698011720025434 0.31932773109243695 0.7801120448179273 0.32184873949579834 0.798156072244849 0.32983193277310924 0.7844082418243371
9 0.4533613445378152 0.7483201869704937 0.4457983193277311 0.7740973690089533 0.4600840336134454 0.7663642143974154
9 0.4201680672268908 0.5378065336564074 0.41344537815126053 0.5438212094653813 0.415546218487395 0.5635837156948669 0.42268907563025215 0.5627244762935849 0.42605042016806727 0.5378065336564074
9 0.3163865546218487 0.24566513722053235 0.30714285714285716 0.25167981302950626 0.3063025210084034 0.2714423192589919 0.31176470588235294 0.2834716708769397 0.3201680672268908 0.27487927686411984 0.32184873949579834 0.25683524943719815
9 0.2609243697478992 0.40118746885257167 0.25630252100840334 0.40977986286539153 0.2588235294117647 0.42610541148974923 0.26554621848739496 0.42696465089103125 0.2672268907563025 0.41149834166795546
9 0.46260504201680674 0.3384629925589867 0.45546218487394957 0.3556477805846265 0.4563025210084034 0.3771287656166761 0.46680672268907564 0.379706483820522 0.4739495798319328 0.3608032169923183 0.469327731092437 0.3461961471705246
9 0.22899159663865545 0.09959443900259489 0.22605042016806723 0.10904607241669671 0.22941176470588237 0.13138629685002834 0.23445378151260504 0.13568249385643827 0.2407563025210084 0.12021618463336253 0.23739495798319327 0.11076455121926068
9 0.3015151515151515 0.16123401706223794 0.28939393939393937 0.16743095577451403 0.2914141414141414 0.2004812955733201 0.30656565656565654 0.20254694181074553
15 0.48235294117647054 0.5979295363038756 0.4761245674740484 0.603590407653498 0.4761245674740484 0.6156197592714459 0.48131487889273356 0.6205730217023655 0.48581314878892734 0.6127893235966345
18 0.4560553633217993 0.562549090368735 0.4525951557093425 0.5675023527996547 0.4522491349480969 0.5788240954988996 0.45674740484429066 0.5844849668485221 0.4608996539792387 0.5781164865801969 0.4608996539792387 0.5675023527996547
15 0.6391003460207612 0.13373808563483133 0.6335640138408304 0.13515330347223697 0.6294117647058823 0.14576743725277913 0.6307958477508651 0.15921200670813254 0.6352941176470588 0.1634576602203494 0.6397923875432525 0.15779678887072693 0.6411764705882352 0.14576743725277913
17 0.6966216216216217 0.434560327198364 0.7118243243243244 0.4504504504504504 0.7128378378378378 0.47463107279058203 0.7385135135135136 0.49397557066268727 0.7361486486486486 0.4870668214226496 0.716554054054054 0.47048582324655946 0.716554054054054 0.44906870060244297 0.6993243243243243 0.4297242027303377
17 0.668581081081081 0.45114132537445417 0.6756756756756758 0.4863759464986459 0.6864864864864865 0.4829215718786271 0.6868243243243244 0.4732493229425745 0.6777027027027027 0.47463107279058203
17 0.6358108108108108 0.5202288177748301 0.6378378378378378 0.5285193168628751 0.6371621621621621 0.5430276902669541 0.6398648648648649 0.5409550654949428 0.6402027027027027 0.5236831923948488
17 0.6172297297297297 0.46703144862654067 0.6219594594594595 0.48568507157464214 0.6246621621621622 0.4780854474106008 0.6283783783783783 0.47117669817056324
17 0.6827702702702703 0.44285082628640915 0.6912162162162162 0.45459569999447297 0.6962837837837837 0.4697949483225557 0.6993243243243243 0.4697949483225557 0.6986486486486486 0.45805007461449176 0.6929054054054055 0.4497595755264467
17 0.6989864864864864 0.477394572486597 0.7010135135135136 0.4898303211186647 0.7054054054054054 0.4932846957386835 0.7111486486486487 0.5071021942187586 0.7162162162162162 0.511938318686785 0.7195945945945946 0.5126291936107887 0.7125 0.4960481954346985 0.7074324324324324 0.4898303211186647
17 0.5648648648648649 0.5437185651909578 0.5706081081081081 0.5609904382910518 0.5760135135135136 0.5630630630630631 0.5858108108108109 0.5672083126070856 0.5875 0.5754988116951307 0.5972972972972973 0.5734261869231194 0.595945945945946 0.5658265627590781 0.5895270270270271 0.5665174376830818 0.5824324324324324 0.5582269385950367 0.5712837837837837 0.5554634388990217
17 0.5932432432432432 0.6065881832752998 0.5925675675675676 0.6155695572873487 0.5898648648648649 0.6190239319073675 0.5922297297297296 0.6397501796274803 0.5932432432432432 0.6252418062234013 0.5962837837837838 0.6183330569833637
17 0.5780405405405405 0.6418228043994916 0.5827702702702703 0.6383684297794728 0.5905405405405405 0.6501133034875366 0.5945945945945946 0.6494224285635328 0.5969594594594595 0.6542585530315592 0.597972972972973 0.6514950533355441 0.5986486486486486 0.6438954291715028 0.593918918918919 0.6473498037915216 0.5905405405405405 0.6480406787155253 0.5837837837837837 0.6383684297794728 0.5807432432432432 0.6362958050074614
17 0.6547297297297296 0.6611673022715968 0.6577702702702704 0.6694578013596418 0.6625 0.6729121759796607 0.6652027027027028 0.6646216768916156 0.6628378378378378 0.6563311778035704 0.6625 0.6480406787155253 0.6641891891891891 0.640441054551484 0.6625 0.6383684297794728 0.6597972972972973 0.6487315536395292 0.6618243243243244 0.6563311778035704 0.6625 0.6646216768916156 0.6625 0.6687669264356381 0.6581081081081082 0.6653125518156193
16 0.6853556485355647 0.5004278221286718 0.6769874476987447 0.5012834663860153 0.6723849372384937 0.5132624859888253 0.6778242677824268 0.5303753711356965 0.6861924686192469 0.5346535924224145 0.6949790794979079 0.5269527941063223 0.6953974895397489 0.5149737745035124
16 0.703765690376569 0.40031744401947444 0.6945606694560669 0.4011730882768181 0.6916317991631799 0.4088738865929102 0.6991631799163179 0.41400775213697155 0.705439330543933 0.4208529061957201 0.7083682008368201 0.41571904065165866 0.7079497907949791 0.40374002104884876
16 0.7748953974895397 0.39090535718869523 0.7669456066945607 0.41400775213697155 0.7707112970711297 0.4294093487691557 0.7807531380753138 0.4251311274824379 0.7828451882845189 0.40801824233556655 0.7807531380753138 0.3968948669901002
16 0.5740585774058578 0.426842415997125 0.5774058577405857 0.44224401262930924 0.590794979079498 0.42427548322509434 0.5882845188284518 0.4199972619383765
16 0.5815899581589958 0.46791334034961624 0.5878661087866108 0.4952939565846104 0.5941422594142259 0.4927270238125797 0.5995815899581589 0.5115511974741381 0.6075313807531381 0.503850399158046 0.6075313807531381 0.4687689846069598 0.6071129707112971 0.45507867648946276 0.594979079497908 0.4533673879747756
16 0.6916317991631799 0.3583908754096397 0.6853556485355647 0.3763594048138546 0.6903765690376569 0.39004971293135166 0.7004184100418409 0.381493270357916 0.7020920502092051 0.36694731798307534
16 0.6481171548117154 0.45165609946008844 0.6251046025104603 0.45165609946008844 0.6284518828451883 0.46277947480555487 0.6364016736401673 0.46962462886430334 0.6368200836820083 0.4893044467832054 0.6322175732217573 0.496149600841954 0.6384937238493724 0.5029947549007024 0.6476987447698744 0.496149600841954 0.6468619246861924 0.4798923599524262 0.6489539748953974 0.46192383054821123
16 0.6523012552301255 0.5534777660839729 0.6468619246861924 0.5414987464811631 0.6410041841004185 0.5517664775692859 0.6435146443514644 0.5765801610322493 0.6514644351464435 0.5962599789511513 0.6627615062761506 0.6031051330098999 0.6694560669456068 0.585136603605685 0.6698744769874477 0.5637454971720958 0.6623430962343096 0.5551890545986601
16 0.5895397489539749 0.29592884462355934 0.5824267782426777 0.30362964293965145 0.5832635983263598 0.31731995105714844 0.5895397489539749 0.32245381660120986 0.5962343096234309 0.3181755953144921 0.597071129707113 0.30534093145433855
16 0.6167364016736401 0.32245381660120986 0.6075313807531381 0.32330946085855344 0.6071129707112971 0.33871105749073765 0.6121338912133891 0.34641185580682976 0.6192468619246861 0.3421336345201119 0.6217573221757322 0.33186590343198913
16 0.5849372384937238 0.5320866596503837 0.5769874476987448 0.5363648809371016 0.5736401673640168 0.5491995447972552 0.5811715481171548 0.5526221218266294 0.5857740585774058 0.5509108333119422 0.590794979079498 0.5594672758853779 0.5962343096234309 0.5509108333119422 0.5962343096234309 0.535509236679758
8 0.7624 0.6881390593047034 0.7544 0.7192229038854807 0.7592000000000001 0.7339468302658486 0.7664 0.7159509202453989 0.7767999999999999 0.7077709611451943 0.7767999999999999 0.6865030674846627 0.7704 0.6734151329243353
8 0.78 0.7241308793456033 0.7727999999999999 0.7159509202453989 0.7664 0.7355828220858897 0.772 0.7568507157464213
8 0.7624 0.9629856850715746 0.7496 0.9580777096114519 0.7407999999999999 0.9695296523517383 0.7424 0.9842535787321063
9 0.7624 0.6881390593047034 0.7544 0.7192229038854807 0.7592000000000001 0.7339468302658486 0.7664 0.7159509202453989 0.7767999999999999 0.7077709611451943 0.7767999999999999 0.6865030674846627 0.7704 0.6734151329243353
9 0.7624 0.9629856850715746 0.7496 0.9580777096114519 0.7407999999999999 0.9695296523517383 0.7424 0.9842535787321063
9 0.78 0.7241308793456033 0.7727999999999999 0.7159509202453989 0.7664 0.7355828220858897 0.772 0.7568507157464213
