8 0.9391861510791365 0.14416591726618705 0.9338466726618704 0.14191771582733811 0.9338466726618704 0.14894334532374098 0.9369379496402876 0.1531587230215827 0.9386241007194244 0.15568794964028776 0.9411533273381295 0.15034847122302158 0.944806654676259 0.14894334532374098 0.9450876798561151 0.1379833633093525 0.9408723021582732 0.13685926258992803
8 0.9122077338129495 0.11690647482014387 0.9091164568345323 0.12027877697841724 0.9116456834532374 0.12365107913669064 0.9161420863309353 0.12196492805755395 0.915861061151079 0.11887365107913668
8 0.8849482913669064 0.16299460431654675 0.8807329136690647 0.16692895683453235 0.8849482913669064 0.16889613309352516 0.8880395683453237 0.1674910071942446 0.8894446942446042 0.16439973021582732
8 0.9501461330935251 0.15372077338129495 0.9495840827338128 0.15737410071942443 0.9521133093525179 0.1584982014388489 0.9532374100719423 0.15624999999999997
8 0.8104766187050358 0.1306767086330935 0.8056991906474819 0.13011465827338128 0.8068232913669064 0.1360161870503597 0.8099145683453237 0.1377023381294964 0.8124437949640286 0.14023156474820142 0.8149730215827338 0.1382643884892086 0.8141299460431654 0.13348696043165467 0.81525404676259 0.12927158273381295
8 0.7697279676258992 0.13180080935251798 0.7697279676258992 0.13489208633093525 0.7770346223021581 0.1354541366906475 0.7801258992805755 0.13489208633093525 0.7798448741007193 0.13151978417266186
8 0.6626573741007193 0.14613309352517984 0.6635004496402878 0.1492243705035971 0.6727742805755395 0.15147257194244604 0.6736173561151079 0.15006744604316546 0.6702450539568344 0.14838129496402877 0.6753035071942446 0.1475382194244604 0.6750224820143884 0.14585206834532374
8 0.8874775179856114 0.12955260791366904 0.8838241906474819 0.12927158273381295 0.8812949640287769 0.1326438848920863 0.8832621402877697 0.13573516187050358 0.8874775179856114 0.13376798561151076
8 0.8916928956834532 0.1452900179856115 0.8902877697841726 0.14810026978417265 0.8874775179856114 0.1492243705035971 0.8877585431654677 0.15119154676258992 0.8930980215827338 0.1525966726618705 0.8953462230215827 0.14838129496402877 0.8992805755395683 0.14641411870503596 0.8992805755395683 0.14163669064748202 0.8967513489208633 0.13882643884892085 0.89337904676259 0.14079361510791366
8 0.8992805755395683 0.11437724820143884 0.896470323741007 0.11493929856115107 0.896470323741007 0.11831160071942445 0.8992805755395683 0.11943570143884892
8 0.8138489208633093 0.10594649280575538 0.8104766187050358 0.11044289568345322 0.8110386690647481 0.11269109712230214 0.8141299460431654 0.11212904676258992 0.8180642985611509 0.11212904676258992 0.8160971223021581 0.10903776978417265
8 0.849820143884892 0.11493929856115107 0.8503821942446044 0.1211218525179856 0.8529114208633093 0.11803057553956833 0.8562837230215827 0.1155013489208633
8 0.7354428956834532 0.10650854316546761 0.7340377697841726 0.10988084532374101 0.737410071942446 0.11100494604316546 0.7405013489208632 0.11044289568345322 0.7385341726618704 0.10847571942446041
8 0.7849033273381294 0.09639163669064747 0.7815310251798561 0.09835881294964029 0.7851843525179856 0.10060701438848921 0.7877135791366905 0.10145008992805755
8 0.8228417266187049 0.12983363309352516 0.8186263489208633 0.13095773381294964 0.8205935251798561 0.13657823741007194 0.8225607014388489 0.13938848920863306 0.8245278776978416 0.13714028776978415 0.8245278776978416 0.13404901079136688
8 0.8503821942446044 0.14219874100719423 0.8481339928057553 0.14725719424460432 0.8501011690647481 0.14866232014388486 0.8520683453237409 0.1469761690647482
8 0.8860723920863309 0.1767648381294964 0.8869154676258992 0.18154226618705033 0.8897257194244604 0.18182329136690645 0.8902877697841726 0.17845098920863306
8 0.7489321043165467 0.10257419064748201 0.7461218525179856 0.10482239208633093 0.7480890287769784 0.10650854316546761 0.7500562050359711 0.10566546762589928
8 0.7489321043165467 0.11353417266187049 0.7455598021582733 0.11578237410071941 0.7489321043165467 0.11774955035971221
8 0.8074999999999999 0.09953125 0.80046875 0.1015625 0.80140625 0.1053125 0.805 0.10515624999999999
8 0.51515625 0.2240625 0.5109375 0.22609374999999998 0.5121875 0.22765624999999998 0.5128125 0.2303125 0.51609375 0.22875
8 0.568125 0.23640625 0.56578125 0.2390625 0.5667187499999999 0.24265625000000002 0.56921875 0.24296875 0.57125 0.241875 0.5706249999999999 0.23921874999999998
8 0.5678124999999999 0.19953125 0.5660937500000001 0.20390625 0.56640625 0.20609375000000002 0.56984375 0.20578124999999997 0.57109375 0.20421874999999998 0.5704687500000001 0.20187499999999997
8 0.5440625 0.25265624999999997 0.5440625 0.256875 0.54609375 0.258125 0.54953125 0.2571875 0.5493750000000001 0.25515625000000003 0.5475 0.25375000000000003
8 0.55984375 0.2525 0.5615625 0.255625 0.56421875 0.25656249999999997 0.56546875 0.25421875 0.564375 0.25265624999999997 0.5625 0.25187499999999996
8 0.8890625 0.21453125 0.88375 0.21828124999999998 0.8862500000000001 0.2209375 0.8890625 0.220625
8 0.7592187499999999 0.30375 0.76390625 0.29984375 0.76859375 0.299375 0.7737499999999999 0.30062500000000003 0.77546875 0.3040625 0.77515625 0.30609375 0.7670312499999999 0.30609375
8 0.74828125 0.31265624999999997 0.7465625 0.31765625000000003 0.74890625 0.31796875 0.7496875000000001 0.32078125 0.7509375 0.32203125 0.7537499999999999 0.32125 0.7565625 0.31828124999999996 0.7584375 0.31796875 0.7579687500000001 0.3159375 0.75609375 0.31484375 0.7546875 0.3134375 0.75234375 0.31296875
8 0.90890625 0.284375 0.90921875 0.28796875 0.91015625 0.28953125 0.911875 0.2890625 0.9121874999999999 0.28703124999999996 0.911875 0.28531249999999997
8 0.9048437500000001 0.2959375 0.90328125 0.2984375 0.9003125000000001 0.2996875 0.90109375 0.3021875 0.90359375 0.30359375 0.9060937499999999 0.303125 0.9075 0.30078125 0.9073437500000001 0.29859375
8 0.8928125 0.3196875 0.8931250000000001 0.32375 0.8959374999999999 0.32609374999999996 0.8985937500000001 0.32734375 0.9004687499999999 0.3303125 0.90109375 0.32671875 0.8990625 0.3259375 0.8996875 0.32203125 0.8982812499999999 0.32
8 0.9701562499999999 0.27890625 0.9707812499999999 0.2828125 0.971875 0.28546875 0.974375 0.28640625000000003 0.9767187500000001 0.28609375 0.9759375 0.28375 0.97421875 0.2815625
8 0.6603125000000001 0.30078125 0.6604687499999999 0.30609375 0.660625 0.31109375 0.66328125 0.30953125 0.6639062499999999 0.30640625 0.66578125 0.30375 0.6653125 0.30125
8 0.5696875 0.26203125 0.56859375 0.26640625 0.5717187499999999 0.26796875 0.5734375 0.265 0.5740624999999999 0.26187499999999997
8 0.57609375 0.26859375 0.57515625 0.27125 0.57765625 0.27375 0.5818749999999999 0.27375 0.58421875 0.2709375 0.58421875 0.2671875 0.58203125 0.26578124999999997 0.58 0.26609375
8 0.59453125 0.27265625 0.5925 0.27484375 0.59296875 0.27734375 0.59546875 0.27718750000000003 0.5965625 0.27484375
8 0.56328125 0.26687500000000003 0.5621875000000001 0.26984375 0.56359375 0.2725 0.56578125 0.27140624999999996 0.56546875 0.26937500000000003
8 0.5696875 0.291875 0.56765625 0.2940625 0.5684375 0.29734375 0.57109375 0.29796875 0.5725 0.29515625 0.57234375 0.29296875
8 0.66484375 0.31484375 0.66734375 0.3196875 0.6703125 0.32171875 0.67234375 0.31953125 0.66921875 0.31843750000000004 0.66890625 0.3140625
8 0.663125 0.32515625 0.6654687499999999 0.3296875 0.6671875 0.32828124999999997 0.66671875 0.325625 0.6654687499999999 0.32421875
8 0.8473973342939483 0.24356087896253603 0.8482979106628242 0.2512157780979828 0.8532510806916427 0.24581231988472627 0.8577539625360231 0.24266030259366
8 0.7397784582132565 0.25887067723342944 0.7244686599423631 0.2597712536023055 0.7258195244956772 0.27192903458213263 0.7415796109510085 0.27012788184438047 0.7582402737752161 0.26967759365994237 0.7541876801152737 0.26112211815561964
8 0.7640940201729106 0.1224333573487032 0.7586905619596542 0.12423451008645536 0.7559888328530259 0.13188940922190204 0.7582402737752161 0.13504142651296833 0.7609420028818443 0.13098883285302595 0.7618425792507204 0.12783681556195967 0.7649945965417867 0.12693623919308358
