11 0.40716489667049377 0.5974427226922712 0.38563791618828935 0.6152676109896379 0.36769876578645244 0.6449757581519157 0.3694926808266361 0.67111892765472 0.38922574626865675 0.6948854453845423 0.41703142939150406 0.7043920524764712 0.4457340700344432 0.6936971194980511 0.45829147531572906 0.6746839053141934 0.4556006027554535 0.6330924992870045 0.4457340700344432 0.6010077003517446 0.4376614523536166 0.5831828120543778
11 0.6170529563719861 0.3847323890103623 0.6403738518943742 0.3894856925563267 0.6663856199770379 0.39423899610229113 0.6861186854190586 0.3835440631238711 0.6941913030998852 0.36096587128054003 0.706748708381171 0.3680958265994867 0.6950882606199771 0.39305067021580004 0.7022639207807118 0.4263237950375512 0.6923973880597014 0.46910352695123114 0.6932943455797933 0.509506607091929 0.6995730482204363 0.5463447095731534 0.7004700057405281 0.5891244414868334 0.7058517508610792 0.6235858921950757 0.6932943455797933 0.6449757581519157 0.67714911021814 0.6889438159520866 0.6502403846153846 0.7138986595684 0.6206407864523537 0.7103336819089268 0.6000107634902412 0.69250879361156 0.5784837830080367 0.6889438159520866 0.5506780998851895 0.6936971194980511 0.5327389494833525 0.6758722312006845 0.5201815442020666 0.6639889723357734 0.5076241389207807 0.6354691510599868 0.5291511194029851 0.6152676109896379 0.5372237370838118 0.5915010932598156 0.5372237370838118 0.5677345755299934 0.5219754592422503 0.5677345755299934 0.4995515212399541 0.5617929460975378 0.48878803099885193 0.5344614507082422 0.4843032433983927 0.5178248882973667 0.47084888059701496 0.5011883258864911 0.4798184557979335 0.46910352695123114 0.49775760619977044 0.4524669645403556 0.5031393513203215 0.4168171879456223 0.49775760619977044 0.40136895142123785 0.5264602468427095 0.37522578191843337 0.5399146096440873 0.3585892195075578 0.5605446326061998 0.3395760053237 0.5784837830080367 0.33838767943720893 0.5964229334098738 0.34432930886966445 0.6116712112514352 0.37166080425896003
15 0.3775652985074628 0.6901321418385779 0.3694926808266361 0.6972620971575245 0.3685957233065442 0.7174636372278734 0.3811531285878301 0.7269702443198023 0.3919166188289323 0.7174636372278734 0.393710533869116 0.7055803783629623
15 0.6170529563719861 0.11854739043635332 0.6062894661308842 0.1268656716417911 0.6071864236509759 0.15063218937161332 0.617949913892078 0.1601387964635422 0.6314042766934558 0.15300884114459554 0.6349921067738232 0.13637227873371996 0.630507319173364 0.12567734575529996
13 0.3308360862041844 0.19863754184413793 0.318546484190656 0.20580151876310684 0.3160885637879503 0.22143201385903902 0.325920245398773 0.22989853203600225 0.33919301557338366 0.22599090826201923 0.34165093597608936 0.21557057819806447 0.33968459965392483 0.20580151876310684
13 0.36082271511719366 0.24748283901892595 0.35246578574799436 0.255298086566892 0.3549237061507 0.27288239354981575 0.36082271511719366 0.27939509983978744 0.37114598080855754 0.27157985229182136 0.3736039012112632 0.2605082515988694 0.36868806040585184 0.25269300405090334
9 0.557456347333648 0.7046748205749418 0.5486078338839075 0.7059773618329361 0.5412340726757905 0.7137926093809022 0.5392677363536259 0.7268180219608457 0.55401525876986 0.7287718338478372 0.572203869749882 0.7294231044768343 0.5810523831996225 0.7183515037838825 0.5731870379109643 0.7085824443489248
16 0.2113811546326884 0.7378896226537976 0.2030242252634891 0.7417972464277807 0.2005663048607834 0.75807901215271 0.20695689790781818 0.7652429890716789 0.21924649992134657 0.761986635926693 0.22072125216296995 0.7496124939757467
16 0.811113732892874 0.47282247665194804 0.7968577945571812 0.48519661860289426 0.7929251219128519 0.506688549359801 0.8042315557652981 0.5262266682297162 0.8204538304231556 0.5275292094877105 0.8307770961145196 0.5079910906177953 0.8415919458864245 0.48910424237687733 0.8455246185307536 0.46956612350696214 0.8406087777253421 0.4597970640720045 0.8243865030674846 0.4565407109270187 0.8116053169734152 0.4643559584749847
1 0.3239539090766085 0.09703932372057886 0.3170717319490326 0.11006473630052231 0.3234623249960673 0.13351047894442059 0.33673509517067807 0.14458207963737252 0.3573816265534057 0.15695622158831882 0.3696712285669341 0.142628267750381 0.3672133081642284 0.1256952313964545 0.35344895390907666 0.10745965378453362 0.34214252005663054 0.09964440623656755
1 0.5153728354340912 0.0941270568956604 0.5120597243491577 0.11412296017401312 0.5139003416185651 0.13021722378829703 0.5253121686888915 0.14484837252855512 0.5374602426669808 0.15070083202465834 0.5415096006596772 0.13704509320041747 0.5407733537519142 0.12241394446015938 0.5359877488514548 0.10875820563591848 0.529361526681588 0.10144263126578945
1 0.4568412062669337 0.12972951883028844 0.4421162681116739 0.12972951883028844 0.43364942867239953 0.13753279815842606 0.4325450583107551 0.15265165185669277 0.45058310755094827 0.1580164063947874 0.47046177406054895 0.1565532915207616 0.48334609494640124 0.14972542210864115 0.4792967369537048 0.13411886345236584 0.46493992225232655 0.13655738824240887
15 0.612189303804924 0.1858155890012778 0.6029862174578866 0.18971722866534663 0.6033543409117681 0.2014221476575531 0.6088761927199905 0.21166395177573377 0.6177111556131464 0.20971313194369934 0.6191836494286723 0.19995903278352728 0.6158705383437388 0.189229523707338
15 0.2845594298503946 0.025848362774455964 0.2724113558723053 0.0312131173125506 0.2665213806102014 0.04096721647272266 0.2702026151490164 0.05267213546492913 0.27682883731888325 0.05803689000302377 0.28971315820473553 0.05706148008700656 0.29597125692072096 0.044868856136791486 0.29486688655907645 0.03511475697661942
13 0.5396689833902697 0.2389754294242155 0.5348833784898104 0.22727051043200905 0.5289934032277064 0.21556559143980256 0.5231034279656025 0.20629919723763912 0.5113234774413947 0.21215165673374234 0.502488514548239 0.21800411622984558 0.5002797738249499 0.2389754294242155 0.5017522676404759 0.2545819880804908 0.5157409588879727 0.27652871119087796 0.5341471315820473 0.28091805581295537 0.5488720697373071 0.27360248144282634 0.5554982919071739 0.26140985749261125 0.5514489339144776 0.2550696930384994 0.5429820944752032 0.2540942831224822
13 0.3250530097773589 0.24141395421425854 0.31732241724584753 0.24775411866837035 0.31511367652255856 0.2599467426185854 0.3210036517846625 0.2697008417787575 0.3309429850394628 0.2672623169887145 0.3360967133938037 0.25799592278655104 0.33388797267051473 0.2501926434584134
13 0.13646288209606985 0.5792284371262482 0.11494373530399732 0.5757516757989597 0.11389402082633523 0.6084332322754707 0.13908716829022505 0.6126053458682168
15 0.8413461538461539 0.36784134842711314 0.8350478669801814 0.37340416655077463 0.8350478669801814 0.3852251550635552 0.842920725562647 0.3893972686563013 0.8492190124286194 0.3831390982671822 0.8492190124286194 0.37340416655077463
0 0.2845594298503946 0.025848362774455964 0.2724113558723053 0.0312131173125506 0.2665213806102014 0.04096721647272266 0.2702026151490164 0.05267213546492913 0.27682883731888325 0.05803689000302377 0.28971315820473553 0.05706148008700656 0.29597125692072096 0.044868856136791486 0.29486688655907645 0.03511475697661942
0 0.3308360862041844 0.19863754184413793 0.318546484190656 0.20580151876310684 0.3160885637879503 0.22143201385903902 0.325920245398773 0.22989853203600225 0.33919301557338366 0.22599090826201923 0.34165093597608936 0.21557057819806447 0.33968459965392483 0.20580151876310684
0 0.3250530097773589 0.24141395421425854 0.31732241724584753 0.24775411866837035 0.31511367652255856 0.2599467426185854 0.3210036517846625 0.2697008417787575 0.3309429850394628 0.2672623169887145 0.3360967133938037 0.25799592278655104 0.33388797267051473 0.2501926434584134
0 0.36082271511719366 0.24748283901892595 0.35246578574799436 0.255298086566892 0.3549237061507 0.27288239354981575 0.36082271511719366 0.27939509983978744 0.37114598080855754 0.27157985229182136 0.3736039012112632 0.2605082515988694 0.36868806040585184 0.25269300405090334
0 0.5396689833902697 0.2389754294242155 0.5348833784898104 0.22727051043200905 0.5289934032277064 0.21556559143980256 0.5231034279656025 0.20629919723763912 0.5113234774413947 0.21215165673374234 0.502488514548239 0.21800411622984558 0.5002797738249499 0.2389754294242155 0.5017522676404759 0.2545819880804908 0.5157409588879727 0.27652871119087796 0.5341471315820473 0.28091805581295537 0.5488720697373071 0.27360248144282634 0.5554982919071739 0.26140985749261125 0.5514489339144776 0.2550696930384994 0.5429820944752032 0.2540942831224822
0 0.6170529563719861 0.3847323890103623 0.6403738518943742 0.3894856925563267 0.6663856199770379 0.39423899610229113 0.6861186854190586 0.3835440631238711 0.6941913030998852 0.36096587128054003 0.706748708381171 0.3680958265994867 0.6950882606199771 0.39305067021580004 0.7022639207807118 0.4263237950375512 0.6923973880597014 0.46910352695123114 0.6932943455797933 0.509506607091929 0.6995730482204363 0.5463447095731534 0.7004700057405281 0.5891244414868334 0.7058517508610792 0.6235858921950757 0.6932943455797933 0.6449757581519157 0.67714911021814 0.6889438159520866 0.6502403846153846 0.7138986595684 0.6206407864523537 0.7103336819089268 0.6000107634902412 0.69250879361156 0.5784837830080367 0.6889438159520866 0.5506780998851895 0.6936971194980511 0.5327389494833525 0.6758722312006845 0.5201815442020666 0.6639889723357734 0.5076241389207807 0.6354691510599868 0.5291511194029851 0.6152676109896379 0.5372237370838118 0.5915010932598156 0.5372237370838118 0.5677345755299934 0.5219754592422503 0.5677345755299934 0.4995515212399541 0.5617929460975378 0.48878803099885193 0.5344614507082422 0.4843032433983927 0.5178248882973667 0.47084888059701496 0.5011883258864911 0.4798184557979335 0.46910352695123114 0.49775760619977044 0.4524669645403556 0.5031393513203215 0.4168171879456223 0.49775760619977044 0.40136895142123785 0.5264602468427095 0.37522578191843337 0.5399146096440873 0.3585892195075578 0.5605446326061998 0.3395760053237 0.5784837830080367 0.33838767943720893 0.5964229334098738 0.34432930886966445 0.6116712112514352 0.37166080425896003
0 0.6170529563719861 0.11854739043635332 0.6062894661308842 0.1268656716417911 0.6071864236509759 0.15063218937161332 0.617949913892078 0.1601387964635422 0.6314042766934558 0.15300884114459554 0.6349921067738232 0.13637227873371996 0.630507319173364 0.12567734575529996
0 0.612189303804924 0.1858155890012778 0.6029862174578866 0.18971722866534663 0.6033543409117681 0.2014221476575531 0.6088761927199905 0.21166395177573377 0.6177111556131464 0.20971313194369934 0.6191836494286723 0.19995903278352728 0.6158705383437388 0.189229523707338
0 0.8413461538461539 0.36784134842711314 0.8350478669801814 0.37340416655077463 0.8350478669801814 0.3852251550635552 0.842920725562647 0.3893972686563013 0.8492190124286194 0.3831390982671822 0.8492190124286194 0.37340416655077463
0 0.40716489667049377 0.5974427226922712 0.38563791618828935 0.6152676109896379 0.36769876578645244 0.6449757581519157 0.3694926808266361 0.67111892765472 0.38922574626865675 0.6948854453845423 0.41703142939150406 0.7043920524764712 0.4457340700344432 0.6936971194980511 0.45829147531572906 0.6746839053141934 0.4556006027554535 0.6330924992870045 0.4457340700344432 0.6010077003517446 0.4376614523536166 0.5831828120543778
0 0.3775652985074628 0.6901321418385779 0.3694926808266361 0.6972620971575245 0.3685957233065442 0.7174636372278734 0.3811531285878301 0.7269702443198023 0.3919166188289323 0.7174636372278734 0.393710533869116 0.7055803783629623
0 0.13646288209606985 0.5792284371262482 0.11494373530399732 0.5757516757989597 0.11389402082633523 0.6084332322754707 0.13908716829022505 0.6126053458682168
0 0.2113811546326884 0.7378896226537976 0.2030242252634891 0.7417972464277807 0.2005663048607834 0.75807901215271 0.20695689790781818 0.7652429890716789 0.21924649992134657 0.761986635926693 0.22072125216296995 0.7496124939757467
