13 0.43499522900763365 0.6729484732824428 0.421875 0.6872614503816794 0.4206822519083969 0.7039599236641222 0.4266459923664122 0.7254293893129772 0.44572996183206115 0.7313931297709924 0.4588501908396948 0.7146946564885497 0.4588501908396948 0.6932251908396947 0.44692270992366423 0.680104961832061
1 0.5912452290076337 0.3246660305343512 0.5828959923664122 0.33778625954198477 0.5840887404580153 0.35329198473282447 0.5876669847328244 0.3711832061068703 0.599594465648855 0.3783396946564886 0.6043654580152673 0.35925572519083976 0.6055582061068703 0.342557251908397 0.6007872137404581 0.33182251908396954
1 0.6282204198473285 0.6240458015267176 0.6162929389312979 0.6359732824427481 0.6162929389312979 0.6538645038167938 0.6282204198473285 0.6657919847328244 0.642533396946565 0.6622137404580153 0.642533396946565 0.6467080152671756 0.6377624045801527 0.6359732824427481
9 0.4552719465648856 0.7564408396946565 0.46004293893129783 0.7719465648854962 0.46600667938931295 0.7838740458015268 0.4755486641221374 0.7731393129770993 0.4755486641221374 0.7588263358778626
0 0.43499522900763365 0.6729484732824428 0.421875 0.6872614503816794 0.4206822519083969 0.7039599236641222 0.4266459923664122 0.7254293893129772 0.44572996183206115 0.7313931297709924 0.4588501908396948 0.7146946564885497 0.4588501908396948 0.6932251908396947 0.44692270992366423 0.680104961832061
9 0.5769322519083969 0.6681774809160306 0.5757395038167938 0.6896469465648856 0.5805104961832062 0.7158874045801527 0.5972089694656489 0.723043893129771 0.6055582061068703 0.7063454198473282 0.6019799618320612 0.6836832061068703 0.5948234732824428 0.6634064885496184
9 0.8059398854961832 0.5799141221374046 0.7892414122137404 0.5954198473282444 0.7820849236641223 0.6168893129770993 0.7856631679389313 0.6407442748091603 0.7975906488549619 0.6431297709923665 0.7999761450381679 0.6288167938931297 0.7999761450381679 0.6145038167938932 0.8119036259541985 0.6025763358778626 0.8154818702290078 0.588263358778626
9 0.846493320610687 0.477337786259542 0.8393368320610687 0.49522900763358785 0.8417223282442748 0.5107347328244275 0.8551682692307692 0.5114182692307693 0.8584208015267176 0.49165076335877866
11 0.6616586538461539 0.17728365384615383 0.6454326923076923 0.18329326923076922 0.6292067307692307 0.20612980769230765 0.6153846153846153 0.22475961538461536 0.6021634615384615 0.24098557692307693 0.5955528846153846 0.2620192307692307 0.5991586538461539 0.2824519230769231 0.6039663461538461 0.30408653846153844 0.6129807692307693 0.32752403846153844 0.6225961538461539 0.34134615384615385 0.6424278846153846 0.3503605769230769 0.6622596153846153 0.35456730769230765 0.6826923076923077 0.34915865384615385 0.6983173076923077 0.3395432692307692 0.7091346153846153 0.3251201923076923 0.7181490384615384 0.31069711538461536 0.7289663461538461 0.28846153846153844 0.7379807692307692 0.2692307692307692 0.7445913461538461 0.24939903846153846 0.7493990384615384 0.23677884615384617 0.7415865384615384 0.21754807692307693 0.7397836538461539 0.19831730769230768 0.7337740384615384 0.18569711538461536 0.7253605769230769 0.17307692307692307 0.7193509615384615 0.15985576923076922 0.7109375 0.14362980769230768 0.7085336538461539 0.12740384615384615 0.7001201923076923 0.13100961538461536 0.6941105769230769 0.14603365384615383 0.6820913461538461 0.16346153846153846 0.6736778846153846 0.17788461538461536
0 0.6616586538461539 0.17728365384615383 0.6454326923076923 0.18329326923076922 0.6292067307692307 0.20612980769230765 0.6153846153846153 0.22475961538461536 0.6021634615384615 0.24098557692307693 0.5955528846153846 0.2620192307692307 0.5991586538461539 0.2824519230769231 0.6039663461538461 0.30408653846153844 0.6129807692307693 0.32752403846153844 0.6225961538461539 0.34134615384615385 0.6424278846153846 0.3503605769230769 0.6622596153846153 0.35456730769230765 0.6826923076923077 0.34915865384615385 0.6983173076923077 0.3395432692307692 0.7091346153846153 0.3251201923076923 0.7181490384615384 0.31069711538461536 0.7289663461538461 0.28846153846153844 0.7379807692307692 0.2692307692307692 0.7445913461538461 0.24939903846153846 0.7493990384615384 0.23677884615384617 0.7415865384615384 0.21754807692307693 0.7397836538461539 0.19831730769230768 0.7337740384615384 0.18569711538461536 0.7253605769230769 0.17307692307692307 0.7193509615384615 0.15985576923076922 0.7109375 0.14362980769230768 0.7085336538461539 0.12740384615384615 0.7001201923076923 0.13100961538461536 0.6941105769230769 0.14603365384615383 0.6820913461538461 0.16346153846153846 0.6736778846153846 0.17788461538461536
9 0.6622596153846153 0.052884615384615384 0.6394230769230769 0.10216346153846154 0.6448317307692307 0.1484375 0.6712740384615384 0.13341346153846154 0.671875 0.11358173076923077 0.6676682692307693 0.0829326923076923
11 0.19170673076923078 0.8191105769230769 0.1875 0.8016826923076923 0.1875 0.7782451923076923 0.20192307692307693 0.7536057692307692 0.22536057692307693 0.734375 0.24639423076923075 0.7181490384615384 0.26742788461538464 0.7151442307692307 0.2902644230769231 0.7169471153846153 0.30709134615384615 0.7277644230769231 0.3125 0.7439903846153846 0.31850961538461536 0.7590144230769231 0.31490384615384615 0.7776442307692307 0.31009615384615385 0.7932692307692307 0.29927884615384615 0.8040865384615385 0.2848557692307692 0.8088942307692306 0.2704326923076923 0.8112980769230769 0.24879807692307693 0.8155048076923077 0.22175480769230765 0.8155048076923077
0 0.19170673076923078 0.8191105769230769 0.1875 0.8016826923076923 0.1875 0.7782451923076923 0.20192307692307693 0.7536057692307692 0.22536057692307693 0.734375 0.24639423076923075 0.7181490384615384 0.26742788461538464 0.7151442307692307 0.2902644230769231 0.7169471153846153 0.30709134615384615 0.7277644230769231 0.3125 0.7439903846153846 0.31850961538461536 0.7590144230769231 0.31490384615384615 0.7776442307692307 0.31009615384615385 0.7932692307692307 0.29927884615384615 0.8040865384615385 0.2848557692307692 0.8088942307692306 0.2704326923076923 0.8112980769230769 0.24879807692307693 0.8155048076923077 0.22175480769230765 0.8155048076923077
