13 0.47023809523809523 0.006448412698412699 0.45932539682539686 0.012400793650793652 0.4533730158730159 0.022321428571428572 0.4573412698412699 0.03670634920634921 0.4652777777777778 0.043154761904761904 0.478670634920635 0.037698412698412696 0.4846230158730159 0.025793650793650796 0.48115079365079366 0.015376984126984128
13 0.5773809523809523 0.03869047619047619 0.5684523809523809 0.03571428571428571 0.5615079365079365 0.03968253968253969 0.5610119047619048 0.04811507936507937 0.564484126984127 0.05803571428571429 0.5719246031746031 0.06299603174603174 0.5783730158730159 0.05704365079365079 0.5798611111111112 0.04811507936507937
18 0.4851190476190476 0.13988095238095238 0.47817460317460314 0.14136904761904762 0.47470238095238093 0.14732142857142858 0.47817460317460314 0.15476190476190477 0.4836309523809524 0.15625 0.4895833333333333 0.15029761904761904
15 0.449404761904762 0.09672619047619048 0.44196428571428575 0.09722222222222222 0.4375 0.10218253968253968 0.44196428571428575 0.10962301587301589 0.44841269841269843 0.1086309523809524 0.4523809523809524 0.10267857142857144
18 0.27281746031746035 0.29712301587301587 0.2673611111111111 0.2996031746031746 0.2673611111111111 0.30753968253968256 0.2733134920634921 0.31101190476190477 0.27827380952380953 0.30505952380952384
18 0.5252976190476191 0.1572420634920635 0.5193452380952381 0.15873015873015875 0.5148809523809523 0.16517857142857145 0.5163690476190477 0.17261904761904762 0.5228174603174603 0.17162698412698413 0.5282738095238095 0.16815476190476192
18 0.35962301587301587 0.17410714285714285 0.35317460317460314 0.17609126984126983 0.3501984126984127 0.18353174603174605 0.3551587301587302 0.18998015873015875 0.3625992063492064 0.1875 0.3630952380952381 0.18055555555555555
15 0.5684523809523809 0.17857142857142858 0.5600198412698413 0.17609126984126983 0.5545634920634921 0.18353174603174605 0.5555555555555556 0.19146825396825398 0.5669642857142858 0.1969246031746032 0.5739087301587301 0.19246031746031747
15 0.6279761904761905 0.18154761904761904 0.623015873015873 0.18452380952380953 0.6225198412698413 0.19196428571428573 0.6284722222222222 0.1959325396825397 0.632936507936508 0.19097222222222224 0.632936507936508 0.18551587301587302
15 0.4246031746031746 0.39037698412698413 0.4246031746031746 0.40674603174603174 0.43650793650793657 0.40773809523809523 0.43650793650793657 0.3908730158730159
13 0.22867063492063494 0.53125 0.2197420634920635 0.5367063492063492 0.21875 0.5466269841269842 0.22420634920634921 0.5545634920634921 0.2316468253968254 0.5525793650793651 0.23462301587301587 0.5446428571428571 0.23214285714285715 0.5381944444444444
13 0.23412698412698413 0.6840277777777778 0.2261904761904762 0.6889880952380952 0.2237103174603175 0.6969246031746031 0.22420634920634921 0.7053571428571429 0.23115079365079366 0.7103174603174603 0.24107142857142855 0.7063492063492063 0.2435515873015873 0.6964285714285714 0.24107142857142855 0.689484126984127
13 0.30208333333333337 0.6721230158730159 0.29563492063492064 0.6741071428571429 0.2916666666666667 0.6815476190476191 0.29464285714285715 0.689484126984127 0.3010912698412699 0.6929563492063492 0.3080357142857143 0.6879960317460317 0.3090277777777778 0.6800595238095238
18 0.2261904761904762 0.80109126984127 0.22023809523809526 0.805059523809524 0.22023809523809526 0.8134920634920635 0.22668650793650796 0.8144841269841271 0.23214285714285715 0.8090277777777779
13 0.5768849206349207 0.48313492063492064 0.5694444444444444 0.4950396825396825 0.566468253968254 0.5074404761904762 0.5729166666666667 0.5193452380952381 0.5838293650793651 0.5178571428571429 0.5922619047619048 0.5069444444444444 0.589781746031746 0.49255952380952384
13 0.6453373015873016 0.5084325396825398 0.6359126984126984 0.5163690476190477 0.6324404761904762 0.5302579365079365 0.6319444444444444 0.5421626984126984 0.6364087301587301 0.5525793650793651 0.6468253968253969 0.5520833333333334 0.6532738095238095 0.541170634920635 0.6537698412698413 0.5287698412698413 0.6517857142857143 0.5183531746031746
13 0.6726190476190477 0.46924603174603174 0.6636904761904762 0.47321428571428575 0.664186507936508 0.4836309523809524 0.6721230158730159 0.4851190476190476 0.6775793650793651 0.47817460317460314
13 0.3035884030418251 0.5382604562737643 0.2940826996197719 0.5471720532319392 0.29111216730038025 0.5590541825095057 0.2946768060836502 0.5721245247148289 0.30240019011406843 0.5792538022813688 0.3125 0.5733127376425855 0.31725285171102663 0.5566777566539924 0.31606463878326996 0.5447956273764258
13 0.5382604562737643 0.5929182509505704 0.5275665399239544 0.601235741444867 0.5263783269961977 0.6131178707224334 0.5299429657794678 0.6244058935361216 0.5418250950570342 0.625 0.5501425855513309 0.6149001901140685 0.5495484790874525 0.6024239543726236
13 0.5994534220532319 0.3350760456273764 0.5863830798479087 0.34695817490494296 0.5774714828897338 0.34695817490494296 0.5727186311787072 0.37725760456273766 0.5851948669201521 0.38676330798479086 0.5851948669201521 0.39864543726235746 0.6000475285171103 0.3968631178707224 0.6065826996197718 0.38557509505703425 0.6006416349809887 0.3754752851711027 0.6149001901140685 0.35527566539923955 0.6166825095057035 0.343393536121673
18 0.5311311787072244 0.2899239543726236 0.5245960076045628 0.29289448669201523 0.5234077946768061 0.3012119771863118 0.5311311787072244 0.3077471482889734 0.5394486692015209 0.30240019011406843 0.5376663498098859 0.2940826996197719
0 0.47023809523809523 0.006448412698412699 0.45932539682539686 0.012400793650793652 0.4533730158730159 0.022321428571428572 0.4573412698412699 0.03670634920634921 0.4652777777777778 0.043154761904761904 0.478670634920635 0.037698412698412696 0.4846230158730159 0.025793650793650796 0.48115079365079366 0.015376984126984128
0 0.5773809523809523 0.03869047619047619 0.5684523809523809 0.03571428571428571 0.5615079365079365 0.03968253968253969 0.5610119047619048 0.04811507936507937 0.564484126984127 0.05803571428571429 0.5719246031746031 0.06299603174603174 0.5783730158730159 0.05704365079365079 0.5798611111111112 0.04811507936507937
0 0.22867063492063494 0.53125 0.2197420634920635 0.5367063492063492 0.21875 0.5466269841269842 0.22420634920634921 0.5545634920634921 0.2316468253968254 0.5525793650793651 0.23462301587301587 0.5446428571428571 0.23214285714285715 0.5381944444444444
0 0.3035884030418251 0.5382604562737643 0.2940826996197719 0.5471720532319392 0.29111216730038025 0.5590541825095057 0.2946768060836502 0.5721245247148289 0.30240019011406843 0.5792538022813688 0.3125 0.5733127376425855 0.31725285171102663 0.5566777566539924 0.31606463878326996 0.5447956273764258
0 0.30208333333333337 0.6721230158730159 0.29563492063492064 0.6741071428571429 0.2916666666666667 0.6815476190476191 0.29464285714285715 0.689484126984127 0.3010912698412699 0.6929563492063492 0.3080357142857143 0.6879960317460317 0.3090277777777778 0.6800595238095238
0 0.23412698412698413 0.6840277777777778 0.2261904761904762 0.6889880952380952 0.2237103174603175 0.6969246031746031 0.22420634920634921 0.7053571428571429 0.23115079365079366 0.7103174603174603 0.24107142857142855 0.7063492063492063 0.2435515873015873 0.6964285714285714 0.24107142857142855 0.689484126984127
0 0.5382604562737643 0.5929182509505704 0.5275665399239544 0.601235741444867 0.5263783269961977 0.6131178707224334 0.5299429657794678 0.6244058935361216 0.5418250950570342 0.625 0.5501425855513309 0.6149001901140685 0.5495484790874525 0.6024239543726236
0 0.5768849206349207 0.48313492063492064 0.5694444444444444 0.4950396825396825 0.566468253968254 0.5074404761904762 0.5729166666666667 0.5193452380952381 0.5838293650793651 0.5178571428571429 0.5922619047619048 0.5069444444444444 0.589781746031746 0.49255952380952384
0 0.6453373015873016 0.5084325396825398 0.6359126984126984 0.5163690476190477 0.6324404761904762 0.5302579365079365 0.6319444444444444 0.5421626984126984 0.6364087301587301 0.5525793650793651 0.6468253968253969 0.5520833333333334 0.6532738095238095 0.541170634920635 0.6537698412698413 0.5287698412698413 0.6517857142857143 0.5183531746031746
0 0.5994534220532319 0.3350760456273764 0.5863830798479087 0.34695817490494296 0.5774714828897338 0.34695817490494296 0.5727186311787072 0.37725760456273766 0.5851948669201521 0.38676330798479086 0.5851948669201521 0.39864543726235746 0.6000475285171103 0.3968631178707224 0.6065826996197718 0.38557509505703425 0.6006416349809887 0.3754752851711027 0.6149001901140685 0.35527566539923955 0.6166825095057035 0.343393536121673
0 0.4246031746031746 0.39037698412698413 0.4246031746031746 0.40674603174603174 0.43650793650793657 0.40773809523809523 0.43650793650793657 0.3908730158730159
0 0.5684523809523809 0.17857142857142858 0.5600198412698413 0.17609126984126983 0.5545634920634921 0.18353174603174605 0.5555555555555556 0.19146825396825398 0.5669642857142858 0.1969246031746032 0.5739087301587301 0.19246031746031747
0 0.449404761904762 0.09672619047619048 0.44196428571428575 0.09722222222222222 0.4375 0.10218253968253968 0.44196428571428575 0.10962301587301589 0.44841269841269843 0.1086309523809524 0.4523809523809524 0.10267857142857144
0 0.6279761904761905 0.18154761904761904 0.623015873015873 0.18452380952380953 0.6225198412698413 0.19196428571428573 0.6284722222222222 0.1959325396825397 0.632936507936508 0.19097222222222224 0.632936507936508 0.18551587301587302
13 0.5818198005698005 0.10772792022792022 0.5751424501424501 0.10995370370370369 0.5733618233618233 0.1179665242165242 0.57380698005698 0.12597934472934472 0.5800391737891737 0.1264245014245014 0.5858262108262108 0.12108262108262106 0.5871616809116809 0.11440527065527065
0 0.5818198005698005 0.10772792022792022 0.5751424501424501 0.10995370370370369 0.5733618233618233 0.1179665242165242 0.57380698005698 0.12597934472934472 0.5800391737891737 0.1264245014245014 0.5858262108262108 0.12108262108262106 0.5871616809116809 0.11440527065527065
15 0.42378917378917375 0.7585470085470085 0.4153311965811966 0.762108262108262 0.4144408831908832 0.7705662393162392 0.41666666666666663 0.7754629629629629 0.42423433048433046 0.7719017094017093 0.43046652421652415 0.7692307692307692 0.43224715099715094 0.762108262108262 0.4313568376068376 0.7572115384615384
0 0.42378917378917375 0.7585470085470085 0.4153311965811966 0.762108262108262 0.4144408831908832 0.7705662393162392 0.41666666666666663 0.7754629629629629 0.42423433048433046 0.7719017094017093 0.43046652421652415 0.7692307692307692 0.43224715099715094 0.762108262108262 0.4313568376068376 0.7572115384615384
13 0.2461716524216524 0.5720263532763532 0.24216524216524213 0.578258547008547 0.24350071225071224 0.5884971509971509 0.2483974358974359 0.5938390313390313 0.2537393162393162 0.5876068376068375 0.25418447293447294 0.5791488603988604
13 0.28757122507122507 0.5221688034188035 0.2840099715099715 0.5315170940170939 0.2857905982905983 0.5404202279202279 0.2924679487179487 0.5404202279202279 0.2951388888888889 0.5324074074074073
13 0.2915776353276353 0.6107549857549858 0.2857905982905983 0.6156517094017093 0.28846153846153844 0.6227742165242165 0.29602920227920226 0.6218839031339031 0.29825498575498577 0.6165420227920227
0 0.2461716524216524 0.5720263532763532 0.24216524216524213 0.578258547008547 0.24350071225071224 0.5884971509971509 0.2483974358974359 0.5938390313390313 0.2537393162393162 0.5876068376068375 0.25418447293447294 0.5791488603988604
0 0.28757122507122507 0.5221688034188035 0.2840099715099715 0.5315170940170939 0.2857905982905983 0.5404202279202279 0.2924679487179487 0.5404202279202279 0.2951388888888889 0.5324074074074073
0 0.2915776353276353 0.6107549857549858 0.2857905982905983 0.6156517094017093 0.28846153846153844 0.6227742165242165 0.29602920227920226 0.6218839031339031 0.29825498575498577 0.6165420227920227
18 0.23647388059701496 0.38572761194029853 0.2321428571428572 0.39005863539445634 0.23047707889125807 0.39838752665245203 0.23614072494669514 0.40305170575692967 0.24180437100213226 0.4017190831556503 0.24213752665245208 0.394722814498934 0.24047174840085295 0.39005863539445634
18 0.2527985074626866 0.6292643923240938 0.24613539445629 0.6332622601279317 0.24846748400852886 0.6409248400852878 0.2547974413646056 0.6405916844349681 0.25846215351812374 0.6349280383795308
18 0.6905650319829424 0.5009994669509595 0.6872334754797441 0.5016657782515991 0.6849013859275053 0.5069962686567164 0.6869003198294242 0.5123267590618337 0.6922308102345416 0.5129930703624733 0.6945628997867803 0.5083288912579957
18 0.6725746268656716 0.5809568230277186 0.6682436034115138 0.5826226012793176 0.665911513859275 0.5889525586353945 0.6682436034115138 0.595615671641791 0.6749067164179104 0.5952825159914712 0.6785714285714286 0.5896188699360341
14 0.5313166311300639 0.5243203624733475 0.5163246268656716 0.5259861407249466 0.5066631130063965 0.5339818763326225 0.501998933901919 0.5526385927505331 0.5073294243070363 0.566297974413646 0.5089952025586354 0.5809568230277186 0.5163246268656716 0.589952025586354 0.5329824093816631 0.5862873134328358 0.5453091684434968 0.5789578891257996 0.5533049040511726 0.5593017057569296 0.5599680170575693 0.5393123667377399 0.5513059701492538 0.5209888059701492 0.5443097014925373 0.5069962686567164 0.5379797441364605 0.5059968017057569
14 0.6769056503198294 0.4906716417910448 0.6685767590618337 0.488339552238806 0.6602478678038379 0.4910047974413646 0.6589152452025586 0.5003331556503199 0.6589152452025586 0.5103278251599147 0.6649120469083155 0.5159914712153518 0.6725746268656716 0.5143256929637526 0.6739072494669509 0.5039978678038379 0.67590618336887 0.49933368869936035
14 0.6285980810234542 0.4740138592750533 0.621268656716418 0.4713486140724947 0.6159381663113006 0.47601279317697226 0.6142723880597015 0.4846748400852879 0.6192697228144989 0.4900053304904051 0.6279317697228144 0.48800639658848616 0.6302638592750534 0.48034381663113007
14 0.6142723880597015 0.5166577825159915 0.6099413646055437 0.5153251599147122 0.6072761194029851 0.5226545842217484 0.6036114072494669 0.5243203624733475 0.601612473347548 0.5339818763326225 0.6036114072494669 0.5396455223880597 0.6106076759061834 0.5406449893390192 0.6169376332622601 0.5389792110874201 0.6186034115138592 0.5299840085287847 0.6162713219616205 0.5249866737739872
14 0.6196028784648188 0.5079957356076759 0.6159381663113006 0.5013326226012793 0.6109408315565032 0.5063299573560768 0.6122734541577824 0.513659381663113
14 0.6246002132196162 0.511660447761194 0.6192697228144989 0.513659381663113 0.6169376332622601 0.5189898720682302 0.6219349680170575 0.5223214285714286 0.6265991471215352 0.51965618336887
14 0.4730143923240938 0.7195495735607675 0.46335287846481876 0.7248800639658849 0.4586886993603412 0.7338752665245203 0.4593550106609808 0.7448694029850745 0.4656849680170575 0.7492004264392323 0.4740138592750533 0.7438699360341151 0.4786780383795309 0.736207356076759 0.4783448827292111 0.7268789978678039
14 0.5123267590618337 0.7468683368869936 0.5059968017057569 0.7501998933901919 0.5063299573560768 0.7591950959488273 0.5099946695095949 0.7648587420042643 0.5186567164179104 0.7631929637526652 0.5199893390191898 0.7548640724946695
14 0.6246002132196162 0.6359275053304904 0.6192697228144989 0.6372601279317698 0.6162713219616205 0.6462553304904051 0.6192697228144989 0.6502531982942431 0.6275986140724947 0.6502531982942431 0.630930170575693 0.6452558635394456
14 0.6869003198294242 0.2308102345415779 0.6762393390191898 0.23380863539445634 0.6742404051172708 0.24413646055437108 0.6785714285714286 0.2527985074626866 0.6872334754797441 0.2514658848614073 0.6902318763326225 0.24413646055437108
14 0.6246002132196162 0.26079424307036253 0.6139392324093816 0.2594616204690832 0.6066098081023454 0.26246002132196167 0.605277185501066 0.27145522388059706 0.6146055437100213 0.2761194029850747 0.6239339019189766 0.27445362473347557 0.6275986140724947 0.26579157782515994
14 0.6149386993603411 0.29244402985074636 0.6082755863539446 0.29744136460554377 0.6089418976545842 0.30610341151385934 0.613272921108742 0.3091018123667378 0.6192697228144989 0.30310501066098083 0.6199360341151385 0.29710820895522394
9 0.5313166311300639 0.5243203624733475 0.5163246268656716 0.5259861407249466 0.5066631130063965 0.5339818763326225 0.501998933901919 0.5526385927505331 0.5073294243070363 0.566297974413646 0.5089952025586354 0.5809568230277186 0.5163246268656716 0.589952025586354 0.5329824093816631 0.5862873134328358 0.5453091684434968 0.5789578891257996 0.5533049040511726 0.5593017057569296 0.5599680170575693 0.5393123667377399 0.5513059701492538 0.5209888059701492 0.5443097014925373 0.5069962686567164 0.5379797441364605 0.5059968017057569
9 0.5382604562737643 0.5929182509505704 0.5275665399239544 0.601235741444867 0.5263783269961977 0.6131178707224334 0.5299429657794678 0.6244058935361216 0.5418250950570342 0.625 0.5501425855513309 0.6149001901140685 0.5495484790874525 0.6024239543726236
9 0.6246002132196162 0.6359275053304904 0.6192697228144989 0.6372601279317698 0.6162713219616205 0.6462553304904051 0.6192697228144989 0.6502531982942431 0.6275986140724947 0.6502531982942431 0.630930170575693 0.6452558635394456
9 0.6769056503198294 0.4906716417910448 0.6685767590618337 0.488339552238806 0.6602478678038379 0.4910047974413646 0.6589152452025586 0.5003331556503199 0.6589152452025586 0.5103278251599147 0.6649120469083155 0.5159914712153518 0.6725746268656716 0.5143256929637526 0.6739072494669509 0.5039978678038379 0.67590618336887 0.49933368869936035
9 0.6142723880597015 0.5166577825159915 0.6099413646055437 0.5153251599147122 0.6072761194029851 0.5226545842217484 0.6036114072494669 0.5243203624733475 0.601612473347548 0.5339818763326225 0.6036114072494669 0.5396455223880597 0.6106076759061834 0.5406449893390192 0.6169376332622601 0.5389792110874201 0.6186034115138592 0.5299840085287847 0.6162713219616205 0.5249866737739872
9 0.6285980810234542 0.4740138592750533 0.621268656716418 0.4713486140724947 0.6159381663113006 0.47601279317697226 0.6142723880597015 0.4846748400852879 0.6192697228144989 0.4900053304904051 0.6279317697228144 0.48800639658848616 0.6302638592750534 0.48034381663113007
9 0.6246002132196162 0.511660447761194 0.6192697228144989 0.513659381663113 0.6169376332622601 0.5189898720682302 0.6219349680170575 0.5223214285714286 0.6265991471215352 0.51965618336887
9 0.6196028784648188 0.5079957356076759 0.6159381663113006 0.5013326226012793 0.6109408315565032 0.5063299573560768 0.6122734541577824 0.513659381663113
13 0.9498799519807923 0.30706032412965184 0.9442527010804321 0.3087484993997599 0.93843787515006 0.3162515006002401 0.9376875750300121 0.3241296518607443 0.9399384753901561 0.3314450780312125 0.9466911764705882 0.33388355342136855 0.9521308523409363 0.33163265306122447 0.9551320528211285 0.32544267707082836 0.9553196278511404 0.3185024009603842 0.9540066026410564 0.312312424969988
0 0.9498799519807923 0.30706032412965184 0.9442527010804321 0.3087484993997599 0.93843787515006 0.3162515006002401 0.9376875750300121 0.3241296518607443 0.9399384753901561 0.3314450780312125 0.9466911764705882 0.33388355342136855 0.9521308523409363 0.33163265306122447 0.9551320528211285 0.32544267707082836 0.9553196278511404 0.3185024009603842 0.9540066026410564 0.312312424969988
13 0.858718487394958 0.2584783913565426 0.8527160864345739 0.26129201680672265 0.8499024609843937 0.2663565426170468 0.8499024609843937 0.272546518607443 0.8514030612244898 0.2777986194477791 0.856467587034814 0.2787364945978391 0.85984393757503 0.27629801920768304 0.8619072629051621 0.27010804321728693 0.862282412965186 0.2644807923169268
0 0.858718487394958 0.2584783913565426 0.8527160864345739 0.26129201680672265 0.8499024609843937 0.2663565426170468 0.8499024609843937 0.272546518607443 0.8514030612244898 0.2777986194477791 0.856467587034814 0.2787364945978391 0.85984393757503 0.27629801920768304 0.8619072629051621 0.27010804321728693 0.862282412965186 0.2644807923169268
9 0.6869003198294242 0.2308102345415779 0.6762393390191898 0.23380863539445634 0.6742404051172708 0.24413646055437108 0.6785714285714286 0.2527985074626866 0.6872334754797441 0.2514658848614073 0.6902318763326225 0.24413646055437108
9 0.6246002132196162 0.26079424307036253 0.6139392324093816 0.2594616204690832 0.6066098081023454 0.26246002132196167 0.605277185501066 0.27145522388059706 0.6146055437100213 0.2761194029850747 0.6239339019189766 0.27445362473347557 0.6275986140724947 0.26579157782515994
9 0.6149386993603411 0.29244402985074636 0.6082755863539446 0.29744136460554377 0.6089418976545842 0.30610341151385934 0.613272921108742 0.3091018123667378 0.6192697228144989 0.30310501066098083 0.6199360341151385 0.29710820895522394
9 0.5123267590618337 0.7468683368869936 0.5059968017057569 0.7501998933901919 0.5063299573560768 0.7591950959488273 0.5099946695095949 0.7648587420042643 0.5186567164179104 0.7631929637526652 0.5199893390191898 0.7548640724946695
9 0.4730143923240938 0.7195495735607675 0.46335287846481876 0.7248800639658849 0.4586886993603412 0.7338752665245203 0.4593550106609808 0.7448694029850745 0.4656849680170575 0.7492004264392323 0.4740138592750533 0.7438699360341151 0.4786780383795309 0.736207356076759 0.4783448827292111 0.7268789978678039
