11 0.6817440777215863 0.5737011729729055 0.6634449028480169 0.5499668969307834 0.6576224381155177 0.5761995178194447 0.6592859994676604 0.6074288284011842 0.6700991482565877 0.6211697250571496 0.6867347617780143 0.6349106217131151 0.7042021559755123 0.6511498632156197 0.7125199627362258 0.6499006907923501 0.7091928400319403 0.6249172423269584 0.7116881820601543 0.6124255180942626 0.6975479105669417 0.5911895868986796
11 0.5827621772690976 0.5861928972056013 0.571117247804099 0.6074288284011842 0.558640537663029 0.6161730353640713 0.5611358796912429 0.6399073114061934 0.5544816342826723 0.6511498632156197 0.5478273888741017 0.6436548286760022 0.5378460207612457 0.6748841392577418 0.5436684854937449 0.7048642774162117 0.5677901250998136 0.7136084843790989 0.5794350545648123 0.6911233807602464 0.5969024487623102 0.6648907598715851 0.6052202555230236 0.6286647595967673 0.601061352142667 0.6036813111313755
1 0.7017068139472984 0.45502979276229505 0.6867347617780143 0.44503641337613836 0.6850712004258717 0.4675215169949909 0.6958843492147989 0.4900066206138434 0.7091928400319403 0.48625910334403466 0.7200059888208676 0.4712690342647996
14 0.8239785733297844 0.6898742083369768 0.808174740484429 0.6986184152998639 0.8048476177801436 0.7273493810350643 0.8065111791322863 0.7598278640400735 0.8298010380622837 0.7610770364633431 0.840614186851211 0.7385919328444905 0.8414459675272823 0.7111101395325597
14 0.7424640670747936 0.7023659325696726 0.7283237955815809 0.7023659325696726 0.7241648922012244 0.7161068292256381 0.7249966728772956 0.7335952431514122 0.7316509182858664 0.7473361398073777 0.745791189779079 0.7485853122306473 0.753277215863721 0.7410902776910298 0.750781873835507 0.7248510361885252 0.748286531807293 0.7136084843790989
1 0.48128493478839496 0.7186051740721772 0.47047178599946765 0.722352691341986 0.47379890870375296 0.7398411052677601 0.48211671546446627 0.7560803467702647 0.4929298642533936 0.7560803467702647 0.5045747937183923 0.743588622537569 0.5070701357466063 0.7323460707281426 0.5070701357466063 0.7186051740721772 0.49625698695767895 0.7198543464954468
0 0.5827621772690976 0.5861928972056013 0.571117247804099 0.6074288284011842 0.558640537663029 0.6161730353640713 0.5611358796912429 0.6399073114061934 0.5544816342826723 0.6511498632156197 0.5478273888741017 0.6436548286760022 0.5378460207612457 0.6748841392577418 0.5436684854937449 0.7048642774162117 0.5677901250998136 0.7136084843790989 0.5794350545648123 0.6911233807602464 0.5969024487623102 0.6648907598715851 0.6052202555230236 0.6286647595967673 0.601061352142667 0.6036813111313755
0 0.6817440777215863 0.5737011729729055 0.6634449028480169 0.5499668969307834 0.6576224381155177 0.5761995178194447 0.6592859994676604 0.6074288284011842 0.6700991482565877 0.6211697250571496 0.6867347617780143 0.6349106217131151 0.7042021559755123 0.6511498632156197 0.7125199627362258 0.6499006907923501 0.7091928400319403 0.6249172423269584 0.7116881820601543 0.6124255180942626 0.6975479105669417 0.5911895868986796
9 0.8239785733297844 0.6898742083369768 0.808174740484429 0.6986184152998639 0.8048476177801436 0.7273493810350643 0.8065111791322863 0.7598278640400735 0.8298010380622837 0.7610770364633431 0.840614186851211 0.7385919328444905 0.8414459675272823 0.7111101395325597
9 0.7424640670747936 0.7023659325696726 0.7283237955815809 0.7023659325696726 0.7241648922012244 0.7161068292256381 0.7249966728772956 0.7335952431514122 0.7316509182858664 0.7473361398073777 0.745791189779079 0.7485853122306473 0.753277215863721 0.7410902776910298 0.750781873835507 0.7248510361885252 0.748286531807293 0.7136084843790989
