0 0.36044847328244284 0.5071564885496184 0.3389790076335878 0.5155057251908397 0.33778625954198477 0.5298187022900763 0.34971374045801534 0.5477099236641222 0.36641221374045807 0.5548664122137404 0.37953244274809167 0.5393606870229009 0.37953244274809167 0.520276717557252
0 0.5822996183206106 0.23043893129770998 0.5691793893129772 0.24117366412213745 0.5739503816793894 0.26145038167938933 0.5811068702290078 0.27457061068702293 0.591841603053435 0.2626431297709924 0.5966125954198473 0.24713740458015274 0.5954198473282443 0.23401717557251916
0 0.723043893129771 0.6896469465648856 0.7087309160305344 0.6848759541984732 0.6920324427480915 0.6848759541984732 0.6848759541984732 0.7027671755725191 0.6812977099236642 0.7266221374045803 0.6848759541984732 0.7421278625954199 0.7099236641221374 0.7302003816793893 0.7325858778625955 0.7158874045801527 0.745706106870229 0.7051526717557252 0.7445133587786259 0.6896469465648856
14 0.6315035994764397 0.48302519633507857 0.6323216623036648 0.49570517015706805 0.6376390706806283 0.5075670811518325 0.6368210078534031 0.5137025523560209 0.6433655104712042 0.5206560863874345 0.6576816099476439 0.5227012434554974 0.6605448298429318 0.5157477094240838 0.6679073952879581 0.5014316099476439 0.6662712696335078 0.4948871073298429 0.6601357984293192 0.48997873036649214 0.6474558246073298 0.48588841623036644 0.639684227748691 0.4854793848167539
14 0.7484865837696335 0.2613301701570681 0.7403059554973821 0.25110438481675396 0.7296711387434555 0.25601276178010474 0.7259898560209423 0.2633753272251309 0.7239446989528795 0.27278304973821993 0.7157640706806283 0.26746564136125656 0.7096285994764397 0.2719649869109948 0.7088105366492147 0.2850539921465969 0.7161731020942408 0.29487074607329844 0.7280350130890052 0.2997791230366492 0.7415330497382199 0.2932346204188482 0.7538039921465968 0.2825998036649215 0.7615755890052356 0.2715559554973822 0.7574852748691099 0.26419339005235604 0.7525768979057591 0.26582951570680635
14 0.6605448298429318 0.1508916884816754 0.664226112565445 0.16807100785340318 0.6683164267015707 0.18320517015706808 0.6740428664921466 0.19056773560209425 0.6834505890052356 0.18688645287958117 0.6854957460732984 0.17788776178010474 0.6928583115183246 0.17052519633507854 0.6899950916230366 0.1582542539267016 0.6822234947643978 0.1500736256544503 0.6724067408376964 0.14312009162303668 0.6609538612565444 0.12757689790575918
14 0.6621809554973821 0.2768733638743456 0.6580906413612565 0.29037140052356025 0.6572725785340314 0.2989610602094241 0.6503190445026178 0.3022333115183246 0.6511371073298429 0.3136861910994765 0.6584996727748691 0.31736747382198954 0.6654532068062827 0.3255481020942409 0.6748609293193717 0.3251390706806283 0.6740428664921466 0.31491328534031415 0.6781331806282722 0.3083687827225131 0.6732248036649214 0.2989610602094241 0.6695435209424083 0.28669011780104714 0.6674983638743455 0.2801456151832461
9 0.6605448298429318 0.1508916884816754 0.664226112565445 0.16807100785340318 0.6683164267015707 0.18320517015706808 0.6740428664921466 0.19056773560209425 0.6834505890052356 0.18688645287958117 0.6854957460732984 0.17788776178010474 0.6928583115183246 0.17052519633507854 0.6899950916230366 0.1582542539267016 0.6822234947643978 0.1500736256544503 0.6724067408376964 0.14312009162303668 0.6609538612565444 0.12757689790575918
9 0.6621809554973821 0.27728239528795817 0.6580906413612565 0.29078043193717285 0.6572725785340314 0.2993700916230367 0.6503190445026178 0.3026423429319372 0.6511371073298429 0.314095222513089 0.6584996727748691 0.31777650523560214 0.6654532068062827 0.32595713350785344 0.6748609293193717 0.3255481020942409 0.6740428664921466 0.31532231675392675 0.6781331806282722 0.3087778141361257 0.6732248036649214 0.2993700916230367 0.6695435209424083 0.28709914921465973 0.6674983638743455 0.2805546465968587
9 0.7484865837696335 0.2613301701570681 0.7403059554973821 0.25110438481675396 0.7296711387434555 0.25601276178010474 0.7259898560209423 0.2633753272251309 0.7239446989528795 0.27278304973821993 0.7157640706806283 0.26746564136125656 0.7096285994764397 0.2719649869109948 0.7088105366492147 0.2850539921465969 0.7161731020942408 0.29487074607329844 0.7280350130890052 0.2997791230366492 0.7415330497382199 0.2932346204188482 0.7538039921465968 0.2825998036649215 0.7615755890052356 0.2715559554973822 0.7574852748691099 0.26419339005235604 0.7525768979057591 0.26582951570680635
9 0.6315035994764397 0.48302519633507857 0.6323216623036648 0.49570517015706805 0.6376390706806283 0.5075670811518325 0.6368210078534031 0.5137025523560209 0.6433655104712042 0.5206560863874345 0.6576816099476439 0.5227012434554974 0.6605448298429318 0.5157477094240838 0.6679073952879581 0.5014316099476439 0.6662712696335078 0.4948871073298429 0.6601357984293192 0.48997873036649214 0.6474558246073298 0.48588841623036644 0.639684227748691 0.4854793848167539
13 0.36044847328244284 0.5071564885496184 0.3389790076335878 0.5155057251908397 0.33778625954198477 0.5298187022900763 0.34971374045801534 0.5477099236641222 0.36641221374045807 0.5548664122137404 0.37953244274809167 0.5393606870229009 0.37953244274809167 0.520276717557252
13 0.723043893129771 0.6896469465648856 0.7087309160305344 0.6848759541984732 0.6920324427480915 0.6848759541984732 0.6848759541984732 0.7027671755725191 0.6812977099236642 0.7266221374045803 0.6848759541984732 0.7421278625954199 0.7099236641221374 0.7302003816793893 0.7325858778625955 0.7158874045801527 0.745706106870229 0.7051526717557252 0.7445133587786259 0.6896469465648856
13 0.5822996183206106 0.23043893129770998 0.5691793893129772 0.24117366412213745 0.5739503816793894 0.26145038167938933 0.5811068702290078 0.27457061068702293 0.591841603053435 0.2626431297709924 0.5966125954198473 0.24713740458015274 0.5954198473282443 0.23401717557251916
6 0.41308082460732976 0.27891852094240843 0.41471695026178007 0.29078043193717285 0.4143079188481675 0.2977339659685864 0.42576079842931935 0.2911894633507854 0.41717113874345546 0.28219077225130895 0.42657886125654454 0.27850948952879584 0.4237156413612565 0.267056609947644 0.41717113874345546 0.2707378926701571
6 0.4609375 0.23024378272251314 0.4552110602094241 0.23474312827225133 0.45848331151832455 0.23965150523560214 0.46339168848167533 0.23556119109947646 0.47279941099476436 0.23351603403141366 0.4809800392670157 0.2343340968586388 0.489160667539267 0.23719731675392675 0.49284195026178007 0.23351603403141366 0.4846613219895287 0.2326979712041885 0.4809800392670157 0.2306528141361257 0.4793439136125654 0.22042702879581158 0.47320844240837695 0.22901668848167542 0.4666639397905759 0.23187990837696337
6 0.49038776178010474 0.2421056937172775 0.48302519633507857 0.24415085078534035 0.48588841623036644 0.2490592277486911 0.4781168193717277 0.24987729057591626 0.47893488219895286 0.2543766361256545 0.4887516361256544 0.25110438481675396 0.4969322643979058 0.24537794502617802 0.5014316099476439 0.23965150523560214 0.498568390052356 0.23106184554973827
6 0.3500899869109948 0.307550719895288 0.3537712696335079 0.3108229712041885 0.3549983638743456 0.31777650523560214 0.35990674083769636 0.3165494109947644 0.3615428664921466 0.3095958769633508 0.3582706151832461 0.30550556282722513
6 0.3615428664921466 0.22889916826209267 0.3611338350785341 0.23585270229350627 0.3558164267015707 0.2423972049113073 0.35622545811518325 0.25057783318355864 0.37381380890052357 0.24689655046104556 0.3697234947643979 0.2415791420840822 0.36563318062827227 0.23667076512073143
6 0.41758017015706805 0.24619600785340318 0.41471695026178007 0.24292375654450266 0.4073543848167539 0.24415085078534035 0.4053092277486911 0.2490592277486911 0.40939954188481675 0.25151341623036655 0.41389888743455494 0.2543766361256545 0.41758017015706805 0.25601276178010474 0.4241246727748691 0.25314954188481675 0.4241246727748691 0.24987729057591626
6 0.4625736256544502 0.179523887434555 0.46011943717277487 0.18484129581151834 0.4650278141361256 0.18443226439790578 0.4695271596858638 0.18361420157068065 0.46789103403141363 0.17993291884816756
6 0.31736747382198954 0.14230202879581152 0.31532231675392675 0.1500736256544503 0.3181855366492147 0.15661812827225133 0.32309391361256545 0.15416393979057594 0.3243210078534032 0.14925556282722513 0.32922938481675396 0.14680137434554977 0.3275932591623037 0.1427110602094241 0.3226848821989529 0.141892997382199
6 0.38731184554973824 0.3251390706806283 0.392220222513089 0.32963841623036655 0.3983556937172775 0.32595713350785344 0.395083442408377 0.3218668193717278 0.38976603403141363 0.32063972513089006
6 0.49284195026178007 0.30632362565445026 0.48711551047120416 0.3038694371727749 0.48302519633507857 0.3108229712041885 0.4838432591623036 0.316958442408377 0.4895696989528796 0.31859456806282727 0.49284195026178007 0.3132771596858639
6 0.5030677356020943 0.29037140052356025 0.49611420157068065 0.2932346204188482 0.49284195026178007 0.2989610602094241 0.4989774214659685 0.3022333115183246 0.504294829842932 0.29855202879581155
6 0.451529777486911 0.27114692408376967 0.451529777486911 0.2850539921465969 0.45602912303664916 0.28669011780104714 0.4609375 0.2805546465968587 0.4625736256544502 0.2772823952879581 0.458074280104712 0.2731920811518325
6 0.35458933246073304 0.260512107329843 0.34927192408376967 0.26501145287958117 0.3525441753926702 0.27278304973821993 0.36031577225130895 0.2752372382198953 0.3607248036649215 0.26746564136125656
6 0.48997873036649214 0.1819780759162304 0.49038776178010474 0.18688645287958117 0.5006135471204188 0.18729548429319373 0.5026587041884817 0.1819780759162304 0.49611420157068065 0.18116001308900526
6 0.47770778795811514 0.19915739528795812 0.47893488219895286 0.2032477094240838 0.4846613219895287 0.20365674083769636 0.4854793848167539 0.20038448952879584 0.482616164921466 0.19833933246073301
6 0.37299574607329844 0.33986420157068065 0.37095058900523564 0.34599967277486915 0.37258671465968585 0.35131708115183247 0.3787221858638744 0.3468177356020943 0.3758589659685864 0.34395451570680635
6 0.3239119764397906 0.3447725785340314 0.32309391361256545 0.3521351439790576 0.3288203534031414 0.35663448952879584 0.3325016361256545 0.3533622382198953 0.3304564790575916 0.3476357984293194
6 0.4466214005235602 0.30918684554973824 0.44212205497382195 0.31245909685863876 0.4408949607329843 0.31777650523560214 0.4470304319371728 0.32104875654450266 0.45316590314136124 0.31900359947643986 0.4552110602094241 0.314095222513089
6 0.3754499345549739 0.43189626963350786 0.3754499345549739 0.439258835078534 0.38444862565445026 0.4372136780104712 0.3803583115183246 0.4339414267015707
6 0.3774950916230367 0.451529777486911 0.3840395942408377 0.4564381544502617 0.3864937827225131 0.4527568717277487 0.3840395942408377 0.448666557591623
6 0.3918111910994765 0.43639561518324604 0.38731184554973824 0.439258835078534 0.3946744109947644 0.44171302356020936
6 0.38822115384615385 0.40693681318681324 0.381353021978022 0.4179258241758242 0.39474587912087916 0.41844093406593413
6 0.3396105410447761 0.22592117537313433 0.3326142723880597 0.2317513992537313 0.33378031716417905 0.2372901119402985 0.3390275186567164 0.23758162313432835 0.3416511194029851 0.23320895522388058 0.3384444962686567 0.23204291044776118
6 0.40840718283582084 0.2177588619402985 0.40345149253731344 0.22504664179104475 0.4089902052238806 0.22446361940298507 0.4049090485074626 0.2282532649253731 0.4066581156716418 0.23495802238805968 0.41132229477611937 0.23758162313432835 0.41132229477611937 0.234375 0.4072411380597015 0.23029384328358207 0.4121968283582089 0.22737873134328357 0.4186100746268656 0.22271455223880596 0.415986473880597 0.22125699626865672 0.4110307835820895 0.22125699626865672
6 0.3145405783582089 0.25128264925373134 0.32328591417910446 0.2568213619402985 0.32736707089552236 0.27256296641791045 0.33144822761194026 0.27722714552238803 0.33552938432835816 0.28830457089552236 0.34398320895522383 0.2894706156716418 0.34398320895522383 0.2815998134328358 0.34660680970149255 0.27781016791044777 0.34310867537313433 0.2673157649253731 0.3422341417910447 0.2603194962686567 0.33290578358208955 0.25332322761194026 0.3285331156716418 0.25099113805970147
6 0.40111940298507465 0.29267723880597013 0.3967467350746269 0.2970499067164179 0.4002448694029851 0.3005480410447761 0.40549207089552236 0.2990904850746269 0.40549207089552236 0.29559235074626866
6 0.46086237980769235 0.33015324519230765 0.4548527644230769 0.33203125 0.4469651442307693 0.33804086538461536 0.4435847355769231 0.34780649038461536 0.45109675480769235 0.3586989182692307 0.4616135817307693 0.3632061298076923 0.47062800480769235 0.35945012019230765 0.4743840144230769 0.3504356971153846 0.4736328125 0.34217247596153844 0.47062800480769235 0.33653846153846156
6 0.4499699519230769 0.3876201923076923 0.4443359375 0.3947566105769231 0.4439603365384615 0.4048978365384615 0.44583834134615385 0.4112830528846153 0.45222355769230765 0.40865384615384615 0.4541015625 0.4015174278846153 0.46198918269230765 0.3996394230769231 0.4638671875 0.3913762019230769 0.45748197115384615 0.3879957932692307
6 0.43006310096153844 0.3245192307692307 0.4244290865384615 0.3294020432692307 0.42029747596153844 0.3327824519230769 0.4259314903846153 0.3361628605769231 0.43156550480769235 0.33728966346153844 0.4368239182692307 0.3391676682692307 0.4383263221153846 0.3327824519230769 0.4371995192307693 0.3263972355769231
6 0.4969200721153846 0.3102463942307692 0.49654447115384615 0.31850961538461536 0.4954176682692307 0.3263972355769231 0.5040564903846153 0.3200120192307692 0.5081881009615384 0.31400240384615385 0.5063100961538461 0.3102463942307692
6 0.3752253605769231 0.32677283653846156 0.3748497596153846 0.33240685096153844 0.37935697115384615 0.3339092548076923 0.38386418269230765 0.34555288461538464 0.3898737980769231 0.3534405048076923 0.3977614182692307 0.3534405048076923 0.4045222355769231 0.3556941105769231 0.4090294471153846 0.35193810096153844 0.41353665865384615 0.3493088942307692 0.41165865384615385 0.3444260817307692 0.41053185096153844 0.3387920673076923 0.4060246394230769 0.33653846153846156 0.40377103365384615 0.34217247596153844 0.400390625 0.3440504807692307 0.3996394230769231 0.3376652644230769 0.3973858173076923 0.3346604567307692 0.3943810096153846 0.33240685096153844 0.390625 0.3312800480769231 0.3879957932692307 0.33503605769230765 0.3846153846153846 0.33315805288461536 0.38423978365384615 0.32752403846153844
6 0.5487882653061223 0.33035714285714285 0.5478316326530612 0.3383290816326531 0.5481505102040816 0.3450255102040816 0.5529336734693877 0.34757653061224486 0.5593112244897959 0.3494897959183673 0.5621811224489796 0.34661989795918363 0.5577168367346939 0.34374999999999994 0.5558035714285714 0.3386479591836734 0.5545280612244897 0.3338647959183673
6 0.48677884615384615 0.414329594017094 0.48010149572649574 0.4186698717948718 0.47743055555555564 0.4253472222222222 0.476428952991453 0.4316907051282052 0.4811030982905983 0.4356971153846154 0.4891159188034188 0.43336004273504275 0.49312232905982906 0.42668269230769235 0.4934561965811966 0.42167467948717946 0.49178685897435903 0.4180021367521368
6 0.5018028846153847 0.28145032051282054 0.5121527777777778 0.29146634615384615 0.5168269230769231 0.28478899572649574 0.5204994658119658 0.27744391025641024 0.5255074786324787 0.2700988247863248 0.5231704059829061 0.26742788461538464 0.5151575854700855 0.27377136752136755
6 0.4140451002227172 0.37019766146993327 0.41021714922049 0.3893374164810691 0.41160913140311806 0.3994292873051225 0.42204899777282856 0.4029092427616927 0.4307488864142539 0.3994292873051225 0.4338808463251671 0.39107739420935417 0.431444877505568 0.38411748329621387
18 0.09201388888888892 0.2645227072310406 0.08898258377425047 0.26755401234567905 0.08898258377425047 0.2716876102292769 0.09173831569664906 0.27471891534391535 0.09504519400352737 0.27278990299823636 0.09559634038800709 0.2692074514991182
18 0.053984788359788385 0.21822641093474432 0.047922178130511486 0.22180886243386247 0.04819775132275135 0.22759589947089948 0.05370921516754853 0.22897376543209877 0.05839395943562613 0.2273203262786596 0.058118386243386264 0.22291115520282187
18 0.026703042328042353 0.1785438712522046 0.024222883597883625 0.18240189594356263 0.026151895943562636 0.1859843474426808 0.03083664021164024 0.1851576278659612 0.031938932980599674 0.18157517636684306 0.03000992063492066 0.17881944444444448
18 0.028907627865961228 0.2146439594356261 0.028907627865961228 0.21932870370370372 0.032490079365079395 0.2220844356261023 0.03552138447971784 0.2201554232804233 0.03552138447971784 0.21629739858906527 0.03331679894179897 0.2146439594356261
18 0.037174823633156995 0.1242559523809524 0.03745039682539685 0.12811397707231043 0.0404817019400353 0.12728725749559083 0.04103284832451502 0.12508267195767198
0 0.1611827601410935 0.19149581128747797 0.15622244268077604 0.1981095679012346 0.15677358906525576 0.20472332451499117 0.16145833333333334 0.21243937389770723 0.16972552910052913 0.21271494708994712 0.17413470017636684 0.20775462962962962 0.1733079805996473 0.2008652998236332 0.16972552910052913 0.19480268959435626
13 0.1611827601410935 0.19149581128747797 0.15622244268077604 0.1981095679012346 0.15677358906525576 0.20472332451499117 0.16145833333333334 0.21243937389770723 0.16972552910052913 0.21271494708994712 0.17413470017636684 0.20775462962962962 0.1733079805996473 0.2008652998236332 0.16972552910052913 0.19480268959435626
2 0.07685736331569668 0.19507826278659615 0.07823522927689597 0.19921186067019403 0.08291997354497357 0.20003858024691362 0.082093253968254 0.19645612874779544 0.08043981481481485 0.19480268959435626
2 0.06985780423280423 0.23458167989417986 0.06717096560846561 0.23664847883597884 0.06882440476190475 0.23912863756613753 0.07171792328042328 0.23809523809523808 0.07254464285714285 0.23582175925925924
2 0.09837962962962962 0.21908068783068782 0.09507275132275131 0.2201140873015873 0.0954861111111111 0.22300760582010581 0.0985863095238095 0.22445436507936506 0.10044642857142856 0.22238756613756613
2 0.13268849206349204 0.21308697089947087 0.130828373015873 0.21660052910052907 0.13268849206349204 0.2188740079365079 0.13558201058201058 0.21804728835978832 0.13578869047619047 0.21494708994708994
2 0.11966765873015872 0.2550429894179894 0.1167741402116402 0.2554563492063492 0.11698082010582009 0.25834986772486773 0.11925429894179893 0.26020998677248675 0.12132109788359788 0.25855654761904756
2 0.13268849206349204 0.26517030423280424 0.12979497354497355 0.2676504629629629 0.1312417328042328 0.2709573412698413 0.134755291005291 0.27054398148148145 0.13578869047619047 0.26723710317460314
2 0.14488260582010581 0.2649636243386243 0.14178240740740738 0.2666170634920635 0.14178240740740738 0.2688905423280423 0.14488260582010581 0.27075066137566134 0.14798280423280424 0.27075066137566134 0.14922288359788358 0.2682705026455026
2 0.07027116402116401 0.2883184523809524 0.06882440476190475 0.291005291005291 0.06923776455026455 0.2938988095238095 0.07275132275132275 0.2938988095238095 0.07461144179894179 0.29162533068783064 0.07357804232804233 0.2893518518518518
2 0.1316550925925926 0.2544229497354497 0.12979497354497355 0.25648974867724866 0.13020833333333331 0.2589699074074074 0.13310185185185183 0.2595899470899471 0.13496197089947087 0.2579365079365079 0.13516865079365079 0.25566302910052907
2 0.11863425925925926 0.24429563492063489 0.11698082010582009 0.24739583333333331 0.11739417989417988 0.2509093915343915 0.1202876984126984 0.2509093915343915 0.12152777777777776 0.24822255291005288 0.12173445767195767 0.24615575396825395
2 0.12256117724867724 0.236235119047619 0.12008101851851852 0.23726851851851852 0.12070105820105818 0.2397486772486772 0.12338789682539682 0.2407820767195767 0.125041335978836 0.23892195767195767
2 0.15769675925925924 0.2932787698412698 0.15687003968253968 0.29761904761904756 0.1585234788359788 0.30051256613756616 0.16100363756613756 0.29927248677248675 0.16121031746031744 0.29555224867724866
2 0.1316550925925926 0.23664847883597884 0.1312417328042328 0.2407820767195767 0.13351521164021163 0.2407820767195767 0.13392857142857142 0.23850859788359785
2 0.13744212962962962 0.22590112433862433 0.13682208994708994 0.230448082010582 0.1382688492063492 0.23230820105820102 0.14095568783068782 0.230448082010582 0.14116236772486773 0.22817460317460317 0.13992228835978834 0.2263144841269841
2 0.09135251322751323 0.2509093915343915 0.08825231481481481 0.2535962301587301 0.0886656746031746 0.2562830687830687 0.09176587301587301 0.2579365079365079 0.09403935185185185 0.2571097883597883 0.09424603174603174 0.2548363095238095 0.09300595238095237 0.25318287037037035
2 0.13599537037037038 0.3249007936507936 0.13392857142857142 0.3263475529100529 0.13392857142857142 0.3290343915343915 0.13661541005291006 0.3296544312169312 0.1382688492063492 0.32800099206349204
2 0.13392857142857142 0.291005291005291 0.13227513227513227 0.2926587301587301 0.13227513227513227 0.29761904761904756 0.13558201058201058 0.2972056878306878 0.13599537037037038 0.2941054894179894
2 0.14033564814814814 0.28273809523809523 0.13868220899470898 0.28521825396825395 0.13992228835978834 0.28687169312169314 0.14219576719576718 0.28625165343915343
2 0.14963624338624337 0.2779844576719577 0.1486028439153439 0.28129133597883593 0.15025628306878308 0.28521825396825395 0.1514963624338624 0.28811177248677244 0.1519097222222222 0.2821180555555555
2 0.1597635582010582 0.26868386243386244 0.15749007936507936 0.26992394179894175 0.15811011904761904 0.2730241402116402 0.16017691798941797 0.27385085978835977 0.16100363756613756 0.27033730158730157
2 0.16059027777777776 0.2560763888888889 0.15831679894179893 0.257729828042328 0.1589368386243386 0.26062334656084657 0.16121031746031744 0.2612433862433862 0.16307043650793648 0.26000330687830686
2 0.15314980158730157 0.26413690476190477 0.15128968253968253 0.26599702380952384 0.1519097222222222 0.2684771825396825 0.15521660052910052 0.26868386243386244 0.15625 0.2664103835978836
2 0.07874503968253968 0.17257771164021163 0.07543816137566137 0.17505787037037035 0.07461144179894179 0.17836474867724866 0.07647156084656084 0.18022486772486773 0.07957175925925926 0.17877810846560843 0.08060515873015872 0.17547123015873015
2 0.009507275132275133 0.2267278439153439 0.007647156084656085 0.22982804232804233 0.007853835978835978 0.23272156084656084 0.010747354497354497 0.2331349206349206 0.013434193121693121 0.23086144179894177 0.013434193121693121 0.22838128306878308
