2 0.7757947198275862 0.4383755387931035 0.7808459051724138 0.43366109913793105 0.7885910560344829 0.43601831896551724 0.7919585129310345 0.4383755387931035 0.7858970905172414 0.44039601293103453 0.7805091594827587 0.4397225215517241
2 0.6774649784482759 0.5333378232758621 0.6788119612068966 0.5383890086206897 0.681505926724138 0.5393992456896551 0.6804956896551724 0.546807650862069 0.685546875 0.5461341594827587 0.687567349137931 0.5387257543103449 0.6852101293103449 0.5343480603448276
2 0.6057381465517242 0.5727370689655172 0.6064116379310345 0.5771147629310345 0.6037176724137931 0.581829202586207 0.6084321120689655 0.5828394396551724 0.6128098060344829 0.5784617456896551 0.611126077586207 0.5744207974137931
2 0.5872171336206897 0.5535425646551724 0.5922683189655172 0.5501751077586208 0.5952990301724138 0.5528690732758621 0.5952990301724138 0.5582570043103449 0.589911099137931 0.5582570043103449
2 0.6969962284482759 0.5905845905172413 0.699016702586207 0.5848599137931034 0.7044046336206897 0.5835129310344828 0.7074353448275862 0.587890625 0.7047413793103449 0.591594827586207 0.7007004310344829 0.5926050646551724
2 0.5141433189655172 0.5016837284482759 0.5144800646551724 0.505724676724138 0.5198679956896551 0.5074084051724138 0.5225619612068966 0.5053879310344828 0.5212149784482759 0.5013469827586208 0.5181842672413793 0.5003367456896551
2 0.5228987068965518 0.5090921336206897 0.5282866379310345 0.5084186422413793 0.5303071120689655 0.511786099137931 0.5276131465517242 0.5144800646551724 0.5245824353448276 0.5138065732758621
2 0.6687095905172413 0.5599407327586208 0.668036099137931 0.5666756465517242 0.6818426724137931 0.5670123922413793 0.679485452586207 0.5619612068965518 0.6761179956896551 0.5596039870689655
2 0.7003636853448276 0.5612877155172413 0.6993534482758621 0.5744207974137931 0.705078125 0.570379849137931 0.7077720905172413 0.5666756465517242 0.7057516163793104 0.5636449353448276
2 0.642443426724138 0.525255926724138 0.6390759698275862 0.5303071120689655 0.642443426724138 0.533001077586207 0.6468211206896551 0.5306438577586208 0.6474946120689655 0.525255926724138
2 0.615167025862069 0.5639816810344828 0.6155037715517242 0.5710533405172413 0.6205549568965518 0.5707165948275862 0.6219019396551724 0.5656654094827587 0.619207974137931 0.5636449353448276
2 0.6357085129310345 0.5676858836206897 0.6370554956896551 0.5727370689655172 0.6340247844827587 0.5774515086206897 0.6360452586206897 0.5794719827586208 0.6434536637931034 0.5764412715517242 0.6448006465517242 0.5737473060344828 0.6417699353448276 0.570379849137931
2 0.624932650862069 0.5481546336206897 0.6222386853448276 0.5569100215517242 0.6279633620689655 0.5582570043103449 0.6313308189655172 0.550848599137931
2 0.4787850215517242 0.39392510775862066 0.4834994612068965 0.39089439655172414 0.4872036637931035 0.39830280172413796 0.4821524784482759 0.3999865301724138
2 0.49629579741379315 0.3895474137931035 0.4976427801724138 0.39796605603448276 0.5050511853448276 0.3932516163793104
2 0.5444504310344828 0.43366109913793105 0.5501751077586208 0.43063038793103453 0.5515220905172413 0.437365301724138
2 0.5505118534482759 0.4521821120689656 0.5495016163793104 0.4579067887931035 0.55859375 0.45655980603448276 0.5579202586206897 0.44915140086206895
2 0.556573275862069 0.46699892241379315 0.5562365301724138 0.4737338362068965 0.5629714439655172 0.47407058189655177 0.5629714439655172 0.4690193965517242
2 0.9051050646551726 0.4488146551724138 0.9044315732758623 0.45723329741379315 0.9104929956896551 0.456896551724138 0.9104929956896551 0.45049838362068967
2 0.96609375 0.44109375 0.96578125 0.44484375 0.9709375 0.445625 0.9715624999999999 0.44125
2 0.5821875000000001 0.47859375000000004 0.5871875 0.47609375 0.58703125 0.48203125
2 0.729375 0.48109375 0.7290625000000001 0.48375 0.733125 0.4878125 0.73515625 0.48765625 0.73546875 0.4809375
2 0.6465625 0.48609375000000005 0.64265625 0.48796875 0.6409374999999999 0.49109375 0.64375 0.4925 0.6478125 0.491875 0.65 0.49140625 0.6498437499999999 0.48796875
2 0.62234375 0.45609374999999996 0.62109375 0.46234374999999994 0.62546875 0.46703124999999995 0.6275000000000001 0.4603125
2 0.59046875 0.4890625 0.59078125 0.49484374999999997 0.599375 0.4965625 0.5996875 0.49265625 0.5984375 0.4890625 0.59546875 0.488125
2 0.56796875 0.47734375 0.568125 0.48171875000000003 0.57375 0.48203125 0.57421875 0.47796874999999994
2 0.5667187499999999 0.48640625000000004 0.56703125 0.48875 0.5709375 0.48890625 0.5721875 0.48531250000000004
2 0.57765625 0.48359375 0.57765625 0.48734374999999996 0.58265625 0.4871875 0.5821875000000001 0.484375
2 0.5046875 0.3353125 0.5042187499999999 0.340625 0.5090625 0.3434375 0.515625 0.3434375 0.51625 0.33796875000000004 0.5090625 0.33734375
2 0.6828125 0.49468750000000006 0.6828125 0.5001562500000001 0.6910937500000001 0.50046875 0.6910937500000001 0.49515624999999996
2 0.6860937500000001 0.5064062500000001 0.6860937500000001 0.51265625 0.69140625 0.5125 0.69078125 0.50546875
2 0.6946875 0.51796875 0.694375 0.5225 0.70015625 0.52265625 0.7003125 0.51796875
2 0.68828125 0.5276562499999999 0.688125 0.53203125 0.69453125 0.531875 0.6940625 0.5270312500000001
2 0.6996875 0.54953125 0.7 0.5532812500000001 0.7045312499999999 0.5525 0.7040625 0.55015625
2 0.71578125 0.54953125 0.71640625 0.5545312499999999 0.72109375 0.55421875 0.7215625 0.55015625
2 0.7732812499999999 0.52125 0.7721875 0.526875 0.7787499999999999 0.52609375
2 0.7318749999999999 0.42312500000000003 0.7368750000000001 0.42609375 0.74140625 0.42265625 0.73875 0.42046875000000006 0.73515625 0.41984374999999996 0.73203125 0.42078125
2 0.6951562499999999 0.48562500000000003 0.6990624999999999 0.48343749999999996 0.6996875 0.48671875 0.705 0.4884375 0.70125 0.49343750000000003 0.69796875 0.48968749999999994
2 0.7542187499999999 0.48171875000000003 0.75625 0.488125 0.75875 0.4878125 0.7614062500000001 0.4815625
2 0.9003125000000001 0.43234374999999997 0.8975 0.43875000000000003 0.9037499999999999 0.4371875 0.9103125000000001 0.4346875 0.9081250000000001 0.43125
2 0.9628125000000001 0.3403125 0.9604687500000001 0.34546875 0.9662499999999999 0.34796875 0.9701562499999999 0.34890625000000003 0.9709375 0.34484375 0.9684375 0.3415625
2 0.76390625 0.36953125 0.76890625 0.375625 0.778125 0.375625 0.77796875 0.36828125
6 0.779375 0.45734375 0.77625 0.45859375 0.77609375 0.46187500000000004 0.7784375 0.46281249999999996 0.7815624999999999 0.46187500000000004 0.7815624999999999 0.45906250000000004
6 0.78328125 0.47062499999999996 0.779375 0.47093749999999995 0.77921875 0.47562499999999996 0.7849999999999999 0.475
6 0.79875 0.46671874999999996 0.795625 0.46796875 0.7959375 0.47125000000000006 0.80046875 0.47093749999999995 0.803125 0.46875 0.8012499999999999 0.46687500000000004
6 0.7970312500000001 0.47609375 0.79390625 0.47640625 0.7943749999999999 0.48015625 0.7971874999999999 0.48171875000000003 0.80015625 0.47843749999999996 0.79984375 0.47609375
6 0.7458098370927317 0.44290413533834583 0.7426770050125313 0.44368734335839594 0.7416979949874686 0.44721177944862156 0.7442434210526315 0.44956140350877194 0.7479636591478697 0.44956140350877194 0.7501174812030075 0.4468201754385965 0.749921679197995 0.44368734335839594
6 0.7589285714285714 0.4570018796992481 0.7559915413533834 0.45817669172932324 0.7544251253132832 0.46150532581453635 0.7571663533834586 0.4630717418546365 0.7608865914786966 0.46228853383458646 0.762453007518797 0.4599389097744361 0.7620614035087719 0.45817669172932324
6 0.7593201754385965 0.5386513157894737 0.7557957393483709 0.5394345238095238 0.7550125313283208 0.5431547619047619 0.7581453634085212 0.5457001879699248 0.762453007518797 0.5449169799498746 0.7636278195488722 0.5415883458646616 0.7622572055137844 0.5386513157894737
6 0.7724389097744361 0.5437421679197995 0.7687186716791979 0.5439379699248119 0.7677396616541353 0.5480498120300752 0.7708724937343358 0.5492246240601504 0.7747885338345865 0.5480498120300752 0.7749843358395989 0.5455043859649122
6 0.7526629072681704 0.5500078320802004 0.749921679197995 0.5496162280701754 0.7483552631578947 0.553532268170426 0.7509006892230576 0.5566651002506265 0.7552083333333333 0.5566651002506265 0.7563831453634084 0.5539238721804511 0.7544251253132832 0.5519658521303258
6 0.76578164160401 0.48186873433583954 0.7620614035087719 0.48245614035087714 0.7614739974937342 0.4855889724310777 0.7648026315789473 0.4871553884711779 0.7679354636591478 0.48578477443609025 0.7681312656641603 0.4836309523809524
6 0.7835996240601503 0.4509320175438596 0.7808583959899749 0.4509320175438596 0.7790961779448622 0.4542606516290727 0.78125 0.45739348370927313 0.7847744360902256 0.4571976817042606 0.7863408521303258 0.45484805764411024
6 0.8027882205513783 0.44897399749373434 0.8002427944862156 0.44975720551378445 0.7992637844611529 0.4536732456140351 0.8022008145363408 0.45504385964912275 0.8053336466165414 0.45328164160400997 0.8057252506265664 0.4507362155388471
6 0.7973057644110275 0.43389724310776934 0.7943687343358395 0.4331140350877193 0.7926065162907268 0.43644266917293234 0.7953477443609022 0.4391838972431078 0.7998511904761905 0.43800908521303256 0.8014176065162907 0.43448464912280704
6 0.7890820802005012 0.46444235588972427 0.7859492481203006 0.46463815789473684 0.7855576441102756 0.46777098997493727 0.7881030701754386 0.469141604010025 0.7916275062656641 0.4685541979949875 0.7928023182957393 0.4660087719298246
6 0.7945645363408521 0.450344611528822 0.790844298245614 0.45054041353383456 0.7884946741854636 0.4534774436090225 0.790844298245614 0.45582706766917286 0.7947603383458646 0.45543546365914783 0.7963267543859649 0.45328164160400997
6 0.6802161654135338 0.4863721804511278 0.6772791353383458 0.4869595864661654 0.6749295112781954 0.48930921052631576 0.6770833333333333 0.49146303258145363 0.6811951754385965 0.49263784461152876 0.6839364035087719 0.4906798245614035 0.6831531954887218 0.48833020050125314
6 0.7687186716791979 0.5022321428571428 0.7655858395989974 0.5024279448621554 0.7640194235588972 0.5055607769423559 0.7659774436090225 0.5075187969924813 0.7689144736842104 0.5081062030075187 0.7706766917293233 0.5057565789473684
6 0.7303414786967418 0.518875313283208 0.7262296365914787 0.5190711152882205 0.7250548245614035 0.5214207393483709 0.7268170426065163 0.5239661654135338 0.7293624686716791 0.5243577694235588 0.7322994987468672 0.5227913533834586 0.7324953007518797 0.5208333333333333
6 0.7133067042606516 0.46424655388471175 0.7095864661654134 0.4662045739348371 0.7103696741854637 0.47090382205513787 0.7140899122807017 0.4718828320802005 0.7168311403508771 0.4697290100250626 0.7162437343358395 0.46718358395989973
6 0.6825657894736842 0.4542606516290727 0.6788455513784462 0.45289003759398494 0.6753211152882205 0.4542606516290727 0.6759085213032581 0.4585682957393484 0.678453947368421 0.4603305137844611 0.6827615914786966 0.45895989974937346
6 0.710173872180451 0.45210682957393483 0.706062030075188 0.45210682957393483 0.7050830200501252 0.45543546365914783 0.707236842105263 0.4575892857142857 0.7103696741854637 0.4571976817042606 0.7117402882205514 0.4544564536340852
6 0.7462014411027569 0.5302318295739348 0.7424812030075187 0.5306234335839599 0.7403273809523809 0.5327772556390977 0.7360197368421052 0.5325814536340852 0.737390350877193 0.5364974937343358 0.7415021929824561 0.5374765037593985 0.7463972431077693 0.5357142857142857
2 0.6997963659147869 0.5382597117794485 0.6950971177944861 0.5380639097744361 0.6996005639097744 0.5433505639097744
2 0.7070410401002506 0.5492246240601504 0.7095864661654134 0.5529448621553884 0.7117402882205514 0.5490288220551378
2 0.7046914160401002 0.5368890977443609 0.705670426065163 0.5406093358395989 0.7088032581453634 0.5402177318295739 0.7088032581453634 0.5374765037593985
2 0.7044956140350876 0.5554902882205514 0.7044956140350876 0.559406328320802 0.7095864661654134 0.5597979323308271 0.7084116541353384 0.5556860902255638
6 0.6226503759398496 0.5084978070175439 0.6203007518796992 0.5055607769423559 0.6161889097744361 0.5041901629072681 0.6156015037593985 0.5092810150375939 0.6185385338345865 0.5122180451127819 0.6136434837092731 0.5147634711779449 0.6175595238095238 0.51593828320802 0.6232377819548872 0.5141760651629073 0.6234335839598997 0.5104558270676691
6 0.6328320802005012 0.5282738095238095 0.6281328320802004 0.5300360275689223 0.6273496240601504 0.5361058897243107 0.6314614661654134 0.5345394736842105 0.6343984962406014 0.5390429197994987 0.6373355263157895 0.5388471177944861 0.6369439223057645 0.5339520676691729 0.6353775062656641 0.5308192355889724
6 0.7342575187969924 0.46777098997493727 0.7309288847117794 0.468358395989975 0.7293624686716791 0.4718828320802005 0.7317120927318295 0.47403665413533835 0.7360197368421052 0.4730576441102756 0.7375861528822055 0.4703164160401002
6 0.7342575187969924 0.49205043859649117 0.731516290726817 0.49263784461152876 0.7301456766917294 0.49479166666666663 0.7324953007518797 0.4967496867167919 0.7352365288220551 0.4963580827067669 0.7362155388471178 0.49420426065162903
6 0.7301456766917294 0.4979244987468672 0.7279918546365914 0.4983161027568922 0.7272086466165413 0.5016447368421052 0.7295582706766917 0.503406954887218 0.7328869047619048 0.5018405388471178 0.7332785087719298 0.4996867167919799
6 0.7546209273182958 0.5153508771929824 0.7510964912280701 0.5151550751879699 0.7497258771929824 0.5175046992481203 0.7514880952380951 0.518875313283208 0.7546209273182958 0.5190711152882205 0.756578947368421 0.5173088972431078
6 0.7767465538847118 0.5073229949874686 0.7742011278195489 0.5071271929824561 0.7736137218045112 0.5108474310776943 0.775375939849624 0.5131970551378446 0.7781171679197995 0.5120222431077693 0.7783129699248119 0.5094768170426065
2 0.8973605889724311 0.49087562656641603 0.893640350877193 0.49087562656641603 0.8930529448621554 0.49420426065162903 0.8952067669172932 0.4961622807017544 0.8987312030075187 0.49498746867167914
2 0.8730811403508772 0.5294486215538847 0.8703399122807017 0.5363016917293233 0.8768013784461152 0.5353226817042607
6 0.8338362068965518 0.4508620689655173 0.8310344827586207 0.4512931034482759 0.8271551724137931 0.4543103448275862 0.8275862068965518 0.4584051724137931 0.8306034482758621 0.46056034482758623 0.8349137931034483 0.45905172413793105 0.8362068965517242 0.4553879310344827
6 0.8198275862068967 0.46206896551724136 0.8165948275862069 0.4625 0.8157327586206897 0.46594827586206894 0.8174568965517242 0.46896551724137925 0.821551724137931 0.46788793103448273 0.8232758620689655 0.4642241379310345
6 0.6898706896551724 0.4573275862068965 0.6857758620689655 0.45775862068965517 0.6842672413793103 0.46163793103448275 0.6872844827586208 0.4637931034482759 0.6915948275862069 0.46206896551724136 0.6922413793103448 0.45969827586206896
18 0.7177947598253275 0.3739082969432314 0.7119950873362446 0.37459061135371174 0.7119950873362446 0.3797079694323144 0.7177947598253275 0.38311954148471616 0.7225709606986899 0.3797079694323144 0.7218886462882096 0.3759552401746725
18 0.6137418122270742 0.4237172489082969 0.6065775109170305 0.4247407205240175 0.6062363537117903 0.42917576419213976 0.6120360262008734 0.43156386462882096 0.617153384279476 0.4295169213973799 0.6178356986899562 0.42576419213973804
18 0.8163891921397379 0.37254366812227074 0.812636462882096 0.3728848253275109 0.8119541484716157 0.3783433406113537 0.8170715065502183 0.3797079694323144 0.822188864628821 0.376978711790393 0.8211653930131003 0.37220251091703055
13 0.5912254366812226 0.45237445414847166 0.5864492358078602 0.45237445414847166 0.5830376637554585 0.4578329694323144 0.5850846069868996 0.4660207423580786 0.5922489082969432 0.46670305676855894 0.5963427947598253 0.4605622270742358 0.5946370087336245 0.4540802401746725
13 0.6809497816593886 0.5932723799126637 0.673785480349345 0.5963427947598253 0.6724208515283843 0.6024836244541485 0.6751501091703057 0.6096479257641921 0.6823144104803494 0.611353711790393 0.6884552401746725 0.6076009825327511 0.6887963973799127 0.6007778384279476 0.6857259825327511 0.5970251091703057
18 0.9699099344978166 0.4820551310043668 0.9658160480349345 0.4817139737991266 0.964792576419214 0.4868313318777292 0.9685453056768558 0.49024290393013104 0.9722980349344977 0.48921943231441045
13 0.6710562227074235 0.12349890829694324 0.6659388646288209 0.12349890829694324 0.6618449781659389 0.126910480349345 0.6625272925764192 0.13236899563318777 0.6744677947598253 0.13373362445414846 0.6751501091703057 0.1252046943231441
0 0.6710562227074235 0.12349890829694324 0.6659388646288209 0.12349890829694324 0.6618449781659389 0.126910480349345 0.6625272925764192 0.13236899563318777 0.6744677947598253 0.13373362445414846 0.6751501091703057 0.1252046943231441
0 0.5912254366812226 0.45237445414847166 0.5864492358078602 0.45237445414847166 0.5830376637554585 0.4578329694323144 0.5850846069868996 0.4660207423580786 0.5922489082969432 0.46670305676855894 0.5963427947598253 0.4605622270742358 0.5946370087336245 0.4540802401746725
0 0.6809497816593886 0.5932723799126637 0.673785480349345 0.5963427947598253 0.6724208515283843 0.6024836244541485 0.6751501091703057 0.6096479257641921 0.6823144104803494 0.611353711790393 0.6884552401746725 0.6076009825327511 0.6887963973799127 0.6007778384279476 0.6857259825327511 0.5970251091703057
