2 0.4976427801724138 0.38483297413793105 0.4929283405172414 0.3861799568965517 0.4969692887931035 0.3915678879310345
2 0.5060614224137931 0.3754040948275862 0.5121228448275862 0.3740571120689655 0.5094288793103449 0.3791082974137931 0.5063981681034483 0.37877155172413796
2 0.47912176724137934 0.3966190732758621 0.48417295258620696 0.3962823275862069 0.48484644396551724 0.3989762931034483 0.47945851293103453 0.3999865301724138
2 0.48653017241379315 0.38820043103448276 0.4868669181034483 0.3935883620689655 0.490234375 0.39392510775862066 0.48989762931034486 0.3888739224137931
2 0.5481546336206897 0.36462823275862066 0.5457974137931034 0.37136314655172414 0.5505118534482759 0.3706896551724138
2 0.6754032258064516 0.4813508064516129 0.6809475806451613 0.4808467741935484 0.6801915322580645 0.4838709677419355 0.6764112903225806 0.484375
2 0.6839717741935484 0.4987399193548387 0.6869959677419355 0.4959677419354839 0.6877520161290323 0.5
2 0.6995967741935484 0.5372983870967742 0.7001008064516129 0.5425907258064516 0.7038810483870968 0.5398185483870968
2 0.6748991935483871 0.5345262096774193 0.6776713709677419 0.5330141129032258 0.6809475806451613 0.5342741935483871 0.6781754032258064 0.5367943548387097
2 0.6559979838709677 0.547883064516129 0.6565020161290323 0.5529233870967742 0.6602822580645161 0.5526713709677419 0.6617943548387097 0.5486391129032258
2 0.625 0.475554435483871 0.6219758064516129 0.475554435483871 0.6204637096774193 0.4790826612903226 0.6229838709677419 0.4810987903225806 0.6262600806451613 0.4800907258064516 0.6267641129032258 0.4778225806451613
1 0.5419614779874213 0.47317216981132076 0.5365566037735848 0.47317216981132076 0.5336084905660378 0.47955974842767296 0.536065251572327 0.48496462264150936 0.542944182389937 0.48496462264150936 0.5488404088050314 0.48201650943396224 0.5483490566037735 0.4771029874213836
1 0.667256289308176 0.48693003144654085 0.6628341194968553 0.4879127358490566 0.6608687106918238 0.4938089622641509 0.6652908805031446 0.49724842767295596 0.6697130503144654 0.4938089622641509
1 0.3916077044025157 0.4648191823899371 0.3871855345911949 0.46727594339622636 0.3852201257861635 0.47562893081761004 0.3886595911949685 0.4785770440251572 0.39602987421383645 0.47268081761006286 0.39553852201257855 0.46776729559748426
1 0.40094339622641506 0.447621855345912 0.3965212264150943 0.44958726415094336 0.394064465408805 0.45548349056603776 0.3965212264150943 0.46137971698113206 0.4024174528301886 0.4623624213836478 0.4043828616352201 0.45744889937106914 0.404874213836478 0.4530267295597484
1 0.3400157232704403 0.45204402515723274 0.333628144654088 0.4535180817610063 0.330188679245283 0.45843160377358483 0.3326454402515723 0.465310534591195 0.34099842767295596 0.4633451257861635 0.34886006289308175 0.4603970125786163 0.347877358490566 0.4549921383647798
1 0.4667845911949685 0.42993317610062887 0.4608883647798742 0.4309158805031446 0.45794025157232704 0.436812106918239 0.4608883647798742 0.4412342767295597 0.46776729559748426 0.4407429245283018 0.4712067610062893 0.4358294025157233
1 0.6525157232704403 0.4982311320754717 0.6471108490566038 0.500687893081761 0.6456367924528301 0.5056014150943395 0.6525157232704403 0.5085495283018868 0.6574292452830188 0.5060927672955975 0.656937893081761 0.5021619496855345
1 0.7203223270440251 0.5277122641509433 0.7134433962264151 0.5272209119496856 0.7114779874213836 0.5311517295597483 0.7159001572327044 0.532625786163522 0.7154088050314465 0.5380306603773585 0.7203223270440251 0.536065251572327
14 0.25108097484276726 0.4490959119496855 0.24420204402515724 0.4505699685534591 0.2417452830188679 0.45744889937106914 0.2432193396226415 0.4633451257861635 0.25009827044025157 0.465310534591195 0.2574685534591195 0.4628537735849056 0.25943396226415094 0.45597484276729555 0.2559944968553459 0.45204402515723274
1 0.4102790880503145 0.4353380503144654 0.40389150943396224 0.4373034591194968 0.40290880503144655 0.44369103773584906 0.40880503144654085 0.44663915094339623 0.4137185534591195 0.44221698113207547
1 0.4181407232704403 0.4530267295597484 0.41273584905660377 0.45548349056603776 0.41224449685534587 0.46137971698113206 0.41863207547169806 0.4633451257861635 0.4230542452830188 0.45941430817610057
2 0.4879127358490566 0.4603970125786163 0.482999213836478 0.46187106918238985 0.4825078616352201 0.4667845911949685 0.4879127358490566 0.4682586477987421 0.4923349056603773 0.46432783018867924
2 0.5036360062893082 0.46875 0.49921383647798734 0.4712067610062893 0.5011792452830188 0.4751375786163522 0.5060927672955975 0.47366352201257855
18 0.4444852941176471 0.4911764705882353 0.4404411764705882 0.4911764705882353 0.4382352941176471 0.4970588235294118 0.4415441176470588 0.5018382352941176 0.4466911764705882 0.5011029411764706 0.4488970588235294 0.49632352941176466
18 0.5893382352941177 0.39779411764705885 0.5838235294117646 0.39963235294117644 0.5841911764705883 0.40625 0.5889705882352941 0.40661764705882353 0.5922794117647059 0.4033088235294118
18 0.6544117647058824 0.3275735294117647 0.65 0.33125 0.6507352941176471 0.33676470588235297 0.6555147058823529 0.3360294117647059 0.6580882352941176 0.33235294117647063
18 0.5683823529411764 0.26176470588235295 0.5639705882352941 0.2621323529411764 0.5617647058823529 0.2661764705882353 0.5639705882352941 0.2702205882352941 0.5698529411764706 0.2705882352941177 0.5735294117647058 0.26801470588235293 0.5727941176470588 0.2639705882352941
18 0.33235294117647063 0.23786764705882354 0.3290441176470588 0.2375 0.32573529411764707 0.24154411764705883 0.32683823529411765 0.24705882352941178 0.33235294117647063 0.24816176470588233 0.3375 0.24558823529411766 0.3375 0.24080882352941177
1 0.6869959677419355 0.5115927419354839 0.6842237903225806 0.5105846774193548 0.6814516129032258 0.5141129032258064 0.6811995967741935 0.5181451612903226 0.6849798387096774 0.5181451612903226 0.6877520161290323 0.515625
1 0.7164818548387097 0.5073084677419355 0.7132056451612903 0.5083165322580645 0.7116935483870968 0.5123487903225806 0.7142137096774193 0.514616935483871 0.7182459677419355 0.5133568548387097 0.7192540322580645 0.5103326612903226
9 0.25108097484276726 0.4490959119496855 0.24420204402515724 0.4505699685534591 0.2417452830188679 0.45744889937106914 0.2432193396226415 0.4633451257861635 0.25009827044025157 0.465310534591195 0.2574685534591195 0.4628537735849056 0.25943396226415094 0.45597484276729555 0.2559944968553459 0.45204402515723274
