15 0.6355731402002862 0.17213063075455773 0.6128701487472947 0.17480157092549792 0.604857328234474 0.19750456237848937 0.6168765590037049 0.2215430239169509 0.6422504906276366 0.2162011435750706 0.6529342513113973 0.192162682036609
15 0.48864850427350426 0.7824519230769231 0.4726228632478632 0.7904647435897436 0.4699519230769232 0.8145032051282053 0.48197115384615385 0.8345352564102566 0.5020032051282051 0.8278579059829061 0.5086805555555556 0.8078258547008549
15 0.41786858974358976 0.8438835470085471 0.40184294871794873 0.8705929487179487 0.40184294871794873 0.8986378205128206 0.4245459401709402 0.9026442307692308 0.44057158119658124 0.8799412393162394 0.44190705128205127 0.8545673076923078
15 0.7704326923076923 0.9440438034188036 0.7610844017094017 0.9573985042735045 0.765090811965812 0.9801014957264957 0.782451923076923 0.9801014957264957 0.7864583333333334 0.9654113247863249
15 0.4432425213675213 0.09134615384615383 0.4312232905982906 0.09802350427350424 0.43255876068376065 0.11939102564102563 0.4459134615384615 0.1314102564102564 0.45659722222222215 0.11538461538461538
15 0.5661057692307692 0.9567307692307692 0.5487446581196581 0.9674145299145298 0.5487446581196581 0.9941239316239316 0.5651362179487177 0.9984375 0.5767895299145298 0.9794337606837606
11 0.6756143162393162 0.44524572649572647 0.6489049145299145 0.4465811965811966 0.6275373931623932 0.45459401709401714 0.6181891025641025 0.49065170940170943 0.6141826923076923 0.5227029914529915 0.6128472222222221 0.5547542735042735 0.626201923076923 0.5894764957264957 0.6542467948717949 0.5921474358974359 0.6756143162393162 0.5587606837606838 0.6836271367521368 0.5240384615384616 0.688969017094017 0.48931623931623935
11 0.48864850427350426 0.3210470085470085 0.4659455128205128 0.3344017094017094 0.4499198717948717 0.36244658119658124 0.4485844017094017 0.391826923076923 0.45526175213675213 0.4252136752136752 0.4752938034188034 0.43055555555555564 0.4979967948717949 0.406517094017094 0.5113514957264957 0.37580128205128205 0.5113514957264957 0.34775641025641024
11 0.5500801282051281 0.3504273504273504 0.5287126068376068 0.3611111111111111 0.5247061965811965 0.40918803418803423 0.5540865384615385 0.40918803418803423 0.5807959401709402 0.37446581196581197 0.5848023504273504 0.34107905982905984 0.5754540598290598 0.28899572649572647 0.5647702991452992 0.31169871794871795
13 0.2635461373390558 0.5552575107296137 0.2549412393162393 0.5347222222222222 0.23357371794871792 0.5360576923076923 0.2268963675213675 0.560096153846154 0.23357371794871792 0.5841346153846154 0.2536057692307692 0.5868055555555556 0.26295405982905984 0.5681089743589743
11 0.2202190170940171 0.6469017094017094 0.1988514957264957 0.65491452991453 0.18950320512820515 0.6856303418803419 0.2001869658119658 0.7150106837606838 0.22155448717948717 0.7083333333333334 0.23090277777777782 0.6816239316239316
11 0.5620993589743589 0.5320512820512822 0.5420673076923077 0.5387286324786326 0.5340544871794872 0.5614316239316239 0.5487446581196581 0.5801282051282052 0.5661057692307692 0.5734508547008548 0.5754540598290598 0.5547542735042735
11 0.6822916666666666 0.26092792817578225 0.6542467948717949 0.2635988683467224 0.6542467948717949 0.30232750082535487 0.6342147435897436 0.3103403213381754 0.6208600427350428 0.3771138256116797 0.640892094017094 0.35307536407321816 0.6649305555555556 0.35307536407321816 0.6689369658119657 0.31701767176552587 0.6836271367521368 0.2996565606544147
11 0.37513354700854695 0.9099893162393162 0.35376602564102566 0.9139957264957264 0.3323985042735043 0.9393696581196581 0.3310630341880342 0.9727564102564102 0.3457532051282052 0.9954594017094017 0.3636217948717949 0.9984375 0.41386217948717957 0.9887820512820513 0.42321047008547 0.9660790598290598 0.4151976495726496 0.9340277777777777 0.4005074786324787 0.9166666666666666
13 0.31503739316239315 0.8525641025641025 0.29767628205128205 0.8525641025641025 0.28432158119658124 0.8699252136752136 0.28832799145299143 0.8926282051282051 0.3083600427350427 0.9019764957264957 0.3243856837606838 0.8886217948717949 0.3297275641025641 0.8699252136752136
13 0.40317841880341876 0.5093482905982907 0.38982371794871795 0.514690170940171 0.38448183760683763 0.5347222222222222 0.39115918803418803 0.5574252136752137 0.40852029914529914 0.5560897435897436 0.41653311965811957 0.5400641025641026
13 0.3457532051282052 0.39049145299145294 0.33373397435897434 0.4038461538461539 0.33774038461538464 0.4252136752136752 0.35376602564102566 0.4198717948717949 0.3604433760683761 0.40251068376068383
15 0.5594284188034188 0.15678418803418798 0.5487446581196581 0.18349358974358973 0.5580929487179487 0.21688034188034186 0.5701121794871794 0.19551282051282048 0.5701121794871794 0.1701388888888889
15 0.7597489316239316 0.6736111111111112 0.7530715811965812 0.7003205128205129 0.7544070512820513 0.7230235042735044 0.7704326923076923 0.7203525641025641 0.7731036324786326 0.7069978632478633 0.7690972222222221 0.6909722222222222
0 0.4432425213675213 0.09134615384615383 0.4312232905982906 0.09802350427350424 0.43255876068376065 0.11939102564102563 0.4459134615384615 0.1314102564102564 0.45659722222222215 0.11538461538461538
0 0.5594284188034188 0.15678418803418798 0.5487446581196581 0.18349358974358973 0.5580929487179487 0.21688034188034186 0.5701121794871794 0.19551282051282048 0.5701121794871794 0.1701388888888889
0 0.6355731402002862 0.17213063075455773 0.6128701487472947 0.17480157092549792 0.604857328234474 0.19750456237848937 0.6168765590037049 0.2215430239169509 0.6422504906276366 0.2162011435750706 0.6529342513113973 0.192162682036609
0 0.48864850427350426 0.3210470085470085 0.4659455128205128 0.3344017094017094 0.4499198717948717 0.36244658119658124 0.4485844017094017 0.391826923076923 0.45526175213675213 0.4252136752136752 0.4752938034188034 0.43055555555555564 0.4979967948717949 0.406517094017094 0.5113514957264957 0.37580128205128205 0.5113514957264957 0.34775641025641024
0 0.5500801282051281 0.3504273504273504 0.5287126068376068 0.3611111111111111 0.5247061965811965 0.40918803418803423 0.5540865384615385 0.40918803418803423 0.5807959401709402 0.37446581196581197 0.5848023504273504 0.34107905982905984 0.5754540598290598 0.28899572649572647 0.5647702991452992 0.31169871794871795
0 0.6822916666666666 0.26092792817578225 0.6542467948717949 0.2635988683467224 0.6542467948717949 0.30232750082535487 0.6342147435897436 0.3103403213381754 0.6208600427350428 0.3771138256116797 0.640892094017094 0.35307536407321816 0.6649305555555556 0.35307536407321816 0.6689369658119657 0.31701767176552587 0.6836271367521368 0.2996565606544147
0 0.6756143162393162 0.44524572649572647 0.6489049145299145 0.4465811965811966 0.6275373931623932 0.45459401709401714 0.6181891025641025 0.49065170940170943 0.6141826923076923 0.5227029914529915 0.6128472222222221 0.5547542735042735 0.626201923076923 0.5894764957264957 0.6542467948717949 0.5921474358974359 0.6756143162393162 0.5587606837606838 0.6836271367521368 0.5240384615384616 0.688969017094017 0.48931623931623935
0 0.5620993589743589 0.5320512820512822 0.5420673076923077 0.5387286324786326 0.5340544871794872 0.5614316239316239 0.5487446581196581 0.5801282051282052 0.5661057692307692 0.5734508547008548 0.5754540598290598 0.5547542735042735
0 0.7597489316239316 0.6736111111111112 0.7530715811965812 0.7003205128205129 0.7544070512820513 0.7230235042735044 0.7704326923076923 0.7203525641025641 0.7731036324786326 0.7069978632478633 0.7690972222222221 0.6909722222222222
0 0.40317841880341876 0.5093482905982907 0.38982371794871795 0.514690170940171 0.38448183760683763 0.5347222222222222 0.39115918803418803 0.5574252136752137 0.40852029914529914 0.5560897435897436 0.41653311965811957 0.5400641025641026
0 0.2202190170940171 0.6469017094017094 0.1988514957264957 0.65491452991453 0.18950320512820515 0.6856303418803419 0.2001869658119658 0.7150106837606838 0.22155448717948717 0.7083333333333334 0.23090277777777782 0.6816239316239316
0 0.2635461373390558 0.5552575107296137 0.2549412393162393 0.5347222222222222 0.23357371794871792 0.5360576923076923 0.2268963675213675 0.560096153846154 0.23357371794871792 0.5841346153846154 0.2536057692307692 0.5868055555555556 0.26295405982905984 0.5681089743589743
0 0.37513354700854695 0.9099893162393162 0.35376602564102566 0.9139957264957264 0.3323985042735043 0.9393696581196581 0.3310630341880342 0.9727564102564102 0.3457532051282052 0.9954594017094017 0.3636217948717949 0.9984375 0.41386217948717957 0.9887820512820513 0.42321047008547 0.9660790598290598 0.4151976495726496 0.9340277777777777 0.4005074786324787 0.9166666666666666
0 0.41786858974358976 0.8438835470085471 0.40184294871794873 0.8705929487179487 0.40184294871794873 0.8986378205128206 0.4245459401709402 0.9026442307692308 0.44057158119658124 0.8799412393162394 0.44190705128205127 0.8545673076923078
0 0.48864850427350426 0.7824519230769231 0.4726228632478632 0.7904647435897436 0.4699519230769232 0.8145032051282053 0.48197115384615385 0.8345352564102566 0.5020032051282051 0.8278579059829061 0.5086805555555556 0.8078258547008549
0 0.5661057692307692 0.9567307692307692 0.5487446581196581 0.9674145299145298 0.5487446581196581 0.9941239316239316 0.5651362179487177 0.9984375 0.5767895299145298 0.9794337606837606
0 0.7704326923076923 0.9440438034188036 0.7610844017094017 0.9573985042735045 0.765090811965812 0.9801014957264957 0.782451923076923 0.9801014957264957 0.7864583333333334 0.9654113247863249
16 0.42046673819742486 0.14417918454935622 0.40101931330472096 0.15960300429184548 0.38425429184549353 0.18240343347639484 0.3782188841201717 0.2052038626609442 0.38827789699570814 0.24141630901287553 0.4050429184549357 0.2501341201716738 0.43320815450643774 0.23538090128755362 0.45064377682403434 0.20587446351931332 0.4600321888412017 0.17636802575107297 0.4573497854077253 0.13747317596566525 0.4848444206008583 0.12540236051502146 0.4915504291845493 0.09656652360515021 0.4855150214592275 0.07175429184549356 0.46942060085836906 0.05364806866952789 0.45399678111587977 0.05767167381974249 0.44393776824034337 0.07510729613733905 0.4298551502145923 0.08449570815450644 0.42650214592274677 0.10930793991416307 0.4325375536480687 0.12875536480686695
16 0.2608637339055794 0.0006706008583690987 0.2534871244635193 0.03151824034334764 0.27092274678111583 0.04493025751072961 0.28165236051502146 0.08315450643776824 0.29238197424892703 0.08248390557939914 0.29506437768240346 0.032859442060085835 0.3084763948497854 0.00938841201716738 0.31853540772532185 0.0006706008583690987
16 0.5458690987124464 0.08449570815450644 0.5304452789699571 0.09589592274678112 0.5183744635193133 0.11668454935622316 0.509656652360515 0.13881437768240343 0.5069742489270386 0.16765021459227467 0.5069742489270386 0.19916845493562232 0.502280042918455 0.2212982832618026 0.523739270386266 0.2206276824034335 0.5284334763948497 0.19983905579399142 0.5364806866952789 0.18843884120171672 0.5445278969957081 0.1582618025751073 0.5592811158798283 0.13277896995708155 0.5619635193133047 0.10930793991416307 0.5612929184549356 0.08986051502145923
16 0.2595225321888412 0.5331276824034334 0.258181330472103 0.5116684549356223 0.24141630901287553 0.5016094420600858 0.23135729613733905 0.5109978540772533 0.22465128755364808 0.5257510729613734 0.22532188841201717 0.5465396995708154 0.22934549356223174 0.5693401287553648 0.23001609442060084 0.591469957081545 0.23471030042918453 0.618964592274678 0.2575107296137339 0.6276824034334764 0.28098175965665234 0.6692596566523605 0.29439377682403434 0.6303648068669527 0.32859442060085836 0.6209763948497854 0.32121781115879827 0.5747049356223176 0.3292650214592275 0.5485515021459227 0.31518240343347637 0.5364806866952789 0.2890289699570815 0.5378218884120172
16 0.37553648068669526 0.4888680257510729 0.38291309012875535 0.4513143776824034 0.35273605150214593 0.448631974248927 0.3446888412017167 0.46673819742489264 0.3406652360515021 0.4949034334763948 0.34334763948497854 0.5177038626609443 0.3641362660944206 0.5418454935622317 0.37687768240343344 0.5458690987124464 0.387607296137339 0.5800697424892703 0.4050429184549357 0.5988465665236051 0.4305257510729613 0.5928111587982833 0.43991416309012876 0.5673283261802575 0.43790236051502146 0.5418454935622317 0.4305257510729613 0.523068669527897 0.42247854077253216 0.502950643776824 0.4097371244635193 0.49222103004291845 0.39230150214592274 0.5002682403433476 0.38090128755364805 0.4949034334763948
16 0.19983905579399142 0.6236587982832618 0.19313304721030042 0.6404238197424893 0.18575643776824033 0.6618830472103003 0.18173283261802575 0.6846834763948497 0.18910944206008584 0.712848712446352 0.20252145922746784 0.720895922746781 0.22331008583690987 0.7148605150214592 0.24208690987124465 0.7081545064377682 0.2474517167381974 0.6840128755364806 0.24141630901287553 0.6625536480686696 0.23605150214592271 0.6417650214592274 0.22532188841201717 0.625
16 0.35810085836909866 0.8872049356223176 0.3587714592274678 0.8476394849785407 0.34938304721030045 0.8261802575107297 0.33261802575107297 0.8134388412017166 0.3111587982832618 0.8074034334763948 0.28098175965665234 0.8154506437768241 0.26421673819742486 0.8382510729613732 0.2568401287553648 0.8670869098712446 0.2622049356223176 0.8965933476394851 0.285675965665236 0.9234173819742489 0.3037821888412017 0.9415236051502145 0.3104881974248927 0.9623122317596566 0.31518240343347637 0.9877950643776824 0.31518240343347637 0.9984375 0.4251609442060086 0.9984375 0.4251609442060086 0.9824302575107297 0.42784334763948495 0.9629828326180258 0.4251609442060086 0.9401824034334764 0.41778433476394844 0.9193937768240342 0.4037017167381974 0.903969957081545 0.38894849785407726 0.8952521459227467 0.3701716738197425 0.8965933476394851
16 0.4734442060085836 0.685354077253219 0.4774678111587983 0.7168723175965666 0.5002682403433476 0.7148605150214592 0.49825643776824036 0.686024678111588
16 0.5391630901287553 0.9971834763948497 0.5384924892703863 0.9522532188841202 0.55056330472103 0.9482296137339056 0.5545869098712446 0.9415236051502145 0.5666577253218884 0.9421942060085836 0.5787285407725322 0.9220761802575106 0.5867757510729613 0.9019581545064378 0.5948229613733905 0.882510729613734 0.6109173819742489 0.8804989270386265 0.6196351931330473 0.8965933476394851 0.625670600858369 0.9146995708154506 0.6270118025751072 0.9294527896995708 0.6310354077253219 0.9556062231759656 0.6337178111587983 0.9723712446351931 0.6424356223175965 0.9824302575107297 0.6464592274678111 0.9978540772532188
16 0.48685622317596566 0.7644849785407726 0.4627145922746781 0.7872854077253219 0.4573497854077253 0.814780042918455 0.4727736051502146 0.8342274678111588 0.49222103004291845 0.8389216738197425 0.4835032188841201 0.8603809012875535 0.4841738197424893 0.8865343347639485 0.49825643776824036 0.8965933476394851 0.5539163090128756 0.8925697424892703 0.5539163090128756 0.8657457081545065 0.5451984978540773 0.8469688841201716 0.5250804721030042 0.8375804721030043 0.509656652360515 0.8308744635193133 0.5156920600858369 0.8114270386266094 0.5136802575107297 0.7846030042918455 0.4989270386266094 0.7658261802575107
14 0.6833422746781116 0.8523336909871244 0.679989270386266 0.8711105150214593 0.6766362660944206 0.8905579399141631 0.6880364806866953 0.9032993562231759 0.70681330472103 0.9012875536480687 0.7155311158798283 0.8858637339055793 0.7141899141630901 0.8670869098712446 0.70681330472103 0.8550160944206008 0.6980954935622317 0.8509924892703863
9 0.6833422746781116 0.8523336909871244 0.679989270386266 0.8711105150214593 0.6766362660944206 0.8905579399141631 0.6880364806866953 0.9032993562231759 0.70681330472103 0.9012875536480687 0.7155311158798283 0.8858637339055793 0.7141899141630901 0.8670869098712446 0.70681330472103 0.8550160944206008 0.6980954935622317 0.8509924892703863
13 0.0979077253218884 0.2628755364806867 0.08717811158798283 0.264887339055794 0.08181330472103004 0.2769581545064378 0.08583690987124463 0.2890289699570815 0.09656652360515021 0.2890289699570815 0.1026019313304721 0.28098175965665234
0 0.0979077253218884 0.2628755364806867 0.08717811158798283 0.264887339055794 0.08181330472103004 0.2769581545064378 0.08583690987124463 0.2890289699570815 0.09656652360515021 0.2890289699570815 0.1026019313304721 0.28098175965665234
