5 0.4305069930069931 0.2999344405594406 0.41903409090909094 0.2961101398601399 0.40920017482517484 0.29774912587412594 0.4081075174825175 0.2884615384615385 0.3960882867132868 0.28791520979020985 0.3955419580419581 0.29501748251748255 0.38297639860139865 0.29774912587412594 0.3818837412587413 0.31140734265734266 0.38243006993006995 0.31687062937062943 0.3960882867132868 0.32124125874125875 0.3988199300699301 0.3130463286713287 0.40537587412587417 0.3174169580419581 0.41083916083916094 0.3152316433566434 0.40865384615384615 0.3256118881118881 0.3982736013986014 0.33653846153846156 0.40045891608391615 0.34801136363636365 0.41848776223776224 0.33653846153846156 0.42504370629370636 0.3370847902097903 0.425590034965035 0.35183566433566427 0.43433129370629375 0.34801136363636365 0.44962849650349657 0.35347465034965025 0.465472027972028 0.3501966783216782 0.47858391608391615 0.3567526223776223 0.462194055944056 0.3567526223776223 0.4523601398601399 0.3594842657342656 0.43597027972027974 0.36330856643356646 0.4277753496503497 0.3758741258741258 0.45836975524475526 0.3715034965034964 0.4665646853146853 0.3742351398601398 0.462194055944056 0.39608828671328683 0.48076923076923084 0.39117132867132876 0.49278846153846156 0.417395104895105 0.503715034965035 0.4130244755244757 0.5190122377622378 0.42613636363636365 0.5282998251748252 0.40865384615384615 0.5299388111888113 0.39226398601398615 0.5228365384615385 0.38188374125874114 0.5151879370629371 0.37368881118881114 0.5069930069930071 0.37041083916083906 0.5086319930069931 0.3622159090909091 0.5272071678321679 0.3638548951048951 0.548513986013986 0.36330856643356646 0.5670891608391609 0.35183566433566427 0.5730987762237763 0.3387237762237763 0.5709134615384616 0.32888986013986016 0.5599868881118881 0.32124125874125875 0.5479676573426574 0.3130463286713287 0.5282998251748252 0.3081293706293707 0.5211975524475525 0.30594405594405594 0.5228365384615385 0.2840909090909091 0.5179195804195805 0.2737106643356644 0.5102709790209791 0.27043269230769235 0.5009833916083917 0.26824737762237766 0.4960664335664336 0.2737106643356644 0.4916958041958043 0.2737106643356644 0.4824082167832168 0.26606206293706297 0.4736669580419581 0.26278409090909094 0.4649256993006993 0.2611451048951049 0.44580419580419584 0.2600524475524476 0.42285839160839167 0.2616914335664336 0.4212194055944057 0.27043269230769235 0.40865384615384615 0.27207167832167833 0.4130244755244756 0.2857298951048951 0.4234047202797203 0.2840909090909091 0.4332386363636364 0.2917395104895105
5 0.41083916083916083 0.48732517482517484 0.3851617132867133 0.5211975524475525 0.4031905594405594 0.5528846153846154 0.42832167832167833 0.5381337412587412 0.4337849650349651 0.5151879370629371 0.44034090909090906 0.505354020979021
5 0.5927666083916084 0.4987980769230769 0.5894886363636365 0.5228365384615385 0.6118881118881119 0.5168269230769231 0.6135270979020979 0.503715034965035 0.6495847902097902 0.4987980769230769 0.6654283216783217 0.4906031468531468 0.6539554195804196 0.4895104895104895 0.6490384615384616 0.4818618881118882 0.6441215034965035 0.4807692307692307 0.6402972027972028 0.4845935314685315 0.6375655594405595 0.4884178321678322 0.6386582167832169 0.49333479020979026 0.6162587412587412 0.4916958041958043 0.6091564685314685 0.48677884615384615 0.6009615384615385 0.4884178321678322
6 0.3923891129032258 0.5252016129032258 0.39213709677419356 0.5299899193548387 0.3951612903225806 0.5294858870967742 0.3954133064516129 0.5249495967741935
6 0.40765624999999994 0.5 0.41187500000000005 0.49984375 0.410625 0.5025000000000001
6 0.39984375 0.53578125 0.4 0.5389062499999999 0.40265625 0.5378125 0.4065625 0.53703125 0.4059375 0.5353125000000001 0.4034375 0.534375
6 0.42140625 0.5131249999999999 0.41937499999999994 0.5157812500000001 0.4203125 0.51859375 0.42265625 0.51875 0.42421875 0.516875 0.42421875 0.51484375
6 0.42296875 0.500625 0.42140625 0.50265625 0.42359375000000005 0.504375 0.425625 0.5028125 0.42515625 0.50078125
6 0.4134375 0.491875 0.41046875 0.49390625000000005 0.41171875 0.49625 0.41453125 0.49437499999999995
6 0.41390625 0.5092187499999999 0.41281249999999997 0.5115624999999999 0.41484375 0.5134375 0.41703124999999996 0.5118750000000001 0.41671874999999997 0.51015625
6 0.45953125000000006 0.49546875 0.456875 0.4984375 0.45953125000000006 0.4996875 0.46140625 0.49781250000000005
6 0.42781250000000004 0.48109375 0.4253125 0.48203125 0.42578125 0.48453125 0.43015625 0.485 0.43265624999999996 0.48421875 0.43140625000000005 0.48234374999999996
6 0.34365437576499386 0.49780064259485923 0.3411681456548348 0.4989481334149327 0.34155064259485923 0.5020081089351286 0.34518436352509185 0.5020081089351286 0.34786184210526316 0.5004781211750307 0.3474793451652387 0.49837438800489603
6 0.3601017441860465 0.4905332007343942 0.35665927172582623 0.49129819461444313 0.3572330171358629 0.494358170134639 0.360484241126071 0.49454941860465124 0.36258797429620565 0.4932106793145655
6 0.38859776621787023 0.48689947980416165 0.3872590269277846 0.488811964504284 0.389171511627907 0.4899594553243575 0.39108399632802937 0.4882382190942473
6 0.39031900244798046 0.49244568543451656 0.3878327723378213 0.49397567319461444 0.38840651774785806 0.4960794063647492 0.39223148714810285 0.49569690942472466 0.3954827111383109 0.4932106793145655 0.39586520807833536 0.49015070379436965 0.39395272337821297 0.48957695838433296
6 0.3484355875152999 0.5291653916768666 0.3446106181150551 0.5312691248470013 0.3444193696450428 0.5349028457772339 0.34767059363525094 0.5350940942472461 0.35053932068543453 0.5324166156670748
6 0.3327532129742962 0.536624082007344 0.331796970624235 0.5402578029375766 0.3335182068543452 0.5431265299877601 0.33619568543451656 0.5442740208078336 0.3382994186046512 0.5412140452876377 0.3369606793145655 0.5381540697674418
6 0.32586826805385555 0.502390605875153 0.3256770195838433 0.50640682374541 0.3287369951040392 0.5088930538555692 0.331796970624235 0.508701805385557 0.33237071603427176 0.50640682374541 0.3308407282741738 0.503920593635251 0.3287369951040392 0.5033468482252142
6 0.41193007955936356 0.5299303855569156 0.41020884332925345 0.5333728580171359 0.4113563341493268 0.5375803243574052 0.41384256425948596 0.5379628212974297 0.4144163096695227 0.5350940942472461 0.41403381272949824 0.5331816095471237
6 0.40890624999999997 0.52140625 0.4046875 0.52171875 0.40453124999999995 0.52453125 0.4065625 0.52546875 0.40953125 0.5275000000000001 0.41171875 0.5259375000000001
6 0.41671874999999997 0.5196875000000001 0.41484375 0.52125 0.41578125000000005 0.52421875 0.41828125 0.524375 0.41937499999999994 0.5220312500000001
6 0.41640625 0.49640625 0.41734375 0.49953125 0.42093749999999996 0.4984375 0.42093749999999996 0.49609375
6 0.39828125000000003 0.51328125 0.39515625 0.5140625 0.395625 0.5165625 0.39890625 0.51765625 0.40031249999999996 0.5159374999999999
6 0.31359375 0.49781250000000005 0.3146875 0.5009375 0.32015625000000003 0.50046875 0.32015625000000003 0.49765625 0.3171875 0.4953125
6 0.335625 0.53046875 0.33421875 0.5315624999999999 0.33546875 0.5349999999999999 0.33718750000000003 0.53515625 0.33781249999999996 0.53125
6 0.34796875 0.51625 0.34734375 0.521875 0.349375 0.5220312500000001 0.35031249999999997 0.516875
6 0.4846875 0.47531249999999997 0.48578124999999994 0.47843749999999996 0.48890625 0.4809375 0.48890625 0.47531249999999997
6 0.4859375 0.48296875000000006 0.4846875 0.48484375 0.4859375 0.48796875 0.48890625 0.4871875
6 0.488125 0.48984375 0.48703124999999997 0.495 0.48968749999999994 0.49484374999999997 0.49046874999999995 0.49171875
6 0.51 0.5001562500000001 0.505 0.4996875 0.50609375 0.503125 0.51046875 0.5034375
6 0.5131249999999999 0.50203125 0.51328125 0.5042187499999999 0.51671875 0.50453125 0.5190625 0.50234375
6 0.52296875 0.5037499999999999 0.520625 0.5053124999999999 0.52078125 0.5078125 0.5235937500000001 0.50890625 0.525 0.5075000000000001 0.52421875 0.505
6 0.48734374999999996 0.45218749999999996 0.4884375 0.45531249999999995 0.49265625 0.45406250000000004 0.49234375 0.45140624999999995
6 0.515625 0.45125000000000004 0.51265625 0.4515625 0.51296875 0.45437500000000003 0.5165625 0.45484375000000005 0.51890625 0.45421875 0.51859375 0.45203125
6 0.48640625000000004 0.5118750000000001 0.4840625 0.51265625 0.484375 0.5153125000000001 0.48687500000000006 0.5154687499999999
