6 0.6249811064087061 0.613456015719468 0.6253589782345828 0.618557285368803 0.6295155683192262 0.6189351571946795 0.6317827992744861 0.6155343107617897 0.6304602478839177 0.6128892079806529
6 0.6168568621523579 0.6215802599758162 0.6128892079806529 0.6219581318016928 0.6147785671100363 0.6255479141475211 0.6183683494558646 0.6247921704957677
6 0.6867631499395406 0.6238474909310762 0.6884635731559855 0.6298934401451028 0.6901639963724304 0.6240364268440145
6 0.6793946493349455 0.6200687726723095 0.6793946493349455 0.6230917472793228 0.6824176239419588 0.6227138754534461 0.6822286880290205 0.6193130290205562
6 0.6535104292623941 0.6166679262394196 0.6548329806529625 0.6206355804111245 0.6580448911729142 0.6189351571946795 0.6574780834340992 0.6159121825876663
6 0.6557776602176542 0.6119445284159613 0.6563444679564692 0.615156438935913 0.6601231862152358 0.6144006952841596 0.6595563784764208 0.6115666565900846
6 0.6775052902055623 0.6434968258766627 0.6765606106408706 0.6501095828295043 0.6831733675937122 0.6491649032648126 0.6810950725513906 0.6455751209189843
6 0.6453861850060459 0.6223360036275695 0.641985338573156 0.6278151451027811 0.6501095828295043 0.6280040810157195 0.6501095828295043 0.6229028113663845
6 0.6342389661426844 0.6342389661426844 0.6298934401451028 0.6365061970979443 0.6338610943168077 0.638584492140266 0.637450876662636 0.6387734280532044 0.638584492140266 0.6366951330108827 0.6376398125755743 0.6348057738814994
6 0.6387734280532044 0.642552146311971 0.636317261185006 0.6451972490931076 0.6365061970979443 0.6487870314389359 0.6395291717049576 0.6514321342200725 0.6406627871825876 0.6485980955259976 0.640851723095526 0.645952992744861
6 0.6489759673518742 0.6440636336154777 0.646519800483676 0.6472755441354293 0.6468976723095526 0.6516210701330108 0.6495427750906893 0.6548329806529625 0.6525657496977025 0.6544551088270858 0.6531325574365174 0.6519989419588875 0.6510542623941958 0.6485980955259976
6 0.6450083131801693 0.6742933796856106 0.6433078899637243 0.6754269951632407 0.6434968258766627 0.677883162031439 0.647086608222491 0.6775052902055623
6 0.6506763905683192 0.6589895707376058 0.6476534159613059 0.6605010580411125 0.6493538391777509 0.6642797762998791 0.6533214933494558 0.6640908403869408
6 0.6480312877871826 0.6854405985489722 0.6485980955259976 0.6901639963724304 0.6502985187424425 0.6882746372430472 0.6529436215235792 0.6871410217654172
6 0.6835512394195888 0.6550219165659008 0.6831733675937122 0.6608789298669892 0.6856295344619106 0.6610678657799275 0.6861963422007256 0.6578559552599759 0.6918644195888755 0.6565334038694075 0.6914865477629988 0.6540772370012091
6 0.668247430471584 0.6397181076178959 0.6669248790810157 0.642552146311971 0.6680584945586456 0.6463308645707376 0.671081469165659 0.6474644800483675 0.6731597642079806 0.6446304413542926 0.6731597642079806 0.6412295949214026
6 0.673915507859734 0.6195019649334945 0.667680622732769 0.6247921704957677 0.6691921100362757 0.6323496070133011 0.671648276904474 0.6327274788391778 0.671648276904474 0.6295155683192262 0.6735376360338573 0.6266815296251511 0.6724040205562274 0.6246032345828294 0.6758048669891173 0.6219581318016928
6 0.6569112756952842 0.6427410822249093 0.6574780834340992 0.6457640568319226 0.6612568016928658 0.6455751209189843 0.6606899939540508 0.642552146311971
6 0.6391512998790809 0.6958320737605803 0.638584492140266 0.7050899334945586 0.644252569528416 0.7037673821039904 0.6438746977025394 0.6982882406287787 0.6423632103990327 0.6958320737605803
6 0.6155343107617897 0.6742933796856106 0.6128892079806529 0.6761827388149939 0.615723246674728 0.6792057134220072 0.6181794135429263 0.6792057134220072 0.6191240931076178 0.6775052902055623
6 0.6242253627569528 0.6599342503022975 0.6166679262394196 0.6612568016928658 0.6246032345828294 0.6631461608222491
6 0.6109998488512696 0.6497317110036276 0.6113777206771462 0.6535104292623941 0.618557285368803 0.6531325574365174 0.614589631197098 0.6519989419588875
6 0.6113777206771462 0.6576670193470375 0.6115666565900846 0.6625793530834341 0.6130781438935913 0.6640908403869408 0.6153453748488513 0.6631461608222491 0.6179904776299879 0.6569112756952842
0 0.5175382653061223 0.49107142857142855 0.5124362244897959 0.49075255102040816 0.5108418367346939 0.49553571428571425 0.5133928571428571 0.5 0.5200892857142857 0.4974489795918367 0.5223214285714286 0.49553571428571425
0 0.5714285714285714 0.5178571428571428 0.5672831632653061 0.5191326530612245 0.5679209183673468 0.5242346938775511 0.5723852040816326 0.5251913265306122 0.5758928571428571 0.5232780612244897 0.5749362244897959 0.5207270408163265
0 0.49649234693877553 0.5711096938775511 0.49330357142857134 0.5733418367346939 0.4945790816326531 0.5790816326530612 0.498405612244898 0.579719387755102 0.5006377551020408 0.5758928571428571
6 0.7353316326530612 0.444515306122449 0.7302295918367346 0.4477040816326531 0.7334183673469388 0.45248724489795916 0.7394770408163265 0.45344387755102034 0.7426658163265306 0.4518494897959183 0.7401147959183673 0.44802295918367346
0 0.4834183673469387 0.5121173469387755 0.48086734693877553 0.517219387755102 0.48469387755102034 0.5204081632653061 0.4875637755102041 0.5165816326530612
0 0.49489795918367346 0.5194515306122448 0.4920280612244897 0.5213647959183673 0.4936224489795918 0.5245535714285714 0.49713010204081626 0.5242346938775511 0.4990433673469387 0.5220025510204082
0 0.49234693877551017 0.5389030612244897 0.4875637755102041 0.5398596938775511 0.4875637755102041 0.5446428571428571 0.4926658163265306 0.5475127551020408 0.4974489795918367 0.5452806122448979
0 0.5554846938775511 0.6141581632653061 0.5513392857142857 0.6141581632653061 0.5522959183673468 0.6218112244897959 0.5558035714285714 0.6269132653061223 0.5628188775510203 0.626594387755102 0.5625 0.6218112244897959 0.5580357142857142 0.6186224489795917
0 0.5220025510204082 0.5570790816326531 0.5178571428571428 0.5612244897959183 0.5235969387755102 0.564094387755102 0.5264668367346939 0.5621811224489796
0 0.5223214285714286 0.6683673469387754 0.5165816326530612 0.6680484693877551 0.5204081632653061 0.675063775510204 0.5245535714285714 0.6712372448979591
0 0.5309311224489796 0.6533801020408163 0.5315688775510203 0.6607142857142857 0.5363520408163265 0.6607142857142857 0.5363520408163265 0.6549744897959183
0 0.49781250000000005 0.5496875 0.495 0.5582812500000001 0.49906249999999996 0.5578125
0 0.5287499999999999 0.5828125 0.52546875 0.58359375 0.5265625 0.5871875 0.53078125 0.58765625 0.533125 0.5853125 0.5321875 0.5834374999999999
0 0.5482812499999999 0.653125 0.54875 0.65859375 0.5540625 0.65796875 0.555625 0.66296875 0.55921875 0.66171875 0.5575 0.655
0 0.5740624999999999 0.5615625 0.5740624999999999 0.568125 0.57859375 0.5689062500000001 0.5815625 0.56640625 0.5796875 0.56359375
