6 0.4459375 0.56328125 0.44921875 0.5662499999999999 0.45109374999999996 0.56328125 0.44921875 0.5610937500000001
6 0.45 0.5901562499999999 0.4503125 0.59375 0.45234375 0.59875 0.4571875 0.5996875 0.45734375 0.59546875 0.45421875 0.594375 0.45390625 0.58984375
6 0.44765625 0.57859375 0.4453125 0.58140625 0.4459375 0.5840625 0.448125 0.58375
6 0.43656249999999996 0.5653125 0.43921875000000005 0.5696875 0.44140625 0.5675 0.43921875000000005 0.56421875
6 0.44000000000000006 0.57140625 0.43875000000000003 0.5756249999999999 0.4415625 0.5759375 0.441875 0.57375
6 0.44437499999999996 0.5696875 0.44453125 0.573125 0.44765625 0.57578125 0.44828124999999996 0.571875
6 0.50953125 0.56171875 0.510625 0.56765625 0.51265625 0.5662499999999999 0.515625 0.568125 0.5196875000000001 0.566875 0.515 0.5626562500000001 0.51390625 0.560625
6 0.49406249999999996 0.5821875000000001 0.49359374999999994 0.58640625 0.495625 0.5895312500000001 0.49765625 0.5845312500000001
6 0.48624999999999996 0.58359375 0.48624999999999996 0.5875 0.48875 0.588125 0.49234375 0.5912499999999999 0.4921875 0.5846875
6 0.4671875 0.56765625 0.46546875 0.5703125 0.46624999999999994 0.5756249999999999 0.46828125 0.5753125
6 0.52 0.57921875 0.5209374999999999 0.58890625 0.526875 0.58765625 0.5270312500000001 0.58328125 0.525 0.57890625
6 0.51484375 0.57921875 0.51171875 0.5803125 0.51265625 0.5840625 0.51625 0.5840625
6 0.50484375 0.57421875 0.50125 0.5743750000000001 0.501875 0.5767187500000001 0.50390625 0.576875 0.5071875 0.57921875 0.5090625 0.5784374999999999 0.50875 0.57640625 0.506875 0.5756249999999999
6 0.49515624999999996 0.57703125 0.49515624999999996 0.58 0.49984375 0.58296875 0.5 0.578125
6 0.48703124999999997 0.57421875 0.4875 0.57765625 0.49171875 0.5775 0.49140625 0.5746875
6 0.47906250000000006 0.57984375 0.48015625 0.58484375 0.48390625 0.5845312500000001 0.48390625 0.5818749999999999 0.48234374999999996 0.5815625 0.48140625000000004 0.5795312499999999
6 0.47703125 0.5746875 0.47765625 0.5775 0.48046875 0.5767187500000001 0.47984375 0.5745312499999999
6 0.45734375 0.588125 0.4609375 0.59140625 0.46125 0.5875
6 0.47377622377622375 0.601981351981352 0.48215326340326337 0.6056235431235432 0.4817890442890443 0.6001602564102564 0.4810606060606061 0.5997960372960373 0.4763257575757576 0.5976107226107226
6 0.50171875 0.58078125 0.50171875 0.58375 0.5053124999999999 0.58765625 0.50828125 0.5865625 0.5075000000000001 0.5840625 0.5053124999999999 0.58390625 0.50515625 0.5818749999999999
6 0.5096875 0.58984375 0.5115624999999999 0.59046875 0.5120312499999999 0.593125 0.515 0.5921875 0.515 0.58859375 0.5125 0.58671875 0.50984375 0.5875
6 0.47750000000000004 0.58203125 0.47406249999999994 0.58375 0.47750000000000004 0.58875 0.48265624999999995 0.59078125 0.48328125 0.588125 0.4803125 0.586875
6 0.47421875 0.6068749999999999 0.47234375 0.61125 0.47562499999999996 0.6109375
6 0.45296875 0.5662499999999999 0.45453124999999994 0.56453125 0.45765625 0.5660937500000001 0.4559375 0.56765625
6 0.44859375 0.568125 0.44859375 0.57125 0.45203125 0.5704687500000001
6 0.45625 0.57109375 0.45625 0.5753125 0.45890624999999996 0.57484375
6 0.47046875000000005 0.57546875 0.4728125 0.58125 0.47375 0.57484375
6 0.51671875 0.5701562499999999 0.5128125 0.57421875 0.5171875 0.5779687499999999
0 0.6003430531732419 0.4371247855917667 0.5914987135506004 0.4400728987993139 0.5880145797598628 0.44489708404802747 0.5925707547169811 0.4513293310463122 0.6006110634648371 0.4558855060034305 0.6081153516295026 0.4545454545454545 0.6105274442538593 0.4502572898799314 0.6094554030874786 0.4446290737564323 0.6065072898799314 0.4400728987993139
0 0.5483490566037735 0.6700257289879932 0.54352487135506 0.6735098627787307 0.5456689536878216 0.6783340480274442 0.5499571183533447 0.6796740994854202 0.552905231560892 0.6761899656946826 0.5526372212692967 0.6729738421955404
13 0.6003430531732419 0.4371247855917667 0.5914987135506004 0.4400728987993139 0.5880145797598628 0.44489708404802747 0.5925707547169811 0.4513293310463122 0.6006110634648371 0.4558855060034305 0.6081153516295026 0.4545454545454545 0.6105274442538593 0.4502572898799314 0.6094554030874786 0.4446290737564323 0.6065072898799314 0.4400728987993139
