17 0.7245762711864407 0.582391713747646 0.7266949152542374 0.5740386367778386 0.7309322033898306 0.5747980074114575 0.7355225988700566 0.5679636717088876 0.7387005649717514 0.5691027276593159 0.7351694915254238 0.5736589514610292 0.7365819209039549 0.5778354899459328 0.73340395480226 0.5785948605795517 0.7295197740112994 0.5793542312131705
17 0.7503531073446328 0.6047931474394023 0.7510593220338984 0.6093493712411154 0.7570621468926554 0.6101087418747342 0.7574152542372882 0.6047931474394023
17 0.7514124293785311 0.6127665390924002 0.7521186440677966 0.6173227628941134 0.759180790960452 0.6177024482109228 0.7574152542372882 0.6120071684587813
17 0.7521186440677966 0.6199805601117794 0.7411723163841809 0.6283336370815867 0.7450564971751413 0.6328898608833 0.7404661016949152 0.640863252536298 0.7411723163841809 0.6416226231699168 0.7503531073446328 0.6325101755664905 0.7471751412429378 0.6287133223983963 0.7528248587570622 0.6245367839134925
17 0.6867937853107345 0.6571897211591033 0.6889124293785311 0.6628850009112448 0.6899717514124294 0.6731365044650993 0.6910310734463277 0.6788317842172408 0.6896186440677966 0.6818692667517162 0.6924435028248588 0.6826286373853351 0.6945621468926554 0.6795911548508596 0.6977401129943503 0.6856661199198105 0.7009180790960452 0.6849067492861917 0.7069209039548023 0.6913613996719519 0.7083333333333334 0.6864254905534293 0.7033898305084747 0.6807302108012879 0.6995056497175142 0.6814895814349068 0.6984463276836159 0.6765536723163842 0.6942090395480226 0.6765536723163842 0.6927966101694916 0.6704787072474334 0.695268361581921 0.6670615393961484 0.6938559322033899 0.6628850009112448 0.690677966101695 0.6594678330599599
17 0.6963276836158192 0.6488366441892959 0.7002118644067797 0.6590881477431505 0.7033898305084747 0.6590881477431505 0.7044491525423728 0.6492163295061054
17 0.4498587570621469 0.5360701050968958 0.4498587570621469 0.5429044407994654 0.452683615819209 0.542524755482656 0.45798022598870064 0.5364497904137051 0.46468926553672324 0.531893566611992 0.46433615819209045 0.5269576574934695 0.4611581920903955 0.52657797217666 0.46080508474576276 0.5315138812951825 0.4562146892655367 0.5360701050968958
17 0.48622881355932207 0.5242998602758034 0.48269774011299443 0.5303748253447542 0.48622881355932207 0.5322732519288014 0.49117231638418085 0.5258186015430412 0.495409604519774 0.5224014336917563 0.49293785310734467 0.5189842658404715
17 0.47033898305084754 0.5440434967498937 0.4685734463276836 0.5512575177692729 0.47281073446327687 0.5569527975214142 0.4763418079096045 0.5539153149869388 0.4735169491525424 0.5512575177692729 0.475635593220339 0.5482200352347975
17 0.6292372881355933 0.5592309094222708 0.6274717514124294 0.5649261891744122 0.6228813559322035 0.5683433570256972 0.6225282485875706 0.5755573780450762 0.6242937853107345 0.5831510843812648 0.6260593220338984 0.5880869934997874 0.6288841807909604 0.5865682522325497 0.6260593220338984 0.5778354899459328 0.6302966101694916 0.5816323431140271 0.6338276836158192 0.584290140331693 0.635593220338983 0.5812526577972177 0.6313559322033899 0.5766964339955045 0.6352401129943503 0.5751776927282668 0.637358757062147 0.5804932871635988 0.6370056497175142 0.5839104550148837 0.634180790960452 0.5869479375493591 0.6377118644067797 0.59302290261831 0.6412429378531074 0.5907447907174533 0.6391242937853108 0.5869479375493591 0.6419491525423728 0.5831510843812648 0.6426553672316385 0.5782151752627422 0.6380649717514125 0.5728995808274103 0.6348870056497176 0.5694824129761255 0.6310028248587571 0.571760524876982 0.6274717514124294 0.5740386367778386 0.6264124293785311 0.5725198955106008 0.628177966101695 0.5702417836097442 0.6320621468926554 0.5679636717088876 0.6334745762711864 0.5626480772735557
17 0.657132768361582 0.5918838466678816 0.6641949152542374 0.5831510843812648 0.6666666666666666 0.57973391652998 0.6726694915254238 0.585049510965312 0.6705508474576272 0.5869479375493591 0.6670197740112994 0.5839104550148837 0.6624293785310735 0.5903651054006439 0.659957627118644 0.5945416438855476
17 0.557909604519774 0.7486938825101755 0.5600282485875706 0.7456563999757002 0.5677966101694916 0.7490735678269851 0.5639124293785311 0.7521110503614605
17 0.565677966101695 0.7532501063118888 0.5653248587570622 0.7578063301136019 0.5568502824858758 0.7604641273312679 0.557909604519774 0.7646406658161715 0.5667372881355933 0.7608438126480773 0.5706214689265537 0.7691968896178847 0.574858757062147 0.767678148350647 0.5734463276836159 0.7627422392321244 0.570268361581921 0.7593250713808396 0.5692090395480226 0.757046959479983 0.5801553672316385 0.7566672741631736 0.5801553672316385 0.7532501063118888 0.574858757062147 0.7509719944110322 0.5713276836158192 0.7536297916286981
17 0.5985169491525424 0.7524907356782699 0.6016949152542374 0.757046959479983 0.6112288135593221 0.751731365044651 0.6066384180790961 0.7494532531437944 0.6027542372881356 0.7486938825101755
17 0.5416666666666666 0.64617884697163 0.5444915254237288 0.6511147560901526 0.5476694915254238 0.6598475183767694 0.5512005649717514 0.6568100358422939 0.5483757062146892 0.6495960148229147 0.5497881355932204 0.6457991616548205
17 0.5843926553672316 0.6503553854565337 0.580861581920904 0.6503553854565337 0.5790960451977402 0.6541522386246279 0.5798022598870056 0.6575694064759129 0.5843926553672316 0.6598475183767694 0.5826271186440678 0.6556709798918656
17 0.5480225988700566 0.671997448514671 0.5540254237288136 0.6663021687625297 0.5603813559322035 0.6670615393961484 0.5642655367231638 0.6708583925642427 0.5667372881355933 0.6644037421784825 0.570268361581921 0.6609865743271977 0.567090395480226 0.6556709798918656 0.5695621468926554 0.6545319239414373 0.5766242937853108 0.6602272036935788 0.5741525423728814 0.6655427981289108 0.5773305084745763 0.6693396512970051 0.5812146892655368 0.671997448514671 0.5773305084745763 0.6742755604155276 0.573093220338983 0.6693396512970051 0.5713276836158192 0.6685802806633863 0.5699152542372882 0.6731365044650993 0.5660310734463277 0.6769333576331937 0.5617937853107345 0.6742755604155276 0.5582627118644068 0.6708583925642427 0.5557909604519774 0.6700990219306239 0.5550847457627118 0.6742755604155276
17 0.5737994350282486 0.6769333576331937 0.5769774011299436 0.6849067492861917 0.5801553672316385 0.6856661199198105 0.5773305084745763 0.6776927282668125
17 0.6391242937853108 0.6685802806633863 0.6398305084745763 0.6738958750987182 0.6444209039548023 0.6784520989004313 0.6483050847457628 0.6845270639693822 0.6437146892655368 0.685286434603001 0.6451271186440678 0.6890832877710954 0.6486581920903954 0.6925004556223802 0.6521892655367232 0.6883239171374764 0.6528954802259888 0.6833880080189539 0.6483050847457628 0.6784520989004313 0.644774011299435 0.67275681914829
17 0.6927966101694916 0.7141425186805176 0.6984463276836159 0.7095862948788044 0.7016242937853108 0.7133831480468988 0.6987994350282486 0.7141425186805176 0.695268361581921 0.717180001214993
17 0.6987994350282486 0.7175596865318025 0.7019774011299436 0.7228752809671344 0.7044491525423728 0.7217362250167062 0.701245704467354 0.7163839929054429
15 0.3492268041237114 0.36003953737575284 0.3453608247422681 0.36003953737575284 0.34235395189003437 0.3625799061449211 0.34235395189003437 0.36742970106787864 0.3453608247422681 0.3711247829139415 0.3503006872852234 0.3699700698370469 0.3528780068728522 0.36650593060636294 0.35158934707903783 0.36165613568340543
15 0.37779209621993126 0.40207109337471825 0.3747852233676976 0.4032258064516129 0.37220790378006874 0.40715183091305474 0.37285223367697595 0.41130879798987546 0.37650343642611683 0.41477293722055947 0.38079896907216493 0.41338728152828585 0.38208762886597936 0.4089993718360862 0.38165807560137455 0.40553523260540225
15 0.415807560137457 0.476203672911355 0.4117268041237114 0.4782821564497654 0.41022336769759454 0.4842866644496176 0.41237113402061853 0.48959834460333296 0.4177405498281787 0.4889055167571962 0.41988831615120276 0.48290100875734393 0.41988831615120276 0.4785130990651443
15 0.43578178694158076 0.4577282636810405 0.4325601374570447 0.4586520341425563 0.4312714776632303 0.4635018290655138 0.43320446735395196 0.46835162398847136 0.43792955326460486 0.4690444518346082 0.4407216494845361 0.46534936998854526 0.44050687285223367 0.4611924029117245
15 0.26761168384879724 0.459806747219451 0.26310137457044674 0.4611924029117245 0.2603092783505155 0.46511842737316633 0.2613831615120275 0.47089199275763965 0.265893470790378 0.47435613198832355 0.27061855670103097 0.472739533680671 0.27190721649484534 0.4669659682961978
15 0.2560137457044674 0.5078428112182685 0.25064432989690727 0.509459409525921 0.24763745704467355 0.5138473192181208 0.24914089347079038 0.519851827217973 0.25408075601374575 0.5203137124487307 0.2598797250859107 0.5191589993718361 0.2607388316151203 0.5147710896796365 0.2581615120274914 0.5089975242951631
15 0.29359965635738833 0.45103092783505155 0.28844501718213056 0.4517237556811884 0.28479381443298973 0.45634260798876697 0.2845790378006873 0.4635018290655138 0.287585910652921 0.46881350921922926 0.2929553264604811 0.46835162398847136 0.2972508591065292 0.4646565421424084 0.29961340206185566 0.45911391937331414 0.2985395189003437 0.4544950670657355
15 0.8775773195876287 0.37943871706758303 0.8743556701030929 0.37874588922144625 0.8722079037800688 0.3812862579906145 0.8722079037800688 0.38498133983667737 0.8752147766323024 0.3872907659904667 0.8777920962199314 0.38682888075970884 0.8792955326460481 0.38405756937516167
17 0.4349226804123711 0.5016073606030373 0.4377147766323024 0.5069190407567528 0.44201030927835055 0.5025311310645532 0.4383591065292096 0.5004526475261427
17 0.46606529209621994 0.47435613198832355 0.4686426116838488 0.48243912352658613 0.47229381443298973 0.48012969737279687 0.4703608247422681 0.47389424675756575
17 0.44179553264604815 0.5066880981413738 0.44673539518900346 0.5009145327569006 0.451245704467354 0.49721945091083763 0.45532646048109965 0.49167682814174335 0.4583333333333333 0.486365147988028 0.46112542955326463 0.4849794922957543 0.4621993127147766 0.4875198610649226 0.45790378006872856 0.49375531168015374 0.4561855670103093 0.49791227875697447 0.4536082474226804 0.5004526475261427 0.45038659793814434 0.5018383032184163 0.4471649484536082 0.5053024424491003 0.44415807560137455 0.5083046964490263
17 0.48109965635738833 0.48821268891105946 0.4789518900343643 0.49721945091083763 0.48432130584192445 0.49629568044932204 0.4847508591065292 0.49167682814174335 0.4836769759450172 0.48867457414181725
17 0.49162371134020616 0.4956028526031852 0.49570446735395196 0.5020692458337952 0.49806701030927836 0.5002217049107638 0.4959192439862543 0.4956028526031852 0.5 0.4951409673724273 0.5023625429553266 0.4923696559878802 0.5030068728522337 0.48821268891105946 0.5017182130584192 0.4833628939881019 0.5006443298969072 0.4875198610649226 0.49935567010309273 0.49121494291098555 0.49699312714776633 0.49375531168015374 0.4937714776632303 0.4932934264493959
17 0.45210481099656363 0.5131544913719839 0.4589776632302406 0.512923548756605 0.46026632302405496 0.5089975242951631 0.4637027491408935 0.5113069504489525 0.4671391752577319 0.5154639175257731 0.47164948453608246 0.5140782618334996 0.4748711340206186 0.5214684255256253 0.47164948453608246 0.5237778516794147 0.46928694158075607 0.519389941987215 0.46606529209621994 0.5196208846025939 0.4637027491408935 0.522854081217899 0.459192439862543 0.5256253926024461 0.45704467353951894 0.5240087942947936 0.46112542955326463 0.5191589993718361 0.46284364261168387 0.5170805158334257 0.46112542955326463 0.5150020322950154 0.45682989690721654 0.5177733436795625 0.45296391752577314 0.5186971141410783
17 0.40871993127147765 0.5348630972176034 0.4121563573883162 0.5404057199866977 0.41408934707903783 0.542715146140487 0.4168814432989691 0.5408676052174556 0.41387457044673537 0.5357868676791191 0.4110824742268041 0.5320917858330563
17 0.4029209621993127 0.5145401470642574 0.39776632302405496 0.5180042862949414 0.39862542955326463 0.5247016221409304 0.40313573883161513 0.5212374829102465 0.40313573883161513 0.5186971141410783 0.40764604810996563 0.5140782618334996 0.40442439862542956 0.509459409525921 0.40378006872852235 0.5018383032184163 0.4009879725085911 0.5046096146029635 0.4009879725085911 0.5089975242951631
17 0.3979810996563574 0.5510290802941284 0.40356529209621994 0.5565717030632229 0.4054982817869416 0.5521837933710232 0.3992697594501718 0.5473339984480656
17 0.4052835051546392 0.5616524406015594 0.4093642611683849 0.5561098178324649 0.41451890034364264 0.5625762110630751 0.40979381443298973 0.566502235524517
17 0.3936855670103093 0.5410985478328345 0.4007731958762887 0.5327846136791929 0.4029209621993127 0.5355559250637402 0.396692439862543 0.5445626870635185
17 0.41559278350515466 0.5436389166020027 0.4183848797250859 0.5429460887558659 0.41988831615120276 0.5517219081402653 0.4207474226804124 0.5556479326017072 0.4239690721649485 0.5586501866016332 0.42418384879725085 0.5641928093707276 0.421606529209622 0.566040350293759 0.41988831615120276 0.5623452684476961 0.41988831615120276 0.5588811292170122 0.4175257731958763 0.5558788752170861 0.4168814432989691 0.5521837933710232 0.4177405498281787 0.5484887115249603
17 0.4128006872852234 0.5727376861397481 0.4093642611683849 0.5838229316779368 0.4117268041237114 0.5854395299855892 0.41473367697594504 0.5815135055241474 0.41344501718213056 0.5789731367549792 0.41516323024054985 0.5745852270627794
17 0.41902920962199314 0.5824372759856631 0.4310567010309278 0.5743542844474006 0.4334192439862543 0.5755089975242952 0.42912371134020616 0.5803587924472527 0.4228951890034364 0.5865942430624839
17 0.4256872852233677 0.5609596127554225 0.4265463917525773 0.5655784650630012 0.43298969072164945 0.5690426042936851 0.4310567010309278 0.5722758009089901 0.4359965635738832 0.5743542844474006 0.44093642611683853 0.5653475224476222 0.4387886597938144 0.563038096293833 0.436426116838488 0.5648856372168644
17 0.4093642611683849 0.5023001884491741 0.412585910652921 0.5004526475261427 0.41494845360824745 0.5048405572183424 0.4170962199312715 0.5055333850644792 0.4181701030927835 0.509228466910542 0.4166666666666667 0.5136163766027418 0.41387457044673537 0.5173114584488047 0.4117268041237114 0.5168495732180468 0.41430412371134023 0.512923548756605 0.41387457044673537 0.509459409525921 0.4119415807560137 0.506457155525995
17 0.43406357388316147 0.5249325647563094 0.43062714776632305 0.5279348187562355 0.4323453608247423 0.5297823596792669 0.43535223367697595 0.529320474448509 0.43556701030927836 0.5270110482947198
17 0.4334192439862543 0.539481949525182 0.4366408934707904 0.5376344086021505 0.4366408934707904 0.5415604330635924 0.43792955326460486 0.5445626870635185 0.43792955326460486 0.5464102279865499 0.43578178694158076 0.5468721132173078 0.43427835051546393 0.5434079739866239
17 0.4589776632302406 0.5678878912167905 0.4574742268041237 0.5715829730628533 0.4621993127147766 0.5736614566012638 0.46434707903780065 0.5773565384473266 0.4664948453608248 0.5764327679858109 0.4664948453608248 0.572506743524369 0.4649914089347079 0.5701973173705798 0.46284364261168387 0.5718139156782324
17 0.46026632302405496 0.5637309241399697 0.4600515463917526 0.5607286701400437 0.46262886597938147 0.5588811292170122 0.4649914089347079 0.5598048996785279
17 0.4697164948453608 0.5755089975242952 0.47293814432989695 0.5743542844474006 0.47723367697594504 0.5720448582936112 0.478307560137457 0.5678878912167905 0.48281786941580757 0.5685807190629273 0.4886168384879725 0.5658094076783801 0.4914089347079038 0.5616524406015594 0.48926116838487976 0.5581883013708754 0.48840206185567014 0.5542622769094335 0.492053264604811 0.5505671950633707 0.5 0.5549551047555703 0.49957044673539525 0.5507981376787496 0.49570446735395196 0.5494124819864761 0.49806701030927836 0.542715146140487 0.4952749140893471 0.5415604330635924 0.4926975945017182 0.5450245722942763 0.49076460481099654 0.5473339984480656 0.48668384879725085 0.5505671950633707 0.48453608247422686 0.5535694490632967 0.4853951890034365 0.5572645309093596 0.48281786941580757 0.5614214979861805 0.4800257731958763 0.5637309241399697 0.47573024054982826 0.5637309241399697 0.4737972508591065 0.5632690389092119
17 0.462414089347079 0.5392510069098031 0.46585051546391754 0.5413294904482134 0.4697164948453608 0.5424842035251081 0.47401202749140897 0.543177031371245 0.47680412371134023 0.5434079739866239 0.476159793814433 0.5401747773713188 0.4725085910652921 0.5392510069098031 0.4695017182130584 0.5374034659867716 0.46563573883161513 0.5353249824483612 0.46348797250859114 0.5350940398329823
17 0.47229381443298973 0.5304751875254037 0.47701890034364264 0.5376344086021505 0.4787371134020619 0.5334774415253298 0.47701890034364264 0.5304751875254037
17 0.5032216494845362 0.5376344086021505 0.5064432989690721 0.5357868676791191 0.5124570446735395 0.5489505967557181 0.5100945017182131 0.5510290802941284 0.5073024054982818 0.5447936296788974 0.5055841924398625 0.5410985478328345
17 0.4946305841924398 0.5344012119868455 0.49828178694158076 0.5316299006022983 0.5006443298969072 0.5374034659867716 0.4984965635738832 0.5392510069098031
17 0.4997852233676976 0.5413294904482134 0.502147766323024 0.5392510069098031 0.5047250859106529 0.5438698592173816 0.5025773195876289 0.546179285371171
17 0.5042955326460482 0.556340760447844 0.4991408934707904 0.5572645309093596 0.498926116838488 0.5614214979861805 0.5079467353951891 0.5616524406015594 0.5118127147766324 0.566040350293759 0.5141752577319587 0.5625762110630751 0.5092353951890035 0.5579573587554965 0.5057989690721649 0.5535694490632967 0.5045103092783505 0.5514909655248864 0.5025773195876289 0.5521837933710232
17 0.5017182130584192 0.5681188338321694 0.5008591065292096 0.5706592026013376 0.5023625429553266 0.572968628755127 0.5098797250859107 0.5688116616783062 0.5077319587628866 0.5653475224476222
17 0.5075171821305842 0.576201825370432 0.5049398625429553 0.5764327679858109 0.5057989690721649 0.5810516202933895 0.5103092783505154 0.5796659646011159 0.5135309278350515 0.576201825370432 0.513745704467354 0.5731995713705058 0.5090206185567011 0.5727376861397481
17 0.5111683848797252 0.582668218601042 0.5135309278350515 0.5833610464471788 0.5135309278350515 0.5907512101393045 0.5167525773195877 0.5902893249085468 0.5165378006872853 0.5847467021394523 0.5195446735395189 0.5822063333702842 0.5180412371134021 0.5771255958319477 0.5161082474226805 0.5778184236780846 0.514819587628866 0.5805897350626317 0.5131013745704468 0.5796659646011159
17 0.5034364261168385 0.49745039352621667 0.5062285223367698 0.4949100247570484 0.5098797250859107 0.4958337952185641 0.5113831615120275 0.49999076229538486
17 0.5053694158075601 0.5173114584488047 0.5008591065292096 0.5159258027565311 0.49935567010309273 0.5196208846025939 0.5075171821305842 0.5221612533717622 0.5098797250859107 0.5143092044488785 0.5083762886597938 0.5106141226028157
17 0.5292096219931272 0.5265491630639618 0.5285652920962199 0.5191589993718361 0.5311426116838488 0.5124616635258471 0.5345790378006874 0.5138473192181208 0.535438144329897 0.5175424010641836 0.5339347079037801 0.5240087942947936 0.5332903780068728 0.5302442449100248 0.5270618556701031 0.5353249824483612 0.5257731958762887 0.5413294904482134 0.522766323024055 0.5401747773713188 0.522766323024055 0.5364796955252559 0.520189003436426 0.5392510069098031 0.5169673539518901 0.5371725233713928 0.5182560137457044 0.5334774415253298 0.5242697594501718 0.532553671063814 0.5270618556701031 0.5302442449100248
17 0.5500429553264605 0.5166186306026679 0.5513316151202748 0.5143092044488785 0.5564862542955327 0.5168495732180468 0.5590635738831615 0.5131544913719839 0.5612113402061856 0.5145401470642574 0.5584192439862543 0.5186971141410783 0.5597079037800687 0.5216993681410043 0.5575601374570447 0.5240087942947936 0.5543384879725086 0.5189280567564571
17 0.5620704467353952 0.5110760078335735 0.5642182130584192 0.509228466910542 0.5682989690721649 0.5136163766027418 0.5663659793814433 0.5214684255256253 0.5631443298969072 0.5200827698333519 0.5640034364261168 0.5150020322950154
17 0.5663659793814433 0.5041477293722055 0.5700171821305842 0.5027620736799321 0.5715206185567011 0.5078428112182685 0.5749570446735395 0.5113069504489525 0.5723797250859107 0.512692606141226 0.5702319587628866 0.5099212947566789 0.5704467353951891 0.5080737538336474 0.5682989690721649 0.5076118686028896
17 0.5186855670103093 0.5570335882939808 0.5182560137457044 0.5519528507556443 0.5212628865979382 0.5466411706019288 0.5210481099656357 0.5417913756789713 0.5236254295532646 0.5415604330635924 0.5240549828178694 0.5452555149096553 0.5272766323024055 0.546179285371171 0.5264175257731959 0.5484887115249603 0.5234106529209622 0.5480268262942024 0.5231958762886598 0.5524147359864021 0.5262027491408935 0.55287662121716 0.5257731958762887 0.5551860473709492 0.5231958762886598 0.5568026456786018
17 0.536512027491409 0.5323227284484352 0.5382302405498283 0.5290895318331301 0.5410223367697594 0.5316299006022983 0.543384879725086 0.5297823596792669 0.5453178694158076 0.5311680153715406 0.5468213058419245 0.5332464989099509 0.5493986254295532 0.5327846136791929 0.5541237113402062 0.536248752909877 0.5564862542955327 0.5383272364482874 0.5573453608247423 0.5443317444481396 0.5618556701030928 0.5424842035251081 0.5620704467353952 0.5452555149096553 0.5573453608247423 0.5475649410634446 0.5539089347079038 0.5392510069098031 0.5493986254295532 0.5350940398329823 0.5470360824742269 0.5367106381406348 0.5509020618556701 0.5436389166020027 0.5474656357388316 0.5561098178324649 0.5444587628865979 0.5561098178324649 0.5461769759450172 0.5498743672172338 0.5466065292096219 0.5454864575250342 0.5446735395189003 0.5385581790636663 0.541881443298969 0.5350940398329823 0.5401632302405499 0.5337083841407086 0.538659793814433 0.5355559250637402 0.541881443298969 0.5417913756789713 0.5435996563573883 0.5473339984480656 0.5431701030927836 0.5514909655248864 0.540807560137457 0.5540313342940546 0.5388745704467354 0.5514909655248864 0.5401632302405499 0.5477958836788235 0.5405927835051546 0.5447936296788974 0.5380154639175257 0.5429460887558659 0.5352233676975945 0.539712892140561 0.5345790378006874 0.5364796955252559 0.5378006872852233 0.5348630972176034
17 0.5214776632302406 0.5616524406015594 0.5225515463917526 0.566502235524517 0.5189003436426117 0.5701973173705798 0.5212628865979382 0.5745852270627794 0.522766323024055 0.5787421941396003 0.5208333333333334 0.5842848169086945 0.5244845360824743 0.5824372759856631 0.5285652920962199 0.5865942430624839 0.5304982817869416 0.5833610464471788 0.5274914089347079 0.5789731367549792 0.5240549828178694 0.5745852270627794 0.5236254295532646 0.5713520304474744 0.5253436426116839 0.5676569486014116 0.5264175257731959 0.5623452684476961 0.5240549828178694 0.5634999815245908
17 0.5251288659793815 0.5889036692162732 0.5264175257731959 0.5981413738314304 0.5302835051546392 0.596293832908399 0.529639175257732 0.5916749806008204 0.5358676975945017 0.5886727266008942 0.5362972508591065 0.5842848169086945 0.5358676975945017 0.5817444481395263 0.5375859106529209 0.5817444481395263 0.5412371134020619 0.582899161216421 0.5425257731958762 0.5796659646011159 0.5393041237113403 0.5780493662934635 0.5362972508591065 0.5775874810627055 0.5324312714776632 0.582899161216421 0.5326460481099656 0.5868251856778627
17 0.5453178694158076 0.5699663747552008 0.5457474226804123 0.5778184236780846 0.554553264604811 0.582899161216421 0.5582044673539519 0.5847467021394523 0.5579896907216495 0.5875180135239996 0.561426116838488 0.5875180135239996 0.5627147766323024 0.5822063333702842 0.5599226804123711 0.5792040793703581 0.555627147766323 0.5782803089088423 0.552405498281787 0.5766637106011898 0.5498281786941581 0.5757399401396741 0.5491838487972509 0.5699663747552008
17 0.5493986254295532 0.5611905553708014 0.5481099656357389 0.5644237519861065 0.5496134020618557 0.5685807190629273 0.554553264604811 0.5644237519861065 0.5528350515463918 0.5574954735247386 0.5498281786941581 0.5574954735247386
17 0.5897766323024055 0.5434079739866239 0.5882731958762887 0.5475649410634446 0.5871993127147767 0.5524147359864021 0.5867697594501718 0.55934301444777 0.5917096219931272 0.5604977275246648 0.5934278350515464 0.5579573587554965 0.5912800687285223 0.5551860473709492 0.5927835051546392 0.5498743672172338 0.5925687285223368 0.5454864575250342
17 0.5618556701030928 0.5524147359864021 0.5637886597938145 0.5586501866016332 0.5682989690721649 0.5616524406015594 0.5713058419243986 0.5584192439862543 0.5691580756013745 0.5549551047555703 0.5665807560137457 0.5554169899863283 0.5640034364261168 0.5512600229095075
17 0.5558419243986255 0.5616524406015594 0.5571305841924399 0.5646546946014854 0.5562714776632303 0.5678878912167905 0.5605670103092784 0.5685807190629273 0.5609965635738832 0.5648856372168644 0.5588487972508591 0.5618833832169383
17 0.5335051546391754 0.5648856372168644 0.5347938144329897 0.5697354321398219 0.5412371134020619 0.5718139156782324 0.5431701030927836 0.5706592026013376 0.5410223367697594 0.5683497764475482 0.5367268041237113 0.566502235524517
17 0.5541237113402062 0.5685807190629273 0.5532646048109965 0.5711210878320955 0.5571305841924399 0.576201825370432 0.5590635738831615 0.5738923992166427 0.5569158075601375 0.5704282599859587
17 0.5266323024054983 0.6025292835236301 0.5315721649484536 0.6073790784465877 0.5352233676975945 0.6036839966005247 0.5371563573883161 0.6071481358312086 0.5378006872852233 0.6133835864464399 0.5390893470790378 0.6184643239847764 0.5384450171821307 0.6230831762923549 0.5362972508591065 0.6240069467538706 0.536512027491409 0.619157151830913 0.5350085910652921 0.6163858404463659 0.5337199312714777 0.6122288733695451 0.531786941580756 0.6101503898311348 0.5298539518900344 0.609457561984998
17 0.6342353951890035 0.5468721132173078 0.6370274914089348 0.5424842035251081 0.639819587628866 0.5438698592173816 0.6381013745704468 0.5480268262942024
17 0.4725085910652921 0.5870561282932417 0.47186426116838487 0.5932915789084728 0.4737972508591065 0.5983723164468093 0.47701890034364264 0.6032221113697669 0.4785223367697594 0.6057624801389351 0.47938144329896903 0.6029911687543879 0.47723367697594504 0.596293832908399 0.47401202749140897 0.5939844067546097 0.4787371134020619 0.5949081772161253 0.4826030927835052 0.5937534641392307 0.4815292096219932 0.5898274396777888 0.4774484536082474 0.5884417839855153
17 0.4911941580756014 0.5916749806008204 0.4948453608247423 0.6011436278313566 0.49720790378006874 0.6004507999852197 0.49570446735395196 0.5967557181391567
17 0.538659793814433 0.599296086908325 0.5425257731958762 0.6133835864464399 0.5459621993127148 0.6150001847540923 0.5457474226804123 0.6117669881387873 0.5429553264604812 0.6050696522927983
17 0.5588487972508591 0.5921368658315782 0.5605670103092784 0.5981413738314304 0.5609965635738832 0.6039149392159037 0.5607817869415808 0.6066862506004508 0.5642182130584192 0.6064553079850719 0.5642182130584192 0.6002198573698408 0.5637886597938145 0.5972176033699147 0.5667955326460482 0.5949081772161253 0.5652920962199313 0.5907512101393045 0.5622852233676976 0.592829693677715 0.5605670103092784 0.5902893249085468
17 0.5687285223367698 0.5937534641392307 0.5670103092783505 0.5986032590621883 0.5721649484536082 0.6055315375235562 0.5734536082474228 0.6018364556774932 0.5713058419243986 0.5988342016775672 0.5736683848797252 0.595831947677641 0.576245704467354 0.5974485459852936 0.5783934707903781 0.5946772346007464 0.5809707903780069 0.5939844067546097 0.584192439862543 0.596293832908399 0.5874140893470791 0.596293832908399 0.5897766323024055 0.592829693677715 0.5869845360824743 0.5889036692162732 0.5839776632302406 0.5916749806008204 0.5790378006872853 0.5891346118316522 0.5779639175257731 0.5930606362930939 0.5736683848797252 0.5935225215238518 0.5732388316151203 0.5909821527546836 0.5706615120274915 0.5905202675239256
17 0.6153350515463918 0.5944462919853675 0.6192010309278351 0.5976794886006725 0.6222079037800687 0.6006817426005986 0.6243556701030929 0.5969866607545357 0.6222079037800687 0.5935225215238518 0.618127147766323 0.5925987510623361
17 0.6237113402061856 0.5925987510623361 0.6267182130584192 0.5951391198315044 0.6290807560137457 0.5925987510623361 0.6275773195876289 0.5895964970624099
17 0.6030927835051546 0.5981413738314304 0.5983676975945017 0.6055315375235562 0.6015893470790378 0.6143073569079555 0.604810996563574 0.6117669881387873 0.602233676975945 0.606224365369693 0.6067439862542956 0.6013745704467355
17 0.5878436426116839 0.6251616598307652 0.5882731958762887 0.6281639138306914 0.5927835051546392 0.629318626907586 0.595360824742268 0.6334755939844068 0.5983676975945017 0.6378635036766065 0.6020189003436426 0.6420204707534273 0.601159793814433 0.6362469053689539 0.5985824742268041 0.6311661678306174 0.5962199312714777 0.6270092007537967 0.5929982817869416 0.6258544876769021
17 0.604381443298969 0.6279329712153124 0.6071735395189003 0.6277020285999335 0.6095360824742269 0.6237760041384917 0.6127577319587629 0.6216975206000813 0.6131872852233677 0.6156930126002291 0.6091065292096219 0.6175405535232606 0.6060996563573883 0.6216975206000813
17 0.6198453608247423 0.6182333813693973 0.6202749140893471 0.622621291061597 0.625 0.6267782581384178 0.6288659793814433 0.6281639138306914 0.6275773195876289 0.6210046927539445 0.6243556701030929 0.619388094446292
17 0.6475515463917526 0.6240069467538706 0.6449742268041238 0.6270092007537967 0.6471219931271478 0.6307042825998597 0.6520618556701031 0.6320899382921332 0.654639175257732 0.6318589956767543 0.6539948453608248 0.6281639138306914 0.6516323024054983 0.6258544876769021
17 0.6118986254295532 0.6568007981376788 0.6138316151202748 0.6593411669068471 0.6138316151202748 0.6641909618298045 0.6161941580756014 0.6676551010604885 0.6202749140893471 0.6651147322913202 0.6179123711340206 0.6604958799837417 0.6185567010309279 0.6572626833684366 0.615979381443299 0.6547223145992683
17 0.6099656357388316 0.6722739533680671 0.6138316151202748 0.6695026419835199 0.6166237113402062 0.6683479289066253 0.6174828178694158 0.6701954698296567 0.6153350515463918 0.6738905516757197 0.6123281786941581 0.6755071499833722
17 0.512671821305842 0.5986032590621883 0.514819587628866 0.6043768244466615 0.5178264604810997 0.6076100210619666 0.5223367697594502 0.6046077670620404 0.5244845360824743 0.602760226139009 0.5231958762886598 0.6004507999852197 0.5189003436426117 0.6034530539851458 0.5154639175257731 0.5976794886006725
17 0.49828178694158076 0.6025292835236301 0.4997852233676976 0.6080719062927243 0.5038659793814433 0.6085337915234823 0.5060137457044673 0.6140764142925765 0.5120274914089348 0.6145382995233345 0.5105240549828178 0.6101503898311348 0.5073024054982818 0.6103813324465137 0.5066580756013745 0.6041458818312825 0.5030068728522337 0.6041458818312825 0.5004295532646048 0.6041458818312825
17 0.4847508591065292 0.6249307172153864 0.4877577319587629 0.6334755939844068 0.4918384879725087 0.6339374792151646 0.49076460481099654 0.6270092007537967
17 0.5500429553264605 0.6173096109078816 0.5498281786941581 0.6210046927539445 0.5472508591065293 0.6237760041384917 0.5485395189003436 0.6283948564460703 0.5500429553264605 0.6341684218305436 0.553479381443299 0.632551823522891 0.5521907216494846 0.6290876842922071 0.5502577319587629 0.6272401433691757 0.553479381443299 0.6240069467538706 0.5532646048109965 0.6205428075231867
17 0.5517611683848798 0.6408657576765326 0.5532646048109965 0.6466393230610058 0.5560567010309279 0.6457155525994901 0.5592783505154639 0.6454846099841112 0.5618556701030928 0.6468702656763847 0.5631443298969072 0.6498725196763108 0.5659364261168385 0.6501034622916898 0.5665807560137457 0.6471012082917638 0.5652920962199313 0.6440989542918376 0.5620704467353952 0.642944241214943 0.5601374570446735 0.6410967002919115 0.5571305841924399 0.6436370690610796 0.5551975945017182 0.6434061264457008 0.5543384879725086 0.6401729298303958
17 0.5713058419243986 0.6480249787532795 0.575171821305842 0.6436370690610796 0.5786082474226805 0.6413276429072904 0.5803264604810997 0.6454846099841112 0.5835481099656357 0.6434061264457008 0.5867697594501718 0.6434061264457008 0.5908505154639175 0.6434061264457008 0.594286941580756 0.6452536673687322 0.5964347079037801 0.649410634445553 0.5975085910652921 0.6542604293685106 0.5940721649484537 0.6524128884454791 0.5925687285223368 0.6482559213686584 0.5895618556701031 0.645946495214869 0.586340206185567 0.6475630935225215 0.5854810996563574 0.649641577060932 0.5805412371134021 0.649410634445553 0.5788230240549828 0.6454846099841112 0.575171821305842 0.649410634445553
17 0.5829037800687286 0.6768928056756457 0.5848367697594502 0.6738905516757197 0.5908505154639175 0.6782784613679192 0.5887027491408935 0.6810497727524665
17 0.5779639175257731 0.7041440342903595 0.5809707903780069 0.7055296899826331 0.5820446735395189 0.7029893212134649 0.5803264604810997 0.7016036655211912 0.5786082474226805 0.7011417802904335 0.576245704467354 0.6983704689058863 0.5749570446735395 0.7027583785980859 0.5745274914089348 0.7071462882902857 0.5758161512027491 0.7122270258286222 0.5775343642611684 0.7168458781362007 0.5788230240549828 0.7196171895207479 0.5829037800687286 0.7175387059823375 0.5820446735395189 0.7149983372131693 0.5796821305841924 0.7113032553671065 0.5775343642611684 0.7087628865979382
17 0.5938573883161512 0.6782784613679192 0.597938144329897 0.6845139119831504 0.6018041237113403 0.6792022318294351 0.6039518900343643 0.6738905516757197 0.6005154639175257 0.6685788715220042 0.5985824742268041 0.6695026419835199 0.5994415807560137 0.6741214942910986 0.5968642611683849 0.6761999778295089
17 0.6295103092783505 0.6655766175220782 0.6301546391752578 0.6695026419835199 0.6331615120274915 0.6688098141373832 0.6348797250859107 0.6667313305989728 0.6331615120274915 0.6648837896759413
17 0.6110395189003436 0.7228503861360529 0.6151202749140894 0.7207719025976426 0.6192010309278351 0.7219266156745372 0.622852233676976 0.7242360418283265 0.6241408934707904 0.7277001810590105 0.6215635738831615 0.729085836751284 0.6198453608247423 0.7253907549052212 0.6164089347079038 0.7253907549052212 0.6127577319587629 0.7265454679821158
17 0.5062285223367698 0.6671932158297306 0.5015034364261168 0.6720430107526881 0.5012886597938145 0.6785094039832983 0.5051546391752578 0.6780475187525404 0.5055841924398625 0.6745833795218564 0.5083762886597938 0.6708882976757935
17 0.6275773195876289 0.6986014115212652 0.6310137457044674 0.6969848132136127 0.6355240549828178 0.7055296899826331 0.6393900343642611 0.7059915752133911 0.6404639175257733 0.7025274359827071 0.6434707903780069 0.7029893212134649 0.6432560137457044 0.7083010013671803 0.6481958762886598 0.7103794849055907 0.6490549828178694 0.716153050290064 0.6475515463917526 0.7182315338284744 0.6460481099656357 0.7133817389055168 0.6426116838487973 0.7103794849055907 0.6393900343642611 0.709455714444075 0.6340206185567011 0.7101485422902117 0.6312285223367698 0.705760632598012
17 0.5560567010309279 0.6186952666001553 0.5579896907216495 0.6237760041384917 0.5586340206185567 0.6290876842922071 0.5663659793814433 0.6272401433691757 0.564647766323024 0.6230831762923549 0.5609965635738832 0.6203118649078077 0.5661512027491409 0.6203118649078077 0.5676546391752578 0.6182333813693973 0.5661512027491409 0.6156930126002291 0.5736683848797252 0.6182333813693973 0.5719501718213058 0.6136145290618188 0.5689432989690721 0.6113051029080295 0.5648625429553266 0.6096885046003769 0.5592783505154639 0.6106122750618926 0.5609965635738832 0.6140764142925765 0.5637886597938145 0.6152311273694712 0.5592783505154639 0.6138454716771977
17 0.5618556701030928 0.629318626907586 0.561426116838488 0.6316280530613753 0.5642182130584192 0.6346303070613014 0.564647766323024 0.6374016184458485 0.5687285223367698 0.6343993644459225 0.5680841924398625 0.6320899382921332 0.5659364261168385 0.6302423973691017 0.564647766323024 0.6283948564460703
17 0.5128865979381444 0.619619037061671 0.5169673539518901 0.6152311273694712 0.5169673539518901 0.619388094446292 0.5186855670103093 0.622621291061597 0.5204037800687286 0.6207737501385656 0.520189003436426 0.6253926024461441 0.5176116838487973 0.6272401433691757 0.5169673539518901 0.6237760041384917
17 0.5189003436426117 0.6311661678306174 0.5182560137457044 0.6383253889073643 0.5146048109965636 0.6397110445996379 0.5169673539518901 0.6454846099841112 0.520618556701031 0.6434061264457008 0.5236254295532646 0.6475630935225215 0.5272766323024055 0.6427132985995639 0.5255584192439863 0.6397110445996379 0.5223367697594502 0.6397110445996379 0.5225515463917526 0.6380944462919854 0.5240549828178694 0.6362469053689539 0.5225515463917526 0.6300114547537228
17 0.5775343642611684 0.7237741565975686 0.5740979381443299 0.729085836751284 0.5745274914089348 0.7337046890588627 0.576245704467354 0.7408639101356096 0.5805412371134021 0.7401710822894727 0.5835481099656357 0.7464065329047038 0.5861254295532646 0.749177844289251 0.5884879725085911 0.7482540738277353 0.5887027491408935 0.7440971067509146 0.5854810996563574 0.7415567379817463 0.5829037800687286 0.7376307135203045 0.5801116838487973 0.7376307135203045 0.5783934707903781 0.7337046890588627 0.5792525773195877 0.7307024350589366 0.5818298969072165 0.7279311236743894
17 0.5912800687285223 0.7156911650593061 0.5934278350515464 0.7219266156745372 0.5960051546391754 0.7237741565975686 0.5975085910652921 0.7214647304437793 0.5957903780068728 0.7166149355208218 0.597938144329897 0.7147673945977904 0.5964347079037801 0.7124579684440011 0.5934278350515464 0.7129198536747589
17 0.6520618556701031 0.6471012082917638 0.6492697594501718 0.6572626833684366 0.6527061855670103 0.6595721095222259 0.6550687285223368 0.6519510032147212 0.6580756013745704 0.6510272327532055 0.6587199312714777 0.6487178065994161 0.6606529209621993 0.649410634445553 0.6623711340206186 0.6528747736762369 0.6640893470790378 0.6521819458301001 0.6630154639175257 0.6489487492147951 0.6638745704467354 0.6457155525994901 0.6595790378006874 0.642944241214943 0.656786941580756 0.6445608395225955 0.654639175257732 0.639480101984259 0.6524914089347079 0.6401729298303958 0.6544243986254296 0.6464083804456269
17 0.6679553264604812 0.615923955215608 0.6670962199312716 0.619157151830913 0.6709621993127148 0.6263163729076598 0.6733247422680413 0.6244688319846284 0.6720360824742269 0.6205428075231867
17 0.7381872852233677 0.6013745704467355 0.7377577319587629 0.606224365369693 0.7396907216494846 0.609226619369619 0.7390463917525774 0.612690758600303 0.7388316151202748 0.6186952666001553 0.7366838487972509 0.6200809222924287 0.7379725085910653 0.6240069467538706 0.7418384879725086 0.6258544876769021 0.7450601374570447 0.6237760041384917 0.740979381443299 0.6205428075231867 0.7433419243986255 0.6182333813693973 0.7426975945017182 0.6145382995233345 0.7444158075601375 0.6108432176772716 0.7418384879725086 0.606224365369693
17 0.47787800687285226 0.6681169862912464 0.4806701030927835 0.6641909618298045 0.484106529209622 0.6637290765990467 0.4888316151202749 0.6639600192144256 0.4896907216494845 0.6688098141373832 0.4871134020618557 0.6701954698296567 0.48518041237113396 0.6671932158297306 0.48217353951890035 0.6678860436758675
17 0.5313573883161512 0.656107970291542 0.5285652920962199 0.6595721095222259 0.529639175257732 0.662574363522152 0.5332903780068728 0.6609577652144994 0.5339347079037801 0.6588792816760891 0.5367268041237113 0.6595721095222259 0.5371563573883161 0.6568007981376788 0.5358676975945017 0.6533366589069949 0.5332903780068728 0.6517200605993423 0.5285652920962199 0.645946495214869 0.5274914089347079 0.6505653475224477 0.5283505154639175 0.6554151424454052
17 0.520618556701031 0.6741214942910986 0.5234106529209622 0.6695026419835199 0.5264175257731959 0.6745833795218564 0.5277061855670103 0.6785094039832983 0.5320017182130584 0.6833591989062557 0.5300687285223368 0.6849757972139083 0.5272766323024055 0.6822044858293611 0.5244845360824743 0.6815116579832243
17 0.5859106529209622 0.6886708790599713 0.5882731958762887 0.6912112478291395 0.5874140893470791 0.7016036655211912 0.5917096219931272 0.7018346081365702 0.5914948453608248 0.7034512064442228 0.5865549828178694 0.70622251782877 0.5871993127147767 0.7085319439825593 0.5904209621993127 0.7078391161364224 0.5938573883161512 0.708993829213317 0.5970790378006874 0.7096866570594539 0.599012027491409 0.7080700587518014 0.6035223367697594 0.7115341979824853 0.6039518900343643 0.7096866570594539 0.6018041237113403 0.7032202638288438 0.5987972508591066 0.7048368621364963 0.5955756013745704 0.7041440342903595 0.5951460481099656 0.7016036655211912 0.5987972508591066 0.7004489524442966 0.6007302405498283 0.6979085836751284 0.6015893470790378 0.6909803052137605 0.5992268041237113 0.6900565347522448 0.5966494845360825 0.6967538705982337 0.5927835051546392 0.6967538705982337 0.5934278350515464 0.6921350182906552 0.592139175257732 0.6886708790599713 0.5899914089347079 0.6872852233676976
17 0.6015893470790378 0.7002180098289178 0.6028780068728523 0.6951372722905813 0.6054553264604812 0.692596903521413 0.6080326460481099 0.6946753870598233 0.6063144329896907 0.6983704689058863 0.6037371134020619 0.7020655507519492
17 0.6189862542955327 0.6775856335217826 0.6252147766323024 0.6819735432139822 0.6267182130584192 0.6900565347522448 0.6307989690721649 0.6944444444444444 0.6312285223367698 0.6879780512138344 0.6286512027491409 0.6822044858293611 0.6307989690721649 0.6766618630602669 0.6275773195876289 0.6736596090603407 0.625 0.6764309204448878 0.6200601374570447 0.6718120681373093
17 0.5994415807560137 0.7133817389055168 0.6007302405498283 0.7184624764438533 0.6060996563573883 0.7145364519824114 0.6078178694158076 0.7101485422902117 0.6093213058419245 0.7064534604441488 0.6114690721649485 0.7025274359827071 0.6091065292096219 0.6997561245981598 0.6065292096219932 0.7034512064442228 0.6045962199312716 0.7085319439825593 0.604810996563574 0.7119960832132431
17 0.6164089347079038 0.709224771828696 0.6189862542955327 0.7145364519824114 0.6217783505154639 0.7113032553671065 0.6213487972508591 0.7166149355208218 0.6230670103092784 0.7221575582899161 0.6256443298969072 0.7237741565975686 0.6284364261168385 0.7205409599822636 0.6258591065292096 0.7166149355208218 0.6252147766323024 0.7119960832132431 0.6237113402061856 0.7078391161364224 0.6194158075601375 0.7103794849055907 0.618127147766323 0.7071462882902857
17 0.6570017182130584 0.6644219044451836 0.6602233676975945 0.662574363522152 0.660438144329897 0.666269445368215 0.6595790378006874 0.6695026419835199 0.6630154639175257 0.669271699368141 0.6653780068728523 0.6648837896759413 0.6643041237113403 0.6609577652144994 0.6610824742268041 0.6581864538299524 0.656786941580756 0.6588792816760891 0.6550687285223368 0.6614196504452574
17 0.6628006872852233 0.6720430107526881 0.6655927835051546 0.6711192402911724 0.6690292096219932 0.6764309204448878 0.6713917525773195 0.6743524369064775 0.6722508591065293 0.6775856335217826 0.6679553264604812 0.6780475187525404 0.6653780068728523 0.6752762073679932
17 0.6694587628865979 0.6318589956767543 0.6728951890034365 0.6341684218305436 0.6756872852233677 0.6385563315227433 0.6771907216494846 0.6406348150611536 0.6801975945017182 0.6390182167535011 0.6782646048109965 0.6337065365997857 0.6778350515463918 0.6286257990614493 0.6754725085910652 0.6270092007537967 0.6737542955326461 0.6300114547537228 0.6696735395189003 0.6272401433691757
17 0.6531357388316151 0.6949063296752024 0.6548539518900344 0.7013727229058124 0.6552835051546392 0.7073772309056646 0.6554982817869416 0.7101485422902117 0.6501288659793815 0.7117651405978642 0.6514175257731959 0.7149983372131693 0.6544243986254296 0.7136126815208957 0.6559278350515464 0.7156911650593061 0.6597938144329897 0.7129198536747589 0.6595790378006874 0.7076081735210435 0.6589347079037801 0.7027583785980859 0.657860824742268 0.6983704689058863 0.6595790378006874 0.6979085836751284 0.6628006872852233 0.6958301001367181 0.6651632302405499 0.692596903521413 0.6619415807560137 0.6895946495214869 0.6628006872852233 0.6865923955215608 0.6610824742268041 0.6826663710601191 0.657860824742268 0.6817426005986033 0.6550687285223368 0.6845139119831504 0.6542096219931272 0.6895946495214869 0.6570017182130584 0.6898255921368659 0.6591494845360825 0.6886708790599713 0.6595790378006874 0.6921350182906552 0.6576460481099656 0.6946753870598233 0.6559278350515464 0.6939825592136867
17 0.6769759450171822 0.6083028489081034 0.6799828178694158 0.6069171932158297 0.6832044673539519 0.6122288733695451 0.6875 0.6083028489081034 0.6898625429553266 0.6119979307541662 0.6866408934707904 0.6154620699848502 0.6883591065292096 0.6198499796770499 0.6894329896907216 0.6235450615231128 0.6855670103092784 0.6240069467538706 0.6825601374570447 0.6147692421387134
17 0.6954467353951891 0.6267782581384178 0.6954467353951891 0.6311661678306174 0.6982388316151203 0.6300114547537228 0.6986683848797252 0.6281639138306914
17 0.604381443298969 0.6554151424454052 0.603307560137457 0.6611887078298785 0.6039518900343643 0.6681169862912464 0.6084621993127148 0.6755071499833722 0.6097508591065293 0.6685788715220042 0.6069587628865979 0.6639600192144256 0.6076030927835052 0.6616505930606363 0.6095360824742269 0.6632671913682888 0.6097508591065293 0.6653456749066993 0.6116838487972509 0.6660385027528359 0.6125429553264605 0.662805306137531 0.6118986254295532 0.6588792816760891 0.6099656357388316 0.656107970291542 0.6076030927835052 0.6554151424454052
17 0.6026632302405499 0.6491796918301741 0.604810996563574 0.6434061264457008 0.6073883161512028 0.6417895281380482 0.6086769759450172 0.6438680116764587 0.6114690721649485 0.6440989542918376 0.6129725085910652 0.6480249787532795 0.6101804123711341 0.6482559213686584 0.6073883161512028 0.6466393230610058 0.605884879725086 0.6503344049070687
17 0.5764604810996564 0.6083028489081034 0.5760309278350515 0.6039149392159037 0.5786082474226805 0.6004507999852197 0.5818298969072165 0.6006817426005986 0.5839776632302406 0.6025292835236301 0.5865549828178694 0.6048387096774194 0.584192439862543 0.6078409636773454 0.5820446735395189 0.6057624801389351 0.5801116838487973 0.6046077670620404 0.5792525773195877 0.6073790784465877 0.5794673539518901 0.609226619369619
17 0.6252147766323024 0.6604958799837417 0.6297250859106529 0.6563389129069209 0.6329467353951891 0.6602649373683628 0.6282216494845362 0.6653456749066993
17 0.6172680412371134 0.6517200605993423 0.6176975945017182 0.6554151424454052 0.6224226804123711 0.6556460850607841 0.6277920962199313 0.6563389129069209 0.6288659793814433 0.6510272327532055 0.6247852233676976 0.6503344049070687 0.6222079037800687 0.6512581753685844
17 0.6512027491408935 0.612690758600303 0.6516323024054983 0.6099194472157559 0.6554982817869416 0.6115360455234083 0.6561426116838488 0.6138454716771977 0.6574312714776632 0.6154620699848502 0.660438144329897 0.615923955215608 0.661512027491409 0.619157151830913 0.6591494845360825 0.6200809222924287 0.6574312714776632 0.622621291061597 0.6589347079037801 0.6274710859845546 0.6565721649484537 0.6274710859845546 0.6537800687285223 0.6230831762923549 0.6484106529209622 0.619157151830913 0.6507731958762887 0.6177714961386395 0.6539948453608248 0.6207737501385656 0.6565721649484537 0.619157151830913 0.6544243986254296 0.615923955215608 0.6512027491408935 0.6152311273694712
17 0.7141323024054983 0.5140782618334996 0.7190721649484537 0.5050714998337213 0.724012027491409 0.499297934449248 0.728307560137457 0.49721945091083763 0.7315292096219932 0.5039167867568267 0.7287371134020619 0.506226212910616 0.7268041237113403 0.5034549015260689 0.724012027491409 0.5073809259875106 0.7225085910652921 0.5133854339873628 0.7179982817869416 0.5168495732180468
17 0.75 0.5237778516794147 0.7530068728522337 0.5189280567564571 0.7506443298969072 0.5156948601411522 0.7480670103092784 0.5186971141410783 0.7433419243986255 0.5150020322950154 0.742053264604811 0.519389941987215 0.7457044673539519 0.5216993681410043 0.743127147766323 0.5265491630639618 0.7426975945017182 0.5316299006022983 0.7472079037800687 0.5316299006022983 0.7495704467353952 0.5267801056793407 0.751073883161512 0.529551417063888 0.7512886597938145 0.5353249824483612 0.7545103092783505 0.5408676052174556 0.7603092783505154 0.5447936296788974 0.7656786941580757 0.5450245722942763 0.7689003436426117 0.5408676052174556 0.7723367697594502 0.5385581790636663 0.7710481099656357 0.536248752909877 0.7671821305841924 0.5380962938329085 0.7622422680412371 0.5399438347559398 0.7588058419243987 0.5392510069098031 0.7555841924398625 0.536248752909877 0.7542955326460482 0.5311680153715406 0.7573024054982818 0.5323227284484352 0.7609536082474228 0.533015556294572 0.7605240549828178 0.5297823596792669 0.7650343642611684 0.5277038761408565 0.7633161512027491 0.5249325647563094 0.7585910652920962 0.5263182204485829 0.7547250859106529 0.5277038761408565
17 0.7036082474226805 0.5611905553708014 0.7072594501718213 0.5561098178324649 0.7098367697594502 0.5535694490632967 0.7121993127147767 0.5556479326017072 0.7126288659793815 0.5600358422939068 0.7149914089347079 0.5644237519861065 0.7195017182130584 0.5676569486014116 0.7253006872852233 0.5676569486014116 0.729810996563574 0.5678878912167905 0.7268041237113403 0.5715829730628533 0.7225085910652921 0.5734305139858847 0.7171391752577321 0.5701973173705798 0.7145618556701031 0.5685807190629273 0.7124140893470791 0.5699663747552008 0.7087628865979382 0.5676569486014116 0.7098367697594502 0.5637309241399697 0.7079037800687286 0.5611905553708014 0.7061855670103093 0.5644237519861065
17 0.7059707903780069 0.575970882755053 0.709192439862543 0.5787421941396003 0.7126288659793815 0.5766637106011898 0.7121993127147767 0.572968628755127
17 0.7242268041237113 0.5471030558326867 0.719286941580756 0.5501053098326127 0.724012027491409 0.5556479326017072 0.7278780068728523 0.5535694490632967 0.7373281786941581 0.556340760447844 0.7377577319587629 0.5519528507556443 0.7330326460481099 0.5501053098326127 0.7289518900343643 0.5466411706019288 0.7250859106529209 0.5413294904482134 0.7212199312714777 0.543177031371245
17 0.6902920962199313 0.5741233418320216 0.6960910652920962 0.5708901452167165 0.6971649484536082 0.5743542844474006 0.6952319587628866 0.5755089975242952 0.6988831615120275 0.5794350219857369 0.6948024054982818 0.5824372759856631
17 0.6980240549828178 0.5625762110630751 0.7016752577319587 0.5637309241399697 0.7031786941580757 0.5591120718323911 0.7031786941580757 0.556340760447844 0.6999570446735395 0.5551860473709492 0.6980240549828178 0.5584192439862543
17 0.6812714776632303 0.5334774415253298 0.6838487972508591 0.5304751875254037 0.6890034364261168 0.5348630972176034 0.6894329896907216 0.5311680153715406 0.6941580756013745 0.5302442449100248 0.6969501718213058 0.5318608432176772 0.6980240549828178 0.5339393267560877 0.7042525773195877 0.5332464989099509 0.7064003436426117 0.5355559250637402 0.7104810996563574 0.5334774415253298 0.7128436426116839 0.532553671063814 0.7156357388316151 0.5355559250637402 0.7115549828178694 0.5367106381406348 0.7132731958762887 0.5399438347559398 0.7100515463917526 0.5434079739866239 0.709192439862543 0.5401747773713188 0.7074742268041238 0.5387891216790451 0.7053264604810997 0.5392510069098031 0.7006013745704468 0.5380962938329085 0.6965206185567011 0.5378653512175294 0.6954467353951891 0.5346321546022245 0.6937285223367698 0.532553671063814 0.6935137457044674 0.5369415807560137 0.6894329896907216 0.539712892140561
17 0.678479381443299 0.5621143258323171 0.6801975945017182 0.5685807190629273 0.6842783505154639 0.5671950633706536 0.6898625429553266 0.5641928093707276 0.6939432989690721 0.5646546946014854 0.688573883161512 0.5602667849092857 0.6836340206185567 0.5604977275246648
17 0.6872852233676976 0.5538003916786757 0.6892182130584192 0.55934301444777 0.6922250859106529 0.5577264161401175 0.6909364261168385 0.5547241621401914 0.6935137457044674 0.5531075638325389 0.6924398625429553 0.5503362524479918 0.6900773195876289 0.5501053098326127
17 0.6995274914089348 0.5946772346007464 0.6935137457044674 0.5976794886006725 0.6939432989690721 0.6043768244466615 0.7053264604810997 0.5967557181391567 0.7046821305841924 0.5921368658315782 0.7087628865979382 0.5870561282932417 0.7119845360824743 0.5912130953700625 0.7175687285223368 0.5905202675239256 0.7158505154639175 0.586132357831726 0.7222938144329897 0.5854395299855892 0.7218642611683849 0.5808206776780106 0.7171391752577321 0.5798969072164949 0.7121993127147767 0.5815135055241474 0.706615120274914 0.5822063333702842 0.7025343642611684 0.5854395299855892 0.7003865979381444 0.5895964970624099
17 0.6932989690721649 0.5916749806008204 0.6978092783505154 0.5905202675239256 0.6999570446735395 0.585670472600968 0.7048969072164949 0.5822063333702842 0.7046821305841924 0.5798969072164949 0.702319587628866 0.5796659646011159 0.6982388316151203 0.582899161216421 0.6948024054982818 0.5859014152163471
17 0.7600945017182131 0.5787421941396003 0.7607388316151203 0.5840538742933157 0.7633161512027491 0.5849776447548314 0.7652491408934707 0.5815135055241474 0.7673969072164949 0.5822063333702842 0.769115120274914 0.5805897350626317 0.7663230240549828 0.5785112515242212 0.763745704467354 0.5782803089088423
17 0.7757731958762887 0.6122288733695451 0.7792096219931272 0.6115360455234083 0.7792096219931272 0.6076100210619666 0.7794243986254296 0.6050696522927983 0.7841494845360825 0.6050696522927983 0.7815721649484537 0.6076100210619666 0.7824312714776632 0.6133835864464399 0.7813573883161512 0.6170786682925027 0.7742697594501718 0.6189262092155341
17 0.7596649484536082 0.649641577060932 0.7624570446735395 0.656107970291542 0.7646048109965636 0.6584173964453313 0.7661082474226805 0.6554151424454052 0.763745704467354 0.6510272327532055 0.7624570446735395 0.6477940361379004 0.7598797250859107 0.6466393230610058
17 0.7875859106529209 0.6180024387540184 0.7925257731958762 0.6143073569079555 0.7966065292096219 0.6108432176772716 0.7993986254295532 0.6110741602926505 0.7987542955326461 0.6140764142925765 0.7948883161512028 0.616154897830987 0.7914518900343643 0.619388094446292
17 0.7839347079037801 0.6244688319846284 0.7875859106529209 0.6288567416768281 0.7961769759450172 0.6274710859845546 0.7991838487972509 0.6290876842922071 0.8011168384879725 0.6253926024461441 0.8041237113402062 0.6221594058308392 0.8015463917525774 0.6189262092155341 0.7974656357388316 0.6242378893692495 0.7944587628865979 0.6235450615231128 0.7895189003436426 0.6235450615231128
17 0.7600945017182131 0.6286257990614493 0.762671821305842 0.6320899382921332 0.7658934707903781 0.6300114547537228 0.7721219931271478 0.6283948564460703 0.773840206185567 0.6249307172153864 0.7671821305841924 0.6265473155230388 0.7643900343642611 0.6265473155230388
17 0.6892182130584192 0.632551823522891 0.6920103092783505 0.6311661678306174 0.6960910652920962 0.6332446513690279 0.6984536082474228 0.6367087905997117 0.7006013745704468 0.6404038724457747 0.7031786941580757 0.6417895281380482 0.7021048109965636 0.6427132985995639 0.6973797250859107 0.6410967002919115 0.6932989690721649 0.6378635036766065
17 0.5240549828178694 0.6180024387540184 0.5223367697594502 0.6258544876769021 0.5257731958762887 0.6311661678306174 0.5255584192439863 0.6369397332150908 0.5287800687285223 0.6390182167535011 0.5322164948453608 0.6332446513690279 0.5274914089347079 0.6274710859845546 0.5272766323024055 0.622621291061597 0.5281357388316151 0.6186952666001553
17 0.5304982817869416 0.6374016184458485 0.5326460481099656 0.6410967002919115 0.5380154639175257 0.639480101984259 0.5401632302405499 0.6341684218305436 0.5371563573883161 0.632551823522891 0.5345790378006874 0.6337065365997857 0.5358676975945017 0.6360159627535751
17 0.5395189003436426 0.6219284632154602 0.5416666666666666 0.6242378893692495 0.5412371134020619 0.6304733399844806 0.5461769759450172 0.6320899382921332 0.5476804123711341 0.6357850201381962 0.5504725085910652 0.6341684218305436 0.5485395189003436 0.6281639138306914 0.5459621993127148 0.629318626907586 0.5466065292096219 0.6249307172153864 0.5427405498281787 0.6207737501385656
17 0.5412371134020619 0.6311661678306174 0.541881443298969 0.6337065365997857 0.5388745704467354 0.6367087905997117 0.5416666666666666 0.6406348150611536 0.5442439862542956 0.6431751838303219 0.5435996563573883 0.6454846099841112 0.5485395189003436 0.6454846099841112 0.5498281786941581 0.6397110445996379 0.5453178694158076 0.6390182167535011 0.5438144329896907 0.6378635036766065 0.5466065292096219 0.6360159627535751 0.5466065292096219 0.63278276613827
17 0.6333762886597938 0.6346303070613014 0.6312285223367698 0.6378635036766065 0.6346649484536082 0.6466393230610058 0.6400343642611684 0.6457155525994901 0.6413230240549828 0.6549532572146473 0.6458333333333334 0.6537985441377526 0.6419673539518901 0.6431751838303219 0.6381013745704468 0.6420204707534273 0.6361683848797252 0.6422514133688061 0.6355240549828178 0.6397110445996379
17 0.6423969072164949 0.6020673982928721 0.6404639175257733 0.609226619369619 0.6434707903780069 0.609457561984998 0.644115120274914 0.6073790784465877 0.6469072164948454 0.60899567675424 0.6499140893470791 0.6078409636773454 0.6479810996563574 0.6048387096774194
17 0.6509879725085911 0.6013745704467355 0.6533505154639175 0.6080719062927243 0.6582903780068728 0.605993422754314 0.6645189003436426 0.6029911687543879 0.6634450171821307 0.5999889147544618 0.6554982817869416 0.599296086908325 0.6563573883161512 0.6022983409082512 0.6548539518900344 0.6029911687543879 0.6537800687285223 0.6002198573698408
17 0.6664518900343643 0.6032221113697669 0.6681701030927836 0.6076100210619666 0.6709621993127148 0.6069171932158297 0.6705326460481099 0.6043768244466615 0.6733247422680413 0.6034530539851458 0.6741838487972509 0.5986032590621883 0.6709621993127148 0.5990651442929461
17 0.6196305841924399 0.6145382995233345 0.6204896907216495 0.6108432176772716 0.6245704467353952 0.6110741602926505 0.6265034364261168 0.6085337915234823 0.6256443298969072 0.606224365369693 0.6286512027491409 0.6025292835236301 0.6305841924398625 0.6050696522927983 0.6307989690721649 0.6099194472157559 0.6277920962199313 0.6145382995233345 0.6245704467353952 0.6156930126002291
17 0.5493986254295532 0.6604958799837417 0.5453178694158076 0.6609577652144994 0.5455326460481099 0.6646528470605624 0.5500429553264605 0.6641909618298045 0.553479381443299 0.665807560137457 0.5586340206185567 0.6651147322913202 0.5607817869415808 0.6623434209067731 0.5577749140893471 0.6604958799837417 0.554553264604811 0.6623434209067731 0.5526202749140894 0.6595721095222259 0.5515463917525774 0.6574936259838156 0.5491838487972509 0.6579555112145734
17 0.5588487972508591 0.649410634445553 0.5616408934707904 0.6535676015223737 0.5629295532646048 0.6586483390607102 0.5674398625429553 0.6549532572146473 0.5655068728522337 0.652643831060858 0.5631443298969072 0.6498725196763108 0.5609965635738832 0.6482559213686584
17 0.5719501718213058 0.6337065365997857 0.5723797250859107 0.6374016184458485 0.5794673539518901 0.6371706758304697 0.5775343642611684 0.6318589956767543
17 0.5547680412371134 0.6498725196763108 0.5528350515463918 0.6554151424454052 0.5573453608247423 0.6565698555222999 0.5597079037800687 0.6604958799837417 0.5625 0.6595721095222259 0.5609965635738832 0.6551841998300263 0.5579896907216495 0.6533366589069949 0.5571305841924399 0.6498725196763108
17 0.45940721649484534 0.6454846099841112 0.462414089347079 0.6521819458301001 0.46585051546391754 0.6572626833684366 0.4688573883161512 0.6547223145992683 0.46563573883161513 0.6487178065994161 0.46585051546391754 0.6454846099841112
17 0.4677835051546392 0.6498725196763108 0.4701460481099657 0.6452536673687322 0.4735824742268041 0.6413276429072904 0.4701460481099657 0.6380944462919854 0.47186426116838487 0.6350921922920593 0.476159793814433 0.6390182167535011 0.4785223367697594 0.6350921922920593 0.48109965635738833 0.6380944462919854 0.4789518900343643 0.6413276429072904 0.48432130584192445 0.6447917821379743 0.4862542955326461 0.6505653475224477 0.4832474226804123 0.6517200605993423 0.48281786941580757 0.6475630935225215 0.4774484536082474 0.6443298969072165 0.47336769759450176 0.6466393230610058 0.47164948453608246 0.6514891179839634
17 0.47465635738831613 0.6535676015223737 0.47551546391752575 0.6510272327532055 0.4798109965635739 0.6524128884454791 0.4832474226804123 0.6528747736762369 0.4806701030927835 0.6556460850607841 0.47723367697594504 0.6554151424454052
17 0.48453608247422686 0.6565698555222999 0.4896907216494845 0.6600339947529837 0.4914089347079038 0.655877027676163 0.49312714776632305 0.6521819458301001 0.4903350515463918 0.6512581753685844 0.4873281786941581 0.6533366589069949
17 0.49420103092783507 0.6346303070613014 0.4965635738831616 0.6387872741381222 0.5008591065292096 0.6362469053689539 0.5049398625429553 0.6427132985995639 0.5109536082474228 0.6385563315227433 0.5083762886597938 0.6355540775228171 0.5060137457044673 0.6380944462919854 0.5012886597938145 0.6304733399844806
17 0.49699312714776633 0.6417895281380482 0.5002147766323024 0.649410634445553 0.506872852233677 0.6480249787532795 0.506872852233677 0.6452536673687322 0.502147766323024 0.6440989542918376 0.4997852233676976 0.6406348150611536
17 0.506872852233677 0.6600339947529837 0.5025773195876289 0.6604958799837417 0.5006443298969072 0.6653456749066993 0.5070876288659795 0.6653456749066993 0.5100945017182131 0.6683479289066253 0.5156786941580757 0.6669622732143516 0.5165378006872853 0.6738905516757197 0.520618556701031 0.672966781214204 0.5184707903780069 0.6632671913682888 0.5115979381443299 0.6632671913682888 0.5111683848797252 0.6570317407530577 0.5064432989690721 0.655877027676163
17 0.6701030927835052 0.6916731330598972 0.6655927835051546 0.6937516165983078 0.6625859106529209 0.7006798950596755 0.6612972508591066 0.7066844030595277 0.6632302405498283 0.7126889110593799 0.6681701030927836 0.7163839929054429 0.6722508591065293 0.7154602224439272 0.6694587628865979 0.7087628865979382 0.6664518900343643 0.7073772309056646 0.6666666666666666 0.7113032553671065 0.6645189003436426 0.709224771828696 0.665807560137457 0.7052987473672542 0.6690292096219932 0.7041440342903595 0.6743986254295532 0.7029893212134649 0.6724656357388316 0.6995251819827809 0.6688144329896907 0.7006798950596755 0.667310996563574 0.6981395262905074 0.6701030927835052 0.6976776410597495 0.6726804123711341 0.6972157558289916
17 0.6769759450171822 0.6842829693677714 0.6728951890034365 0.6872852233676976 0.6720360824742269 0.6907493625983816 0.6737542955326461 0.6932897313675498 0.6778350515463918 0.6909803052137605 0.6801975945017182 0.6919040756752762 0.6778350515463918 0.6942135018290655 0.6825601374570447 0.696061042752097 0.685352233676976 0.6921350182906552 0.6836340206185567 0.6877471085984556 0.680627147766323 0.6865923955215608 0.6793384879725086 0.6835901415216348
17 0.7008161512027491 0.7223885009052952 0.6965206185567011 0.7279311236743894 0.6986683848797252 0.7302405498281787 0.7021048109965636 0.7277001810590105 0.7059707903780069 0.7267764105974948 0.706615120274914 0.7300096072127997 0.7018900343642611 0.7341665742896205 0.6973797250859107 0.7307024350589366 0.6952319587628866 0.7337046890588627 0.6969501718213058 0.7364760004434098 0.6948024054982818 0.7394782544433359 0.6905068728522337 0.7371688282895467 0.6898625429553266 0.7406329675202307 0.6930841924398625 0.7415567379817463 0.6935137457044674 0.7443280493662935 0.6915807560137458 0.7443280493662935 0.6913659793814433 0.7477921885969775 0.6952319587628866 0.7487159590584932 0.6980240549828178 0.7452518198278092 0.6984536082474228 0.7415567379817463 0.6984536082474228 0.7383235413664413 0.7003865979381444 0.7376307135203045 0.7021048109965636 0.7404020249048516 0.7042525773195877 0.7378616561356834 0.7040378006872853 0.7357831725972731 0.7074742268041238 0.7371688282895467 0.7098367697594502 0.7346284595203785 0.7128436426116839 0.7362450578280308 0.7162800687285223 0.7337046890588627 0.7147766323024055 0.7307024350589366 0.7109106529209622 0.7300096072127997 0.7085481099656357 0.7235432139821898 0.7064003436426117 0.7242360418283265 0.7046821305841924 0.7270073532128737
17 0.6975945017182131 0.7570298932121347 0.6990979381443299 0.749177844289251 0.7031786941580757 0.7464065329047038 0.7070446735395189 0.7473303033662195 0.7098367697594502 0.745944647673946 0.708118556701031 0.7429423936740199 0.706615120274914 0.7401710822894727 0.7094072164948454 0.7394782544433359 0.7119845360824743 0.7434042789047778 0.7139175257731959 0.7461755902893249 0.7156357388316151 0.7496397295200089 0.7167096219931272 0.7554132949044822 0.7147766323024055 0.7611868602889554 0.7121993127147767 0.7581846062890294 0.7130584192439863 0.752872926135314 0.7111254295532646 0.7503325573661457 0.7076890034364262 0.7507944425969036 0.7046821305841924 0.7484850164431142 0.702319587628866 0.7498706721353878 0.702319587628866 0.7551823522891032 0.7016752577319587 0.7574917784428925
17 0.7061855670103093 0.7598012045966818 0.7053264604810997 0.7623415733658501 0.7010309278350515 0.7621106307504711 0.6980240549828178 0.763034401211987 0.6967353951890035 0.7664985404426709 0.6978092783505154 0.7729649336732809 0.701245704467354 0.772503048442523 0.7018900343642611 0.7676532535195655 0.7070446735395189 0.7667294830580498 0.7100515463917526 0.7639581716735026 0.7087628865979382 0.7591083767505451
17 0.6632302405498283 0.745944647673946 0.6694587628865979 0.7535657539814506 0.6720360824742269 0.7533348113660717 0.6735395189003436 0.7616487455197133 0.6778350515463918 0.7634962864427447 0.6765463917525774 0.752872926135314 0.6752577319587629 0.749177844289251 0.6713917525773195 0.7484850164431142 0.6703178694158076 0.7447899345970513 0.6670962199312716 0.7440971067509146
17 0.6505584192439863 0.7373997709049255 0.6529209621993127 0.7390163692125781 0.6559278350515464 0.7383235413664413 0.6552835051546392 0.7410948527509884 0.6589347079037801 0.7415567379817463 0.6621563573883161 0.7404020249048516 0.664733676975945 0.7371688282895467 0.6662371134020619 0.7369378856741677 0.6662371134020619 0.7413257953663673 0.6769759450171822 0.742480508443262 0.6763316151202748 0.7394782544433359 0.6716065292096219 0.7390163692125781 0.6709621993127148 0.7348594021357573 0.6677405498281787 0.732549975981968 0.6643041237113403 0.7320880907512102 0.6619415807560137 0.7353212873665151 0.6587199312714777 0.7350903447511362 0.6542096219931272 0.7311643202896944
17 0.6731099656357389 0.7233122713668109 0.6746134020618557 0.7221575582899161 0.6789089347079038 0.7235432139821898 0.6808419243986255 0.729085836751284 0.6776202749140894 0.729085836751284
17 0.6118986254295532 0.7764290729039649 0.6142611683848798 0.7750434172116912 0.617053264604811 0.779200384288512
17 0.615979381443299 0.7819716956730591 0.6176975945017182 0.7863596053652588 0.6207044673539519 0.7900546872113218 0.6256443298969072 0.7925950559804901 0.6286512027491409 0.7928259985958689 0.6269329896907216 0.7870524332113956 0.6234965635738832 0.7877452610575325 0.6200601374570447 0.7849739496729853 0.6194158075601375 0.7824335809038171
17 0.627147766323024 0.8034493589032997 0.6301546391752578 0.8050659572109523 0.6312285223367698 0.8011399327495105 0.6346649484536082 0.8004471049033736 0.6363831615120275 0.7997542770572369 0.6348797250859107 0.7962901378265529 0.6316580756013745 0.796059195211174 0.6284364261168385 0.7967520230573107 0.6273625429553266 0.8006780475187526
17 0.637671821305842 0.8009089901341315 0.639819587628866 0.8057587850570891 0.644115120274914 0.80552784244171 0.6460481099656357 0.8108395225954256 0.6492697594501718 0.809222924287773 0.6486254295532646 0.8046040719801943 0.645618556701031 0.8018327605956472 0.6419673539518901 0.8009089901341315
17 0.6406786941580757 0.8203081698259617 0.6393900343642611 0.8249270221335402 0.6400343642611684 0.8316243579795293 0.6428264604810997 0.8364741529024868 0.6471219931271478 0.8413239478254443 0.6527061855670103 0.8480212836714334 0.655713058419244 0.849175996748328 0.656786941580756 0.8468665705945387 0.654639175257732 0.8440952592099915 0.655713058419244 0.8406311199793076 0.6516323024054983 0.8385526364408972 0.6471219931271478 0.8341647267486975 0.6471219931271478 0.8313934153641503 0.6464776632302406 0.8267745630565717 0.6449742268041238 0.8235413664412667 0.6434707903780069 0.8214628829028563
17 0.6812714776632303 0.7745815319809334 0.6836340206185567 0.7761981302885859 0.6859965635738832 0.7752743598270703 0.6881443298969072 0.7785075564423752 0.6913659793814433 0.7812788678269224 0.6952319587628866 0.7815098104423014 0.6963058419243987 0.779200384288512 0.701245704467354 0.7801241547500277 0.7014604810996564 0.7801241547500277 0.700171821305842 0.7761981302885859 0.6971649484536082 0.7734268189040387 0.694372852233677 0.7764290729039649 0.6905068728522337 0.772733991057902 0.6870704467353952 0.7699626796733547 0.6844931271477663 0.7697317370579758 0.6821305841924399 0.7720411632117651
17 0.701245704467354 0.8087610390570151 0.6969501718213058 0.8085300964416362 0.6978092783505154 0.8133798913645938 0.7010309278350515 0.8129180061338359 0.7046821305841924 0.8182296862875513 0.7044673539518901 0.8212319402874774 0.7085481099656357 0.8240032516720245 0.7074742268041238 0.8260817352104349 0.7061855670103093 0.8304696449026346 0.7124140893470791 0.8353194398255922 0.7154209621993127 0.8253889073642982 0.7109106529209622 0.8221557107489932 0.7094072164948454 0.8177678010567934 0.7134879725085911 0.816151202749141 0.7179982817869416 0.8179987436721724 0.7214347079037801 0.8186915715183092 0.7190721649484537 0.8145346044414884 0.7145618556701031 0.8126870635184569 0.7111254295532646 0.8133798913645938 0.7139175257731959 0.8108395225954256 0.7130584192439863 0.8089919816723941 0.7089776632302406 0.8085300964416362 0.7070446735395189 0.8101466947492887 0.7079037800687286 0.8152274322876252 0.7057560137457044 0.8136108339799727 0.7053264604810997 0.8094538669031519
17 0.6817010309278351 0.7865905479806379 0.6866408934707904 0.7955973099804161 0.6892182130584192 0.7942116542881424 0.6868556701030929 0.7865905479806379 0.6847079037800687 0.7849739496729853
17 0.5738831615120275 0.7877452610575325 0.577319587628866 0.7865905479806379 0.5798969072164949 0.7895928019805639 0.584192439862543 0.7888999741344271 0.5876288659793815 0.7919022281343532 0.5906357388316151 0.7932878838266267 0.5919243986254296 0.7907475150574585 0.595360824742268 0.7919022281343532 0.5940721649484537 0.795828252595795 0.5945017182130584 0.8013708753648894 0.5914948453608248 0.8022946458264051 0.5899914089347079 0.7962901378265529 0.5865549828178694 0.7946735395189004 0.5848367697594502 0.792364113365111 0.5820446735395189 0.7928259985958689 0.5768900343642611 0.7909784576728375
17 0.6093213058419245 0.7434042789047778 0.6114690721649485 0.74940878690463 0.6136168384879725 0.7461755902893249 0.6168384879725086 0.742711451058641 0.6207044673539519 0.7410948527509884 0.6194158075601375 0.7371688282895467 0.614905498281787 0.7390163692125781
17 0.5161082474226805 0.7720411632117651 0.5120274914089348 0.7695007944425969 0.5115979381443299 0.7752743598270703 0.5150343642611684 0.7752743598270703 0.5143900343642611 0.7840501792114696 0.5180412371134021 0.782664523519196 0.5212628865979382 0.7798932121346488 0.5189003436426117 0.7761981302885859 0.5251288659793815 0.7738887041347966 0.5270618556701031 0.7722721058271441 0.5281357388316151 0.7671913682888076 0.5255584192439863 0.7616487455197133 0.522766323024055 0.7598012045966818 0.5193298969072165 0.7574917784428925 0.5231958762886598 0.7556442375198611 0.5214776632302406 0.7526419835199349 0.5163230240549828 0.7551823522891032 0.5143900343642611 0.7598012045966818 0.5161082474226805 0.7639581716735026 0.5199742268041238 0.7651128847503973 0.5223367697594502 0.7646509995196393 0.5225515463917526 0.7674223109041866 0.5197594501718213 0.7692698518272181
17 0.5236254295532646 0.7868214905960167 0.523840206185567 0.7909784576728375 0.5255584192439863 0.7985995639803423 0.5272766323024055 0.8004471049033736 0.529639175257732 0.7983686213649632 0.5287800687285223 0.7951354247496583 0.5313573883161512 0.7928259985958689 0.5347938144329897 0.7925950559804901 0.5371563573883161 0.7942116542881424 0.5375859106529209 0.7983686213649632 0.5420962199312716 0.7976757935188266 0.542310996563574 0.7946735395189004 0.5399484536082474 0.7907475150574585 0.535438144329897 0.7872833758267745 0.531786941580756 0.7852048922883642 0.5289948453608248 0.7842811218268484 0.5264175257731959 0.7852048922883642
17 0.5442439862542956 0.7928259985958689 0.5435996563573883 0.7969829656726897 0.5457474226804123 0.8018327605956472 0.5496134020618557 0.80552784244171 0.554553264604811 0.8085300964416362 0.5567010309278351 0.8073753833647416 0.5541237113402062 0.8046040719801943 0.5504725085910652 0.8013708753648894 0.5483247422680413 0.7981376787495843 0.5506872852233677 0.7974448509034475 0.5543384879725086 0.8002161622879946 0.5588487972508591 0.802525588441784 0.5620704467353952 0.8006780475187526 0.5586340206185567 0.7972139082880686 0.5530498281786942 0.7946735395189004 0.5498281786941581 0.7930569412112478 0.5470360824742269 0.7925950559804901
17 0.553479381443299 0.8168440305952777 0.5521907216494846 0.8216938255182352 0.5476804123711341 0.8237723090566456 0.5440292096219932 0.8260817352104349 0.539733676975945 0.8283911613642243 0.5498281786941581 0.8297768170564979 0.552405498281787 0.8265436204411928 0.554553264604811 0.8283911613642243 0.552405498281787 0.832317185825666 0.555627147766323 0.832317185825666 0.5575601374570447 0.829083989210361 0.560352233676976 0.8302387022872557 0.5637886597938145 0.8387835790562761 0.5667955326460482 0.8383216938255184 0.5674398625429553 0.8341647267486975 0.563573883161512 0.8246960795181614 0.5579896907216495 0.8244651369027824 0.5558419243986255 0.8212319402874774 0.5573453608247423 0.8166130879798987
17 0.5427405498281787 0.8350884972102132 0.5455326460481099 0.8376288659793815 0.5491838487972509 0.8355503824409711 0.5511168384879725 0.8383216938255184 0.553479381443299 0.839476406902413 0.5509020618556701 0.8311624727487713
17 0.5667955326460482 0.8101466947492887 0.5706615120274915 0.8177678010567934 0.576245704467354 0.816151202749141 0.577319587628866 0.8138417765953515 0.5814003436426117 0.8159202601337621 0.5822594501718213 0.8203081698259617 0.5880584192439863 0.8281602187488454 0.5917096219931272 0.8295458744411189 0.5940721649484537 0.8348575545948342 0.5960051546391754 0.8380907512101393 0.5992268041237113 0.8355503824409711 0.5945017182130584 0.8274673909027085 0.5904209621993127 0.825850792595056 0.5880584192439863 0.8216938255182352 0.5897766323024055 0.8179987436721724 0.5861254295532646 0.8149964896722462 0.5824742268041238 0.8115323504415622 0.577319587628866 0.8087610390570151 0.5734536082474228 0.8087610390570151
17 0.5766752577319587 0.7748124745963123 0.5771048109965636 0.7789694416731331 0.5734536082474228 0.7794313269038909 0.5740979381443299 0.7840501792114696 0.5792525773195877 0.7838192365960907 0.5809707903780069 0.7785075564423752
17 0.5766752577319587 0.7701936222887338 0.5809707903780069 0.7731958762886598 0.5846219931271478 0.7678841961349444 0.5829037800687286 0.7644200569042604 0.5861254295532646 0.7618796881350922 0.5878436426116839 0.7607249750581976 0.5861254295532646 0.7577227210582714 0.5820446735395189 0.7577227210582714 0.5788230240549828 0.7609559176735765 0.5775343642611684 0.7655747699811551
17 0.49312714776632305 0.6884399364445922 0.4946305841924398 0.6946753870598233 0.5008591065292096 0.6928278461367919 0.5038659793814433 0.6967538705982337 0.5055841924398625 0.7016036655211912 0.5083762886597938 0.7027583785980859 0.5105240549828178 0.7069153456749067 0.5141752577319587 0.7096866570594539 0.5163230240549828 0.70622251782877 0.5115979381443299 0.6999870672135389 0.5115979381443299 0.6969848132136127 0.5139604810996564 0.696061042752097 0.5161082474226805 0.6958301001367181 0.514819587628866 0.6921350182906552 0.5118127147766324 0.6884399364445922 0.5094501718213058 0.6891327642907291 0.5111683848797252 0.6912112478291395 0.5096649484536082 0.6962919853674759 0.5060137457044673 0.6902874773676237 0.5023625429553266 0.6889018216753502
17 0.5528350515463918 0.7198481321361269 0.5579896907216495 0.715922107674685 0.5560567010309279 0.7085319439825593 0.5588487972508591 0.7071462882902857 0.5618556701030928 0.7180005912130953 0.5547680412371134 0.7212337878284004
17 0.5438144329896907 0.7267764105974948 0.5427405498281787 0.7230813287514318 0.5483247422680413 0.722619443520674 0.5474656357388316 0.7288548941359051 0.5438144329896907 0.7297786645974209 0.5403780068728523 0.7307024350589366 0.5472508591065293 0.7343975169049994 0.5451030927835052 0.7367069430587888 0.5395189003436426 0.7318571481358312 0.5362972508591065 0.7334737464434838 0.5403780068728523 0.7394782544433359 0.5375859106529209 0.7415567379817463 0.535438144329897 0.7364760004434098 0.5326460481099656 0.7320880907512102
17 0.543384879725086 0.7461755902893249 0.5455326460481099 0.7434042789047778 0.5517611683848798 0.7475612459815985 0.5530498281786942 0.7510253852122825 0.5577749140893471 0.749177844289251 0.5562714776632303 0.7420186232125042 0.5515463917525774 0.7429423936740199 0.5444587628865979 0.7383235413664413 0.5403780068728523 0.7434042789047778 0.5369415807560137 0.7475612459815985 0.5405927835051546 0.7547204670583453 0.5431701030927836 0.7577227210582714 0.5472508591065293 0.7565680079813768 0.5500429553264605 0.7591083767505451 0.5517611683848798 0.7570298932121347 0.5500429553264605 0.7512563278276614 0.5461769759450172 0.7531038687506929 0.5431701030927836 0.7503325573661457
17 0.4991408934707904 0.7173077633669587 0.5027920962199313 0.719386246905369 0.5066580756013745 0.7163839929054429 0.5057989690721649 0.7143055093670325
17 0.6280068728522337 0.7616487455197133 0.6295103092783505 0.7644200569042604 0.6331615120274915 0.7621106307504711 0.6381013745704468 0.7695007944425969 0.6430412371134021 0.7688079665964601 0.6417525773195877 0.7667294830580498 0.6389604810996564 0.7655747699811551 0.6346649484536082 0.7591083767505451
17 0.5103092783505154 0.7417876805971253 0.506872852233677 0.7385544839818202 0.5060137457044673 0.7341665742896205 0.5088058419243986 0.7311643202896944 0.512671821305842 0.7316262055204523 0.5124570446735395 0.7343975169049994 0.5096649484536082 0.7362450578280308 0.5100945017182131 0.739247311827957
17 0.5081615120274915 0.745944647673946 0.5105240549828178 0.749177844289251 0.5105240549828178 0.7540276392122086 0.5120274914089348 0.7567989505967557 0.5143900343642611 0.7537966965968296 0.5150343642611684 0.7489469016738721 0.512671821305842 0.7452518198278092
17 0.5590635738831615 0.7235432139821898 0.5592783505154639 0.7309333776743155 0.5629295532646048 0.7281620662897683 0.5625 0.7256216975206001 0.5657216494845362 0.7267764105974948 0.5682989690721649 0.7253907549052212 0.5652920962199313 0.7235432139821898 0.5622852233676976 0.7223885009052952
17 0.5678694158075601 0.7283930089051474 0.5706615120274915 0.7330118612127259 0.5734536082474228 0.7350903447511362 0.5740979381443299 0.7316262055204523 0.5713058419243986 0.729085836751284 0.5706615120274915 0.7274692384436315
17 0.4518900343642612 0.5757399401396741 0.45704467353951894 0.5835919890625577 0.45962199312714774 0.5808206776780106 0.45554123711340205 0.575970882755053
17 0.4510309278350515 0.5956010050622621 0.4574742268041237 0.5905202675239256 0.4574742268041237 0.5854395299855892 0.4606958762886598 0.5833610464471788 0.46176975945017185 0.5875180135239996 0.46413230240549824 0.5877489561393785 0.4675687285223368 0.5831301038317999 0.47057560137457044 0.5842848169086945 0.4662800687285224 0.5905202675239256 0.46176975945017185 0.5905202675239256 0.462414089347079 0.5960628902930201 0.4574742268041237 0.5967557181391567
17 0.43792955326460486 0.6110741602926505 0.44265463917525777 0.615923955215608 0.44737972508591073 0.6152311273694712 0.44673539518900346 0.6131526438310608 0.44179553264604815 0.6103813324465137 0.4390034364261169 0.6078409636773454
17 0.4675687285223368 0.6108432176772716 0.4701460481099657 0.6147692421387134 0.4737972508591065 0.6145382995233345 0.47551546391752575 0.619619037061671 0.47938144329896903 0.6175405535232606 0.47465635738831613 0.6113051029080295 0.47164948453608246 0.6122288733695451 0.46928694158075607 0.6080719062927243
17 0.4965635738831616 0.6163858404463659 0.4997852233676976 0.6138454716771977 0.502147766323024 0.6175405535232606 0.5051546391752578 0.6205428075231867 0.502147766323024 0.6205428075231867 0.498926116838488 0.6189262092155341
17 0.5476804123711341 0.5898274396777888 0.5483247422680413 0.595831947677641 0.5515463917525774 0.595831947677641 0.5521907216494846 0.592829693677715 0.5560567010309279 0.5914440379854414 0.555627147766323 0.5882108413701364 0.5517611683848798 0.5891346118316522
17 0.48281786941580757 0.6046077670620404 0.4853951890034365 0.6101503898311348 0.49076460481099654 0.6073790784465877 0.4901202749140894 0.6034530539851458 0.48668384879725085 0.6025292835236301
17 0.48195876288659795 0.6173096109078816 0.4853951890034365 0.6136145290618188 0.4888316151202749 0.6136145290618188 0.48904639175257736 0.6106122750618926 0.4924828178694158 0.6101503898311348 0.4924828178694158 0.6150001847540923 0.4888316151202749 0.6170786682925027 0.4862542955326461 0.616154897830987 0.48453608247422686 0.6189262092155341
17 0.45790378006872856 0.6286257990614493 0.4606958762886598 0.6233141189077338 0.4649914089347079 0.619619037061671 0.4673539518900344 0.6182333813693973 0.4699312714776632 0.6203118649078077 0.46692439862542956 0.6233141189077338 0.46842783505154645 0.6251616598307652 0.4662800687285224 0.6263163729076598 0.4637027491408935 0.6256235450615232 0.4621993127147766 0.6283948564460703
17 0.44437285223367695 0.6300114547537228 0.4445876288659794 0.6348612496766803 0.44802405498281783 0.642482355984185 0.45038659793814434 0.6397110445996379 0.4475945017182131 0.6360159627535751 0.44909793814432986 0.6318589956767543
17 0.5105240549828178 0.6406348150611536 0.5109536082474228 0.6498725196763108 0.5135309278350515 0.649641577060932 0.5141752577319587 0.6581864538299524 0.5150343642611684 0.6611887078298785 0.5176116838487973 0.6598030521376048 0.5178264604810997 0.6512581753685844 0.5152491408934707 0.6491796918301741 0.5152491408934707 0.6415585855226693
17 0.4695017182130584 0.672735838598825 0.47401202749140897 0.672966781214204 0.4785223367697594 0.6655766175220782 0.47637457044673537 0.6604958799837417
19 0.48611111111111105 0.3767921146953405 0.48878205128205127 0.3854080507306314 0.5037393162393162 0.3905776123518059 0.5192307692307693 0.39115200808749195 0.5347222222222222 0.3877056336733756 0.5571581196581196 0.3825360720522011 0.579594017094017 0.3779409061667126 0.5961538461538461 0.3865568422020035 0.6068376068376068 0.391726403823178 0.6292735042735043 0.40263992280121313 0.6201923076923076 0.3923007995588641 0.609508547008547 0.38598244646631746 0.594551282051282 0.3790896976380847 0.5902777777777777 0.3756433232239684 0.592948717948718 0.37219694880985205 0.610042735042735 0.36128342983181694 0.6073717948717948 0.35668826394632847 0.5972222222222222 0.36415540851024725 0.579594017094017 0.37277134454553806 0.5667735042735043 0.3676017829243636 0.5576923076923076 0.3635810127745612 0.547008547008547 0.35841145115338663 0.5325854700854701 0.35726265968201454 0.5422008547008547 0.3595602426247588 0.5523504273504274 0.3635810127745612 0.5651709401709402 0.36932497013142174 0.5721153846153846 0.37277134454553806 0.5689102564102564 0.37621771895965445 0.5582264957264956 0.3779409061667126 0.5491452991452992 0.3779409061667126 0.5373931623931624 0.3785153019023987 0.5261752136752136 0.37506892748828236 0.5197649572649573 0.3687505743957357 0.5117521367521367 0.36128342983181694 0.5069444444444444 0.35266749379652607 0.5048076923076923 0.34232837055417703 0.5026709401709402 0.34979551511809576 0.5048076923076923 0.35668826394632847 0.5106837606837606 0.3635810127745612 0.517094017094017 0.3687505743957357 0.5245726495726495 0.37506892748828236 0.5331196581196581 0.3790896976380847 0.5416666666666666 0.38023848910945685 0.5544871794871795 0.37966409337377083 0.5368589743589743 0.38425925925925924 0.5267094017094016 0.38713123793768955 0.517094017094017 0.38828002940906164 0.5053418803418803 0.38828002940906164 0.4957264957264957 0.3854080507306314
19 0.7387820512820513 0.24985065710872162 0.7403846153846154 0.2578921974083265 0.7654914529914529 0.26363615476518704 0.7857905982905983 0.26765692491498944 0.8039529914529915 0.27340088227185005 0.8231837606837606 0.2751240694789082 0.8397435897435896 0.2791448396287106 0.8552350427350427 0.2802936311000827 0.8787393162393162 0.29465352449223414 0.9091880341880341 0.31303418803418803 0.9017094017094016 0.30499264773458323 0.889423076923077 0.2958023159636063 0.8776709401709402 0.2877607756640015 0.8664529914529914 0.28259121404282694 0.8547008547008547 0.2797192353643967 0.8397435897435896 0.2751240694789082 0.8269230769230769 0.27110329932910576 0.8173076923076923 0.26995450785773367 0.8092948717948717 0.26995450785773367 0.7932692307692307 0.2647849462365591 0.780982905982906 0.26306175902950096 0.7708333333333334 0.2584665931440125
19 0.5336538461538461 0.3928751952945501 0.5411324786324786 0.39919354838709675 0.548611111111111 0.4083838801580737 0.5603632478632479 0.41929739913610886 0.5550213675213675 0.411255858836504 0.548076923076923 0.4032143185368992 0.5411324786324786 0.3963215697086665
9 0.5727401129943503 0.9134773100054675 0.5681497175141242 0.9074023449365166 0.5617937853107345 0.9062632889860883 0.5568502824858758 0.9130976246886581 0.5575564971751413 0.9229694429257032 0.5596751412429378 0.9332209464795577 0.5649717514124294 0.9385365409148896 0.5681497175141242 0.9449911913006499 0.5815677966101696 0.9434724500334123 0.5875706214689266 0.9404349674989367 0.5889830508474576 0.9358787436972238 0.5978107344632768 0.939675596865318 0.6055790960451978 0.9419537087661746 0.6055790960451978 0.9332209464795577 0.6034604519774012 0.9229694429257032 0.5978107344632768 0.9149960512727052 0.5949858757062148 0.907782030253326 0.5893361581920904 0.9043648624020412 0.58545197740113 0.9081617155701356 0.5798022598870056 0.9055039183524695 0.5755649717514125 0.9062632889860883
9 0.6960470085470085 0.9621013693594338 0.6885683760683761 0.9563574120025733 0.6784188034188035 0.9615269736237478 0.6800213675213675 0.9758868670158991 0.6842948717948717 0.9873747817296203 0.6875 0.9965651135005973 0.6976495726495726 0.9982883007076554 0.6965811965811965 0.9908211561437367 0.7013888888888888 0.9845028030511901 0.7029914529914529 0.9735892840731549 0.7003205128205128 0.9661221395092362
9 0.8098290598290597 0.44399641577060933 0.7991452991452991 0.4531867475415863 0.7927350427350427 0.4468683944490396 0.7932692307692307 0.45950510063413286 0.7911324786324786 0.47214180681922613 0.7884615384615384 0.480757742854517 0.7831196581196581 0.4773113684404006 0.7740384615384616 0.47156741108354006 0.767094017094017 0.47558818123334246 0.7649572649572649 0.4842041172686333 0.7564102564102564 0.48994807462549395 0.7558760683760684 0.4962664277180405 0.7483974358974359 0.5043079680176454 0.7681623931623931 0.5014359893392152 0.7697649572649573 0.49282005330392425 0.7767094017094016 0.49396884477529635 0.780982905982906 0.5008615936035291 0.7905982905982906 0.49913840639647084 0.7991452991452991 0.49511763624666844 0.8039529914529915 0.5048823637533314 0.7954059829059829 0.5060311552247035 0.7911324786324786 0.5134982997886224 0.7948717948717948 0.5180934656741107 0.7959401709401709 0.5261350059737157 0.8028846153846154 0.520391048616855 0.8103632478632479 0.5100519253745059 0.813034188034188 0.5100519253745059 0.8050213675213675 0.5226886315595992 0.8098290598290597 0.5313045675948901 0.8210470085470085 0.5290069846521459 0.828525641025641 0.529581380387832 0.8424145299145299 0.5284325889164598 0.8552350427350427 0.5244118187666574 0.8547008547008547 0.5060311552247035 0.8408119658119657 0.5077543424317618 0.8360042735042735 0.49913840639647084 0.8466880341880342 0.49396884477529635 0.8536324786324786 0.48765049168274965 0.8557692307692307 0.4784601599117728 0.861111111111111 0.47214180681922613 0.8573717948717948 0.4629514750482492 0.860042735042735 0.4566331219557026 0.8739316239316239 0.45950510063413286 0.8931623931623932 0.46467466225530735 0.8942307692307693 0.4566331219557026 0.8867521367521366 0.4462939987133535 0.8771367521367521 0.4376780626780627 0.8685897435897436 0.4382524584137487 0.861111111111111 0.4273389394357136 0.8509615384615384 0.42102058634316697 0.843482905982906 0.41699981619336457 0.8386752136752136 0.42102058634316697 0.8317307692307693 0.4238925650215973 0.8269230769230769 0.42963652237845784 0.8215811965811965 0.4279133351713997 0.8135683760683761 0.43021091811414397 0.8082264957264956 0.43595487547100453
9 0.8242521367521367 0.549685231136844 0.8151709401709402 0.55025962687253 0.8071581196581196 0.5565779799650767 0.8050213675213675 0.5663427074717396 0.8044871794871795 0.5772562264497747 0.8039529914529915 0.5875953496921238 0.8050213675213675 0.6013808473485892 0.8135683760683761 0.6076992004411359 0.8258547008547008 0.6036784302913335 0.8360042735042735 0.5979344729344729 0.8408119658119657 0.5881697454278099 0.8418803418803419 0.5772562264497747 0.8450854700854701 0.56921468615017 0.8418803418803419 0.5617475415862512 0.8338675213675214 0.5548547927580185
9 0.860042735042735 0.48248093006157516 0.8664529914529914 0.49339444903961027 0.8723290598290598 0.5054567594890175 0.8760683760683761 0.4968408234537266 0.8835470085470085 0.4859273044756915 0.8883547008547007 0.47673697270471455 0.8851495726495725 0.4732905982905982 0.8766025641025641 0.4784601599117728 0.8696581196581197 0.4727162025549122
9 0.911723163841808 0.44000971994411026 0.907132768361582 0.45064090881477425 0.9166666666666666 0.46089241236862893 0.9258474576271186 0.4563361885669157 0.9350282485875707 0.45177996476520255 0.9254943502824861 0.4411487758945386 0.9163135593220338 0.4278597898062086 0.9127824858757062 0.4293785310734463 0.911723163841808 0.4350738108255877
9 0.6345338983050848 0.3667304537998906 0.634180790960452 0.3773616426705546 0.6310028248587571 0.38153818115545834 0.6257062146892656 0.3712866776016038 0.6179378531073447 0.36597108316627175 0.6122881355932204 0.36103517404774915 0.6165254237288136 0.3542008383451795 0.6260593220338984 0.3504039851770852 0.6377118644067797 0.3492649292266569 0.6490112994350283 0.3504039851770852 0.6557203389830509 0.3500242998602758 0.6620762711864407 0.3393931109896118 0.6705508474576272 0.3450883907417532 0.675141242937853 0.35382115302837003 0.6807909604519774 0.3542008383451795 0.6747881355932204 0.36027580341413035 0.67090395480226 0.3667304537998906 0.6719632768361582 0.3758429014033169 0.6730225988700566 0.3800194398882206 0.6680790960451978 0.38989125812526576 0.6624293785310735 0.3921693700261223 0.658545197740113 0.3838162930563149 0.6536016949152542 0.3773616426705546 0.6493644067796611 0.3712866776016038 0.644774011299435 0.36711013911670004
9 0.7254273504273504 0.37277134454553806 0.7280982905982906 0.3670273871886775 0.7174145299145299 0.3658785957173054 0.7120726495726495 0.37277134454553806 0.7131410256410255 0.381961676316515 0.719551282051282 0.3905776123518059 0.7264957264957265 0.39861915265141074 0.736111111111111 0.4037887142725852 0.749465811965812 0.4020655270655271 0.7596153846153846 0.3997679441227828 0.7617521367521367 0.3923007995588641 0.7606837606837606 0.38311046778788715 0.7692307692307693 0.38425925925925924 0.7638888888888888 0.3767921146953405 0.7569444444444444 0.3698993658671078 0.7526709401709402 0.3676017829243636 0.750534188034188 0.37621771895965445 0.7414529914529915 0.3767921146953405 0.734508547008547 0.37277134454553806
9 0.7264957264957265 0.41355344177924824 0.7136752136752136 0.42274377355022513 0.719551282051282 0.4267645437000276 0.719551282051282 0.441124437092179 0.7275641025641025 0.4388268541494348 0.7323717948717948 0.4382524584137487 0.734508547008547 0.43135970958551606 0.7441239316239315 0.43078531384983 0.7526709401709402 0.42159498207885304 0.7548076923076923 0.4141278375149343 0.7467948717948717 0.41297904604356217 0.7435897435897435 0.40666069295101553 0.7377136752136753 0.40895827589375977
9 0.7588276836158192 0.35799769151327376 0.7478813559322035 0.3583773768300832 0.7482344632768362 0.364452341899034 0.7602401129943503 0.36711013911670004 0.7694209039548023 0.36824919506712833 0.7764830508474576 0.37014762165117543 0.782132768361582 0.3758429014033169 0.7874293785310735 0.37166636291841315 0.7838983050847458 0.36824919506712833 0.7902542372881356 0.3640726565822246 0.7891949152542374 0.3595164327805115 0.7807203389830509 0.3560992649292266 0.7740112994350283 0.34812587327622857 0.7662429378531074 0.34736650264260976 0.7634180790960452 0.3560992649292266
9 0.7757768361581922 0.3982443350950732 0.7708333333333334 0.3914099993925035 0.7658898305084747 0.39406779661016944 0.7704802259887006 0.4039396148472146 0.7757768361581922 0.40963489459935604 0.7814265536723164 0.40735678269849945 0.7899011299435028 0.41039426523297484 0.7983757062146892 0.4081161533321183 0.8012005649717514 0.40052244699592976 0.8015536723163842 0.39368811129336 0.792725988700565 0.3853350343235526 0.7824858757062148 0.3800194398882206 0.7754237288135594 0.3864740902739809 0.7807203389830509 0.39406779661016944 0.7856638418079097 0.3997630763623109 0.7891949152542374 0.4028005588967863 0.7856638418079097 0.4054583561144523
9 0.800141242937853 0.31964947451552145 0.7994350282485876 0.3253447542676629 0.8072033898305085 0.33331814592066095 0.8061440677966102 0.3253447542676629 0.8142655367231639 0.3219275864163781 0.820268361581921 0.32724318085171006 0.830861581920904 0.3302806633861855 0.8411016949152542 0.33331814592066095 0.8411016949152542 0.3287619221189478 0.8287429378531074 0.32344632768361575 0.8234463276836159 0.3181307332482838 0.821680790960452 0.3116760828625235 0.8149717514124294 0.3124354534961424 0.8135593220338984 0.3181307332482838
9 0.503177966101695 0.45443776198286856 0.49858757062146897 0.46089241236862893 0.5017655367231638 0.4700048599720552 0.5049435028248588 0.4635502095862949 0.5116525423728814 0.4616517830022478 0.5155367231638418 0.45975335641820064 0.510593220338983 0.45557681793329685 0.5102401129943502 0.45102059413158374 0.5063559322033899 0.44988153818115545
0 0.2560137457044674 0.5078428112182685 0.25064432989690727 0.509459409525921 0.24763745704467355 0.5138473192181208 0.24914089347079038 0.519851827217973 0.25408075601374575 0.5203137124487307 0.2598797250859107 0.5191589993718361 0.2607388316151203 0.5147710896796365 0.2581615120274914 0.5089975242951631
0 0.26761168384879724 0.459806747219451 0.26310137457044674 0.4611924029117245 0.2603092783505155 0.46511842737316633 0.2613831615120275 0.47089199275763965 0.265893470790378 0.47435613198832355 0.27061855670103097 0.472739533680671 0.27190721649484534 0.4669659682961978
0 0.29359965635738833 0.45103092783505155 0.28844501718213056 0.4517237556811884 0.28479381443298973 0.45634260798876697 0.2845790378006873 0.4635018290655138 0.287585910652921 0.46881350921922926 0.2929553264604811 0.46835162398847136 0.2972508591065292 0.4646565421424084 0.29961340206185566 0.45911391937331414 0.2985395189003437 0.4544950670657355
0 0.3492268041237114 0.36003953737575284 0.3453608247422681 0.36003953737575284 0.34235395189003437 0.3625799061449211 0.34235395189003437 0.36742970106787864 0.3453608247422681 0.3711247829139415 0.3503006872852234 0.3699700698370469 0.3528780068728522 0.36650593060636294 0.35158934707903783 0.36165613568340543
0 0.37779209621993126 0.40207109337471825 0.3747852233676976 0.4032258064516129 0.37220790378006874 0.40715183091305474 0.37285223367697595 0.41130879798987546 0.37650343642611683 0.41477293722055947 0.38079896907216493 0.41338728152828585 0.38208762886597936 0.4089993718360862 0.38165807560137455 0.40553523260540225
0 0.415807560137457 0.476203672911355 0.4117268041237114 0.4782821564497654 0.41022336769759454 0.4842866644496176 0.41237113402061853 0.48959834460333296 0.4177405498281787 0.4889055167571962 0.41988831615120276 0.48290100875734393 0.41988831615120276 0.4785130990651443
0 0.43578178694158076 0.4577282636810405 0.4325601374570447 0.4586520341425563 0.4312714776632303 0.4635018290655138 0.43320446735395196 0.46835162398847136 0.43792955326460486 0.4690444518346082 0.4407216494845361 0.46534936998854526 0.44050687285223367 0.4611924029117245
0 0.8775773195876287 0.37943871706758303 0.8743556701030929 0.37874588922144625 0.8722079037800688 0.3812862579906145 0.8722079037800688 0.38498133983667737 0.8752147766323024 0.3872907659904667 0.8777920962199314 0.38682888075970884 0.8792955326460481 0.38405756937516167
