13 0.29137073863636365 0.5832741477272727 0.27450284090909094 0.5681818181818181 0.25497159090909094 0.5770596590909091 0.2540838068181819 0.5912642045454546 0.2727272727272728 0.6072443181818181
13 0.3677201704545455 0.5513139204545454 0.35351562500000006 0.5513139204545454 0.3508522727272728 0.5699573863636364 0.35973011363636365 0.5868252840909091 0.37304687500000006 0.5806107954545454 0.37482244318181823 0.5681818181818181
13 0.6917613636363636 0.17933238636363635 0.67578125 0.1864346590909091 0.6695667613636364 0.2077414772727273 0.67578125 0.22816051136363638 0.6899857954545455 0.2334872159090909 0.7024147727272727 0.21661931818181818 0.7015269886363636 0.19886363636363635
13 0.5150923295454546 0.41370738636363635 0.5 0.42080965909090906 0.4920099431818182 0.4376775568181818 0.4955610795454546 0.45632102272727276 0.5106534090909091 0.4572088068181818 0.5213068181818181 0.44566761363636365 0.5239701704545455 0.4296875
13 0.5532670454545455 0.6276633522727273 0.5426136363636364 0.615234375 0.529296875 0.6223366477272727 0.5239701704545455 0.6436434659090909 0.5337357954545455 0.6551846590909091 0.5506036931818181 0.6516335227272727
13 0.5506036931818181 0.7040127840909091 0.5399502840909091 0.7084517045454546 0.5328480113636364 0.7253196022727273 0.5381747159090909 0.7412997159090909 0.5550426136363636 0.7404119318181819 0.5674715909090909 0.7244318181818181 0.5639204545454546 0.7111150568181819
13 0.48313210227272724 0.8212002840909092 0.46981534090909094 0.8185369318181819 0.46182528409090906 0.8336292613636364 0.4627130681818182 0.8567116477272727 0.4760298295454546 0.8584872159090908 0.48934659090909094 0.8425071022727273 0.48934659090909094 0.8309659090909092
13 0.3934659090909091 0.4057173295454546 0.38281250000000006 0.42258522727272724 0.3970170454545455 0.44566761363636365 0.40500710227272724 0.4314630681818182 0.40234375 0.4154829545454546
13 0.6251775568181819 0.5317826704545454 0.6154119318181819 0.5424360795454546 0.6145241477272727 0.5610795454545454 0.6234019886363636 0.5708451704545454 0.6322798295454546 0.5610795454545454 0.6331676136363636 0.5486505681818181
0 0.6171875 0.6977982954545454 0.6083096590909091 0.703125 0.6056463068181819 0.712890625 0.6154119318181819 0.7164417613636364 0.6216264204545455 0.7093394886363636
13 0.46448863636363635 0.3533380681818182 0.46360085227272724 0.33647017045454547 0.45472301136363635 0.3204900568181818 0.4458451704545455 0.3435724431818182 0.451171875 0.3737571022727273 0.4653764204545455 0.37553267045454547
13 0.4103338068181818 0.5166903409090909 0.3996803977272728 0.517578125 0.39435369318181823 0.5300071022727273 0.4005681818181818 0.5442116477272727 0.41299715909090906 0.5495383522727273 0.42276278409090906 0.5397727272727273 0.42453835227272724 0.52734375
13 0.27183948863636365 0.5237926136363636 0.26207386363636365 0.52734375 0.26207386363636365 0.5397727272727273 0.2691761363636364 0.5504261363636364 0.2798295454545455 0.5450994318181819 0.2807173295454546 0.5353338068181819
13 0.40855823863636365 0.8904474431818181 0.39612926136363635 0.8948863636363636 0.39435369318181823 0.9090909090909092 0.40145596590909094 0.9188565340909092 0.41921164772727276 0.9206321022727273 0.4263139204545455 0.9099786931818181 0.42276278409090906 0.8984375
13 0.49644886363636365 0.11629971590909091 0.48668323863636365 0.11186079545454546 0.4822443181818182 0.13050426136363635 0.490234375 0.14204545454545453 0.5008877840909091 0.13139204545454547
0 0.6917613636363636 0.17933238636363635 0.67578125 0.1864346590909091 0.6695667613636364 0.2077414772727273 0.67578125 0.22816051136363638 0.6899857954545455 0.2334872159090909 0.7024147727272727 0.21661931818181818 0.7015269886363636 0.19886363636363635
0 0.5150923295454546 0.41370738636363635 0.5 0.42080965909090906 0.4920099431818182 0.4376775568181818 0.4955610795454546 0.45632102272727276 0.5106534090909091 0.4572088068181818 0.5213068181818181 0.44566761363636365 0.5239701704545455 0.4296875
0 0.5532670454545455 0.6276633522727273 0.5426136363636364 0.615234375 0.529296875 0.6223366477272727 0.5239701704545455 0.6436434659090909 0.5337357954545455 0.6551846590909091 0.5506036931818181 0.6516335227272727
0 0.48313210227272724 0.8212002840909092 0.46981534090909094 0.8185369318181819 0.46182528409090906 0.8336292613636364 0.4627130681818182 0.8567116477272727 0.4760298295454546 0.8584872159090908 0.48934659090909094 0.8425071022727273 0.48934659090909094 0.8309659090909092
0 0.40855823863636365 0.8904474431818181 0.39612926136363635 0.8948863636363636 0.39435369318181823 0.9090909090909092 0.40145596590909094 0.9188565340909092 0.41921164772727276 0.9206321022727273 0.4263139204545455 0.9099786931818181 0.42276278409090906 0.8984375
0 0.5506036931818181 0.7040127840909091 0.5399502840909091 0.7084517045454546 0.5328480113636364 0.7253196022727273 0.5381747159090909 0.7412997159090909 0.5550426136363636 0.7404119318181819 0.5674715909090909 0.7244318181818181 0.5639204545454546 0.7111150568181819
13 0.6251775568181819 0.5317826704545454 0.6154119318181819 0.5424360795454546 0.6145241477272727 0.5610795454545454 0.6234019886363636 0.5708451704545454 0.6322798295454546 0.5610795454545454 0.6331676136363636 0.5486505681818181
0 0.27183948863636365 0.5237926136363636 0.26207386363636365 0.52734375 0.26207386363636365 0.5397727272727273 0.2691761363636364 0.5504261363636364 0.2798295454545455 0.5450994318181819 0.2807173295454546 0.5353338068181819
0 0.29137073863636365 0.5832741477272727 0.27450284090909094 0.5681818181818181 0.25497159090909094 0.5770596590909091 0.2540838068181819 0.5912642045454546 0.2727272727272728 0.6072443181818181
0 0.3677201704545455 0.5513139204545454 0.35351562500000006 0.5513139204545454 0.3508522727272728 0.5699573863636364 0.35973011363636365 0.5868252840909091 0.37304687500000006 0.5806107954545454 0.37482244318181823 0.5681818181818181
0 0.4103338068181818 0.5166903409090909 0.3996803977272728 0.517578125 0.39435369318181823 0.5300071022727273 0.4005681818181818 0.5442116477272727 0.41299715909090906 0.5495383522727273 0.42276278409090906 0.5397727272727273 0.42453835227272724 0.52734375
0 0.3934659090909091 0.4057173295454546 0.38281250000000006 0.42258522727272724 0.3970170454545455 0.44566761363636365 0.40500710227272724 0.4314630681818182 0.40234375 0.4154829545454546
0 0.49644886363636365 0.11629971590909091 0.48668323863636365 0.11186079545454546 0.4822443181818182 0.13050426136363635 0.490234375 0.14204545454545453 0.5008877840909091 0.13139204545454547
0 0.46448863636363635 0.3533380681818182 0.46360085227272724 0.33647017045454547 0.45472301136363635 0.3204900568181818 0.4458451704545455 0.3435724431818182 0.451171875 0.3737571022727273 0.4653764204545455 0.37553267045454547
0 0.6251775568181819 0.5317826704545454 0.6154119318181819 0.5424360795454546 0.6145241477272727 0.5610795454545454 0.6234019886363636 0.5708451704545454 0.6322798295454546 0.5610795454545454 0.6331676136363636 0.5486505681818181
13 0.5857798991354467 0.7159131844380403 0.5763238472622478 0.712761167146974 0.5736221181556196 0.7208663544668588 0.5848793227665705 0.7294218299711815
0 0.5857798991354467 0.7159131844380403 0.5763238472622478 0.712761167146974 0.5736221181556196 0.7208663544668588 0.5848793227665705 0.7294218299711815
13 0.36063580691642655 0.9469110230547552 0.3529809077809799 0.945560158501441 0.3475774495677234 0.9500630403458213 0.3466768731988473 0.9586185158501441 0.3529809077809799 0.9644722622478387 0.3601855187319885 0.9613202449567725 0.36378782420749284 0.956367074927954
13 0.46600324207492794 0.7280709654178674 0.4587986311239193 0.7316732708933718 0.4569974783861671 0.7402287463976945 0.4624009365994236 0.7460824927953891 0.47050612391930835 0.7420298991354467 0.4709564121037464 0.734375
0 0.46600324207492794 0.7280709654178674 0.4587986311239193 0.7316732708933718 0.4569974783861671 0.7402287463976945 0.4624009365994236 0.7460824927953891 0.47050612391930835 0.7420298991354467 0.4709564121037464 0.734375
0 0.36063580691642655 0.9469110230547552 0.3529809077809799 0.945560158501441 0.3475774495677234 0.9500630403458213 0.3466768731988473 0.9586185158501441 0.3529809077809799 0.9644722622478387 0.3601855187319885 0.9613202449567725 0.36378782420749284 0.956367074927954
13 0.4056646253602305 0.5916336455331412 0.39981087896253603 0.5979376801152737 0.39846001440922196 0.6069434438040345 0.4007114553314121 0.6163994956772334 0.4047640489913545 0.6222532420749279 0.4097172190201729 0.6159492074927954 0.41061779538904897 0.6087445965417867 0.40926693083573484 0.6024405619596542
0 0.4056646253602305 0.5916336455331412 0.39981087896253603 0.5979376801152737 0.39846001440922196 0.6069434438040345 0.4007114553314121 0.6163994956772334 0.4047640489913545 0.6222532420749279 0.4097172190201729 0.6159492074927954 0.41061779538904897 0.6087445965417867 0.40926693083573484 0.6024405619596542
13 0.5020262968299711 0.4745587175792507 0.4997748559077809 0.4876170749279539 0.5006754322766571 0.49932456772334294 0.5123829250720461 0.5042777377521614 0.5204881123919308 0.5020262968299711 0.5200378242074928 0.49257024495677226 0.5150846541786743 0.4826639048991354 0.5096811959654178 0.47771073487031696
13 0.3813490634005764 0.37414445244956773 0.37324387608069165 0.3804484870317003 0.3700918587896254 0.39080511527377526 0.37459474063400583 0.39936059077809805 0.38405079250720464 0.40116174351585016 0.3935068443804035 0.3971091498559078 0.39891030259365995 0.38945425072046114 0.39800972622478387 0.3813490634005764 0.39080511527377526 0.37639589337175794
0 0.3813490634005764 0.37414445244956773 0.37324387608069165 0.3804484870317003 0.3700918587896254 0.39080511527377526 0.37459474063400583 0.39936059077809805 0.38405079250720464 0.40116174351585016 0.3935068443804035 0.3971091498559078 0.39891030259365995 0.38945425072046114 0.39800972622478387 0.3813490634005764 0.39080511527377526 0.37639589337175794
0 0.5020262968299711 0.4745587175792507 0.4997748559077809 0.4876170749279539 0.5006754322766571 0.49932456772334294 0.5123829250720461 0.5042777377521614 0.5204881123919308 0.5020262968299711 0.5200378242074928 0.49257024495677226 0.5150846541786743 0.4826639048991354 0.5096811959654178 0.47771073487031696
