4 0.1275252525252525 0.5093124733929332 0.10311447811447812 0.5372498935717327 0.09722222222222222 0.5744997871434653 0.09806397306397306 0.621062154108131 0.09806397306397306 0.6662941677309494 0.10395622895622895 0.7141868880374628 0.12499999999999997 0.7607492550021286 0.15782828282828282 0.7979991485738612 0.18308080808080804 0.8285972754363559 0.20496632996632994 0.8379097488292891 0.23779461279461275 0.8232758620689655 0.26809764309764306 0.8059812686249469 0.2925084175084175 0.7833652618135376 0.30934343434343436 0.7514367816091954 0.327020202020202 0.7208386547467008 0.3547979797979797 0.683588761174968 0.3834175084175084 0.641017454235845 0.38257575757575757 0.6157407407407407 0.3758417508417508 0.5851426138782461 0.364057239057239 0.5691783737760749 0.33964646464646464 0.5811515538527032 0.30260942760942755 0.5904640272456365 0.2748316498316498 0.5957854406130269 0.24031986531986532 0.5971157939548745 0.210016835016835 0.5824819071945508 0.1839225589225589 0.5611962537249894 0.15782828282828282 0.5372498935717327 0.1435185185185185 0.5212856534695616
4 0.6233164983164983 0.5638569604086846 0.6123737373737373 0.5891336739037889 0.6064814814814815 0.6263835674755215 0.6182659932659933 0.6623031077054066 0.6519360269360269 0.7155172413793104 0.6847643097643098 0.7567581949765858 0.7074915824915825 0.7873563218390804 0.7352693602693603 0.8019902085994041 0.7655723905723906 0.7940080885483184 0.8026094276094276 0.7647403150276715 0.827020202020202 0.7261600681140912 0.8455387205387206 0.6849191145168158 0.8505892255892256 0.6423478075776926 0.8472222222222222 0.6064282673478075 0.8253367003367003 0.5705087271179226 0.7984006734006734 0.5997765006385696 0.7537878787878788 0.6144103873988931 0.71506734006734 0.6077586206896551 0.6738215488215488 0.5917943805874841 0.6485690235690236 0.5798212005108556
2 0.5874422187981511 0.7340858172608611 0.5839753466872111 0.7365210403272939 0.5847457627118644 0.7426090979933762 0.5893682588597844 0.7426090979933762 0.5912942989214176 0.7389562633937269
2 0.6149859641546103 0.7484232942910968 0.6130425394083352 0.7494471291670078 0.6136903476570935 0.7535424686706528 0.6158497084862881 0.7532011903786825
2 0.5951198445260203 0.7924481939552789 0.5957676527747786 0.7968848117508942 0.5987907579356511 0.7958609768749829
2 0.574605916648672 0.6508177027875611 0.572230619736558 0.654230485707265 0.574605916648672 0.6562781554590875 0.576981213560786 0.654913042291206
2 0.4269056359317642 0.6337537881890409 0.425394083351328 0.6398967974445082 0.427769380263442 0.642285745488301 0.4292809328438782 0.6371665711087449
2 0.2057870870222414 0.9583094438528954 0.20902612826603326 0.957968165560925 0.20902612826603326 0.9634286182324514 0.20643489527099979 0.9637698965244219
2 0.2288922478946232 0.9200862751522101 0.2288922478946232 0.9248641712397958 0.22716475923126753 0.9313484587872334 0.23191535305549557 0.9327135719551152 0.2338587778017707 0.9248641712397958 0.23321096955301232 0.9180386054003877
18 0.7294320881019218 0.8845933327872881 0.7259771107752105 0.8849346110792585 0.7236018138630965 0.886982280831081 0.7229540056143381 0.8924427335026074 0.7251133664435327 0.8982444644661043 0.729000215936083 0.8996095776339859 0.7331030015115525 0.8979031861741338 0.7343986180090692 0.8931252900865481 0.733318937594472 0.8890299505829035
18 0.7106456488879291 0.9729844104076227 0.7076225437270568 0.974008245283534 0.7067587993953789 0.9798099762470309 0.7095659684733319 0.9832227591667348 0.7130209458000432 0.9808338111229422 0.7138846901317211 0.9760559150353565
