5 0.28769083969465653 0.3711832061068703 0.2626431297709924 0.38788167938931306 0.2602576335877863 0.4260496183206107 0.2686068702290077 0.4689885496183207 0.2853053435114504 0.5119274809160306 0.31512404580152675 0.5500954198473282 0.3628339694656489 0.5322041984732825 0.3687977099236642 0.5 0.3532919847328245 0.47853053435114506 0.34375000000000006 0.45229007633587787 0.31870229007633594 0.4343988549618321 0.30081106870229013 0.4069656488549619
5 0.45586832061068705 0.4379770992366413 0.4284351145038169 0.4451335877862596 0.43201335877862607 0.5691793893129772 0.4630248091603054 0.6216603053435115 0.5023854961832062 0.5989980916030535 0.5131202290076337 0.5489026717557253 0.5023854961832062 0.5322041984732825 0.5035782442748091 0.5 0.544131679389313 0.4797232824427481 0.5560591603053435 0.45109732824427484 0.5119274809160306 0.45825381679389315 0.474952290076336 0.45229007633587787
5 0.6145038167938932 0.45348282442748095 0.5846851145038168 0.45706106870229013 0.591841603053435 0.49761450381679395 0.6049618320610687 0.5166984732824428 0.6300095419847329 0.5345896946564885 0.6514790076335878 0.5691793893129772 0.65625 0.6204675572519085 0.6729484732824428 0.5954198473282444 0.6860687022900762 0.5799141221374046 0.677719465648855 0.5632156488549619 0.6908396946564885 0.5393606870229009 0.7158874045801527 0.5369751908396947 0.7445133587786259 0.5238549618320612 0.7421278625954197 0.4988072519083969 0.720658396946565 0.47853053435114506 0.7123091603053435 0.45467557251908397 0.6574427480916031 0.45706106870229013
5 0.7325858778625955 0.7743320610687023 0.7254293893129772 0.8125 0.701574427480916 0.8351622137404581 0.700381679389313 0.857824427480916 0.7158874045801527 0.8721374045801527 0.6956106870229007 0.9138835877862596 0.701574427480916 0.923425572519084 0.745706106870229 0.8900286259541985 0.7767175572519085 0.8625954198473282 0.7731393129770993 0.7659828244274809 0.7504770992366412 0.789837786259542
5 0.1946564885496184 0.7731393129770993 0.18272900763358782 0.7958015267175573 0.18988549618320616 0.8303912213740459 0.20181297709923673 0.8602099236641221 0.2197041984732825 0.8673664122137404 0.2375954198473283 0.8387404580152673 0.24117366412213745 0.8065362595419847 0.23043893129771004 0.7850667938931297 0.21493320610687028 0.7731393129770993
12 0.4165076335877863 0.0002385496183206645 0.4057729007633588 0.049141221374045856 0.4033874045801527 0.09804389312977105 0.4033874045801527 0.14217557251908403 0.3986164122137405 0.163645038167939 0.37833969465648865 0.16960877862595425 0.3759541984732825 0.19942748091603058 0.40219465648854963 0.20658396946564891 0.43559160305343525 0.18034351145038172 0.4689885496183207 0.14575381679389318 0.47256679389312983 0.10520038167938936 0.4689885496183207 0.05987595419847334 0.4654103053435115 0.01574427480916036 0.4699086695747002 0.0
12 0.6192748091603054 0.2041984732824428 0.5906488549618321 0.20300572519083976 0.5870706106870228 0.23282442748091609 0.5966125954198473 0.2626431297709924 0.6156965648854962 0.28888358778625955 0.6371660305343511 0.30796755725190844 0.6502862595419847 0.33540076335877866 0.6741412213740459 0.33062977099236646 0.676526717557252 0.30558206106870234 0.6657919847328244 0.27457061068702293 0.65625 0.254293893129771 0.6419370229007633 0.23520992366412216 0.631202290076336 0.22089694656488557
12 0.5298187022900764 0.0 0.5333969465648856 0.0038167938931298246 0.5286259541984734 0.05152671755725195 0.5357824427480917 0.09685114503816798 0.5656011450381679 0.13382633587786266 0.6061545801526718 0.163645038167939 0.635973282442748 0.16960877862595425 0.6729484732824428 0.1708015267175573 0.6836832061068702 0.14575381679389318 0.677719465648855 0.10281488549618327 0.6801049618320612 0.07180343511450386 0.6729484732824428 0.0479484732824428 0.6479007633587786 0.03363549618320616 0.6455152671755725 0.0026240458015267714
12 0.5357824427480917 0.15887404580152678 0.5250477099236642 0.163645038167939 0.5298187022900764 0.24594465648854968 0.5691793893129772 0.24475190839694663 0.5799141221374047 0.20777671755725197 0.5966125954198473 0.16722328244274814 0.5811068702290078 0.163645038167939 0.5727576335877863 0.14336832061068708 0.5572519083969466 0.14336832061068708
12 0.8661736641221374 0.0026240458015267714 0.8673664122137404 0.05510496183206113 0.876908396946565 0.08253816793893134 0.9158464566929133 0.08784448818897635 0.9448950381679388 0.1350190839694657 0.9747137404580153 0.15887404580152678 0.9878339694656489 0.13979007633587792 0.9949904580152671 0.09804389312977105 0.9949904580152671 0.061068702290076396 0.9830629770992367 0.03244274809160311 0.9663645038167938 0.001431297709923718
12 0.8232347328244275 0.2495229007633588 0.7862595419847327 0.2507156488549619 0.7862595419847327 0.27695610687022904 0.8232347328244275 0.3091603053435115 0.8530534351145038 0.3449427480916031 0.8757156488549619 0.38668893129771 0.8959923664122137 0.4069656488549619 0.923425572519084 0.38788167938931306 0.9186545801526718 0.3520992366412214 0.8936068702290075 0.31512404580152675 0.8709446564885497 0.2853053435114504 0.8435114503816793 0.26145038167938933
5 0.3020038167938932 0.8673664122137404 0.21851145038167946 0.8685591603053435 0.21612595419847333 0.904341603053435 0.25190839694656497 0.9937977099236642 0.6574427480916031 0.9973759541984734 0.6479007633587786 0.9532442748091603 0.6467080152671756 0.904341603053435 0.610925572519084 0.9353530534351145 0.5727576335877863 0.9484732824427482 0.5322041984732826 0.9484732824427482 0.4916507633587786 0.946087786259542 0.43797709923664135 0.943702290076336 0.4141221374045802 0.9448950381679391 0.3986164122137405 0.9270038167938932 0.4057729007633588 0.9103053435114503 0.35567748091603063 0.9114980916030534 0.3282442748091604 0.9031488549618321
5 0.22328244274809167 0.6586354961832062 0.21374045801526723 0.6860687022900763 0.21254770992366417 0.7397423664122138 0.1815362595419848 0.7397423664122138 0.18750000000000006 0.7492843511450382 0.2197041984732825 0.7480916030534351 0.24952290076335887 0.7325858778625954 0.25906488549618323 0.6968034351145038 0.25906488549618323 0.6645992366412214 0.24952290076335887 0.6550572519083969
6 0.2469544491525424 0.1575741525423729 0.23834745762711865 0.16154661016949154 0.2396716101694915 0.1754502118644068 0.2489406779661017 0.1741260593220339
6 0.2396716101694915 0.1853813559322034 0.2396716101694915 0.19796080508474578 0.2469544491525424 0.1999470338983051 0.2469544491525424 0.1873675847457627
6 0.21385063559322032 0.2562235169491526 0.20722987288135591 0.2582097457627119 0.20722987288135591 0.2714512711864407 0.21252648305084745 0.2787341101694915 0.21716101694915255 0.2714512711864407
6 0.1542637711864407 0.2661546610169492 0.14698093220338984 0.2661546610169492 0.14698093220338984 0.27542372881355937 0.15360169491525424 0.279396186440678
6 0.14352912303664925 0.3222758507853404 0.1378026832460733 0.3255481020942409 0.14102224576271188 0.33236228813559326 0.14925556282722513 0.3288203534031414
6 0.10924258474576272 0.36480402542372886 0.09864936440677967 0.36612817796610175 0.09931144067796611 0.3747351694915254 0.11255296610169492 0.3760593220338983
6 0.05561440677966102 0.20458156779661016 0.05627648305084746 0.2198093220338983 0.06554555084745764 0.234375 0.07018008474576272 0.2409957627118644 0.0748146186440678 0.234375 0.07349046610169492 0.20722987288135591
6 0.15539103403141363 0.31041393979057597 0.1533458769633508 0.31532231675392675 0.15661812827225133 0.3251390706806283 0.1639806937172775 0.31041393979057597
6 0.7739671610169492 0.24496822033898305 0.7733050847457628 0.26218220338983056 0.7832362288135594 0.2648305084745763 0.782574152542373 0.2489406779661017
6 0.7256274131274132 0.18930984555984556 0.7268339768339769 0.20137548262548263 0.738296332046332 0.2031853281853282 0.738296332046332 0.19111969111969113
6 0.5603281853281853 0.208011583011583 0.5591216216216217 0.2273166023166023 0.569980694980695 0.22550675675675674 0.5687741312741312 0.20740830115830114
6 0.41674710424710426 0.10786679536679536 0.41674710424710426 0.12053571428571427 0.4251930501930502 0.11932915057915057
6 0.4173503861003861 0.12475868725868725 0.4161438223938224 0.1356177606177606 0.4251930501930502 0.13380791505791506 0.4257963320463321 0.1241554054054054
6 0.277992277992278 0.08373552123552121 0.27859555984555984 0.10002413127413126 0.3087596525096525 0.10062741312741312 0.3093629343629344 0.09037162162162159 0.302726833976834 0.08373552123552121 0.29428088803088803 0.08132239382239378
6 0.13622104247104244 0.388996138996139 0.13682432432432431 0.39804536679536684 0.14768339768339767 0.40890444015444016 0.16216216216216214 0.41493725868725867 0.17362451737451737 0.4107142857142857 0.17000482625482624 0.4022683397683398 0.15793918918918917 0.40528474903474904 0.14949324324324323 0.40347490347490345
6 0.21826737451737452 0.3877895752895753 0.2170608108108108 0.4016650579150579 0.2206805019305019 0.4076978764478764 0.22671332046332043 0.39804536679536684 0.22550675675675674 0.38839285714285715
6 0.13139478764478763 0.2701496138996139 0.12234555984555984 0.2683397683397683 0.12837837837837834 0.277992277992278 0.13622104247104244 0.2749758687258687
6 0.10907335907335906 0.2810086872586873 0.09519787644787642 0.2798021235521235 0.09399131274131271 0.2876447876447876 0.10424710424710423 0.28885135135135137 0.1060569498069498 0.2936776061776062 0.11329633204633202 0.2906611969111969
6 0.0915781853281853 0.3093629343629344 0.09459459459459457 0.3166023166023166 0.10485038610038608 0.32384169884169883 0.11450289575289574 0.32203185328185324 0.11329633204633202 0.3153957528957529 0.10545366795366792 0.31298262548262545 0.11269305019305018 0.3093629343629344 0.10907335907335906 0.3033301158301158
6 0.7407094594594594 0.2484314671814672 0.7503619691119692 0.2635135135135135 0.7551882239382239 0.2623069498069498 0.7563947876447876 0.2580839768339768 0.7678571428571429 0.25386100386100385 0.7678571428571429 0.2484314671814672
6 0.4016650579150579 0.1718146718146718 0.3998552123552124 0.1875 0.409507722007722 0.18388030888030887 0.41373069498069504 0.16879826254826252 0.42097007722007723 0.16517857142857142 0.4251930501930502 0.17603764478764478 0.434242277992278 0.17362451737451737 0.43062258687258687 0.16578185328185327 0.42217664092664087 0.1591457528957529 0.4101110038610039 0.16095559845559843
6 0.4601833976833977 0.12536196911196912 0.4517374517374518 0.1319980694980695 0.4529440154440154 0.138030888030888 0.4625965250965251 0.13863416988416988 0.4650096525096525 0.13622104247104244
6 0.4451013513513513 0.1434604247104247 0.43786196911196906 0.14768339768339767 0.43846525096525096 0.1561293436293436 0.44570463320463316 0.15431949806949805 0.4487210424710425 0.14828667953667954
6 0.13018822393822393 0.3081563706563707 0.12294884169884168 0.3093629343629344 0.12355212355212353 0.32142857142857145 0.13682432432432431 0.31479247104247104
6 0.1434604247104247 0.3003137065637066 0.13682432432432431 0.3063465250965251 0.14708011583011582 0.30694980694980695
6 0.1513030888030888 0.28824806949806947 0.14647683397683395 0.2954874517374517 0.15069980694980695 0.30212355212355213 0.15673262548262548 0.29609073359073357
6 0.1742277992277992 0.2930743243243243 0.16638513513513514 0.29428088803088803 0.16879826254826252 0.30574324324324326 0.17543436293436293 0.3045366795366795
6 0.1820704633204633 0.29790057915057916 0.18810328185328185 0.3087596525096525 0.1935328185328185 0.302726833976834 0.19232625482625482 0.29669401544401547 0.18810328185328185 0.29428088803088803
6 0.12837837837837834 0.19111969111969113 0.11691602316602315 0.20680501930501932 0.138030888030888 0.20680501930501932
6 0.12958494208494206 0.17543436293436293 0.12958494208494206 0.18388030888030887 0.13622104247104244 0.1856901544401544 0.138030888030888 0.19473938223938222 0.15190637065637064 0.19594594594594594 0.14888996138996138 0.18689671814671813 0.14044401544401544 0.18267374517374518 0.13863416988416988 0.17483108108108109
6 0.13139478764478763 0.2315395752895753 0.12475868725868725 0.23214285714285712 0.1241554054054054 0.24119208494208494 0.13139478764478763 0.2405888030888031
6 0.536800193050193 0.19111969111969113 0.5512789575289576 0.19111969111969113 0.5512789575289576 0.20620173745173745 0.5452461389961389 0.20197876447876445 0.5386100386100386 0.2092181467181467
6 0.5434362934362935 0.21525096525096524 0.5440395752895754 0.22550675675675674 0.5416264478764479 0.23696911196911197 0.5512789575289576 0.24119208494208494 0.5573117760617761 0.23696911196911197 0.5548986486486487 0.22188706563706564 0.5542953667953668 0.21283783783783786
6 0.7407094594594594 0.273769305019305 0.7419160231660232 0.2846283783783784 0.7491554054054055 0.28643822393822393 0.7461389961389961 0.29126447876447875 0.7376930501930502 0.2930743243243243 0.7395028957528957 0.30393339768339767 0.7479488416988417 0.3033301158301158 0.7563947876447876 0.29126447876447875 0.7582046332046332 0.28643822393822393 0.7708735521235521 0.27437258687258687
6 0.15854247104247104 0.26291023166023164 0.15974903474903474 0.2761824324324324 0.16879826254826252 0.2767857142857143 0.17000482625482624 0.2635135135135135
6 0.42458976833976836 0.05658783783783781 0.42097007722007723 0.072273166023166 0.43062258687258687 0.07166988416988415 0.43001930501930496 0.0644305019305019
6 0.4155405405405405 0.07649613899613897 0.41131756756756754 0.08856177606177604 0.4251930501930502 0.08614864864864862
6 0.43665540540540543 0.11148648648648647 0.4336389961389961 0.1277750965250965 0.4420849420849421 0.1277750965250965 0.44027509652509655 0.12355212355212353 0.44268822393822393 0.11812258687258685 0.4475144787644788 0.11510617760617758 0.44570463320463316 0.11208976833976833
6 0.4469111969111969 0.10002413127413126 0.4396718146718147 0.09821428571428568 0.4420849420849421 0.11027992277992275 0.4475144787644788 0.10907335907335906
6 0.800434362934363 0.25386100386100385 0.804657335907336 0.2683397683397683 0.8149131274131275 0.2641167953667954 0.8125 0.25868725868725867
6 0.787765444015444 0.2623069498069498 0.7937982625482626 0.2635135135135135 0.7925916988416988 0.2725627413127413 0.7859555984555985 0.2731660231660232
6 0.9072152509652509 0.04572876447876446 0.9072152509652509 0.0632239382239382 0.9150579150579151 0.0632239382239382 0.9150579150579151 0.0451254826254826
6 0.15311293436293436 0.3733108108108108 0.15431949806949805 0.3938223938223938 0.1615588803088803 0.3938223938223938 0.16216216216216214 0.3751206563706564
6 0.6375482625482626 0.09700772200772198 0.6381515444015444 0.11812258687258685 0.6441843629343629 0.12113899613899612 0.6496138996138996 0.13079150579150578 0.6634893822393823 0.13139478764478763 0.6610762548262549 0.12475868725868725 0.6514237451737451 0.12174227799227796
6 0.7376930501930502 0.31418918918918914 0.7395028957528957 0.32625482625482627 0.7521718146718147 0.3250482625482626 0.7551882239382239 0.3178088803088803 0.7497586872586873 0.3123793436293436
6 0.19179482984293195 0.19833933246073301 0.18484129581151834 0.2032477094240838 0.18852257853403143 0.2081560863874346 0.19793030104712045 0.20651996073298431 0.20733802356020944 0.20202061518324613 0.1995664267015707 0.20038448952879584
6 0.21101930628272253 0.24455988219895292 0.19997545811518325 0.24660503926701574 0.18443226439790578 0.2470140706806283 0.1864774214659686 0.24824116492146603 0.19670320680628275 0.2502863219895288 0.21224640052356025 0.25314954188481675
6 0.18484129581151834 0.2519224476439791 0.18565935863874347 0.2609211387434555 0.1971122382198953 0.2588759816753927 0.20529286649214665 0.2580579188481676 0.2024296465968587 0.25396760471204194
6 0.13862074607329844 0.28669011780104714 0.129622054973822 0.28873527486911 0.12839496073298431 0.2932346204188482 0.11776014397905761 0.29241655759162305 0.11407886125654451 0.29487074607329844 0.1169420811518325 0.29855202879581155 0.12716786649214662 0.2997791230366492 0.13125818062827227 0.2977339659685864 0.13248527486910996 0.2936436518324608 0.139029777486911 0.29405268324607337
6 0.12103239528795813 0.34559064136125656 0.11653304973821992 0.3496809554973822 0.10957951570680631 0.35704352094240843 0.1169420811518325 0.3607248036649215 0.1238956151832461 0.3558164267015707
6 0.2257444371727749 0.3018242801047121 0.21388252617801048 0.2989610602094241 0.2118373691099477 0.3079597513089006 0.22492637434554977 0.3095958769633508
6 0.24046956806282727 0.2997791230366492 0.2421056937172775 0.30918684554973824 0.24742310209424087 0.3087778141361257 0.2470140706806283 0.30141524869109954
6 0.2236992801047121 0.3100049083769634 0.22533540575916233 0.31859456806282727 0.23637925392670162 0.31859456806282727 0.24046956806282727 0.31041393979057597
6 0.2421056937172775 0.31736747382198954 0.24087859947643983 0.3255481020942409 0.24537794502617802 0.32963841623036655 0.2486501963350786 0.3202306937172775
6 0.2331070026178011 0.32963841623036655 0.2245173429319372 0.3288203534031414 0.22410831151832467 0.33536485602094246 0.2400605366492147 0.3370009816753927
6 0.21429155759162305 0.3247300392670157 0.19997545811518325 0.3247300392670157 0.20202061518324613 0.3304564790575916 0.2118373691099477 0.33127454188481675 0.21224640052356025 0.3345467931937173 0.2151096204188482 0.33413776178010474
6 0.21306446335078538 0.3533622382198953 0.2044748036649215 0.35458933246073304 0.20283867801047126 0.36481511780104714 0.21224640052356025 0.3664512434554974 0.21470058900523564 0.36195189790575916 0.2257444371727749 0.35990674083769636 0.2257444371727749 0.35418030104712045 0.21797284031413616 0.34436354712041883
6 0.15498200261780107 0.3660422120418848 0.15661812827225133 0.3701325261780105 0.16684391361256545 0.37095058900523564 0.17461551047120422 0.36808736910994766
6 0.10058082460732987 0.3300474476439791 0.10180791884816756 0.33536485602094246 0.11653304973821992 0.335773887434555 0.1320762434554974 0.33536485602094246 0.12921302356020944 0.32922938481675396 0.12307755235602096 0.32595713350785344 0.11571498691099477 0.3255481020942409 0.11203370418848171 0.32922938481675396
6 0.1615265052356021 0.3247300392670157 0.16357166230366493 0.3308655104712042 0.1709342277486911 0.3304564790575916 0.1713432591623037 0.335773887434555 0.18688645287958117 0.3345467931937173 0.18729548429319373 0.3308655104712042 0.18156904450261782 0.32922938481675396 0.1807509816753927 0.32309391361256545
6 0.2024296465968587 0.2883262434554974 0.1934309554973822 0.28873527486911 0.19547611256544503 0.2936436518324608 0.2102012434554974 0.29405268324607337 0.21101930628272253 0.2895533376963351 0.2187909031413613 0.29078043193717285 0.2220631544502618 0.2834178664921466 0.20365674083769636 0.2825998036649215
6 0.22329024869109954 0.2879172120418848 0.2245173429319372 0.29855202879581155 0.23556119109947646 0.2965068717277487 0.2314708769633508 0.2911894633507854
6 0.19915739528795812 0.34559064136125656 0.1901587041884817 0.34436354712041883 0.19056773560209425 0.3533622382198953 0.19997545811518325 0.3549983638743456
6 0.2044748036649215 0.33495582460732987 0.2024296465968587 0.34354548429319376 0.21142833769633512 0.3464087041884817 0.21306446335078538 0.338637107329843
6 0.1214414267015707 0.3914021596858639 0.11366982984293197 0.3918111910994765 0.11244273560209425 0.39999181937172773 0.11857820680628275 0.404491164921466 0.1238956151832461 0.4012189136125654 0.12675883507853405 0.3946744109947644 0.12716786649214662 0.38731184554973824 0.12225948952879584 0.3860847513089006
6 0.1345304319371728 0.37626799738219896 0.12839496073298431 0.37626799738219896 0.12757689790575918 0.38690281413612565 0.13371236910994766 0.38731184554973824
6 0.14312009162303668 0.37667702879581155 0.14434718586387435 0.38853893979057597 0.14966459424083772 0.3864937827225131 0.14966459424083772 0.3758589659685864
6 0.129622054973822 0.4335323952879581 0.12798592931937175 0.45030268324607325 0.14025687172774873 0.45357493455497383 0.14148396596858642 0.4343504581151832 0.13698462041884818 0.4269878926701571
6 0.12553174083769636 0.4576652486910994 0.12225948952879584 0.46420975130890046 0.12471367801047122 0.4691181282722513 0.13003108638743457 0.4691181282722513 0.13248527486910996 0.4638007198952879 0.13044011780104714 0.4597104057591623
6 0.14721040575916233 0.458074280104712 0.13943880890052357 0.458074280104712 0.139029777486911 0.46830006544502617 0.15130071989528798 0.46830006544502617
6 0.139029777486911 0.4809800392670157 0.14025687172774873 0.4887516361256544 0.1500736256544503 0.48752454188481675 0.14925556282722513 0.4793439136125654
6 0.1238956151832461 0.47893488219895286 0.12225948952879584 0.48752454188481675 0.129622054973822 0.4887516361256544 0.13125818062827227 0.4846613219895287
6 0.08749181937172779 0.4936600130890052 0.08340150523560212 0.4969322643979058 0.08544666230366496 0.504294829842932 0.08585569371727753 0.5128844895287957 0.08953697643979061 0.5124754581151831 0.08953697643979061 0.4989774214659685
6 0.10221695026178013 0.3963105366492147 0.09403632198952883 0.39917375654450266 0.09403632198952883 0.4065363219895287 0.09853566753926704 0.4065363219895287 0.09935373036649217 0.4126717931937173 0.10671629581151836 0.4114446989528796
6 0.18484129581151834 0.38240346858638746 0.1864774214659686 0.39344731675392675 0.2118373691099477 0.3914021596858639 0.20161158376963356 0.3819944371727749
6 0.19261289267015708 0.4012189136125654 0.18443226439790578 0.4012189136125654 0.18279613874345552 0.4073543848167539 0.1901587041884817 0.40858147905759157 0.19915739528795812 0.40817244764397903 0.19997545811518325 0.4040821335078534
6 0.22124509162303668 0.41308082460732976 0.2102012434554974 0.4114446989528796 0.20365674083769636 0.41471695026178007 0.20856511780104717 0.4241246727748691 0.217154777486911 0.42207951570680624 0.22165412303664925 0.41717113874345546
6 0.1545729712041885 0.43639561518324604 0.14761943717277487 0.44171302356020936 0.1488465314136126 0.4482575261780105 0.15375490837696337 0.4478484947643979
6 0.15989037958115185 0.448666557591623 0.15048265706806285 0.4527568717277487 0.15130071989528798 0.45930137434554974 0.15620909685863876 0.4613465314136126 0.1627535994764398 0.45848331151832455 0.1627535994764398 0.4552110602094241
6 0.1840232329842932 0.4613465314136126 0.17584260471204188 0.46175556282722513 0.17338841623036652 0.4691181282722513 0.17788776178010474 0.4740265052356021 0.18443226439790578 0.4723903795811518 0.18606839005235604 0.46748200261780104
6 0.19302192408376967 0.4691181282722513 0.18688645287958117 0.4719813481675392 0.18443226439790578 0.4793439136125654 0.19261289267015708 0.4781168193717277 0.19997545811518325 0.4781168193717277 0.2007935209424084 0.47034522251308897
6 0.21142833769633512 0.4572562172774869 0.20611092931937178 0.45930137434554974 0.2044748036649215 0.4666639397905759 0.20979221204188486 0.46830006544502617 0.21551865183246077 0.4662549083769633 0.21797284031413616 0.4605284685863874
6 0.15498200261780107 0.2470140706806283 0.14066590314136126 0.2470140706806283 0.141892997382199 0.24987729057591626 0.14721040575916233 0.25478566753926707 0.15170975130890055 0.25723985602094246 0.1558000654450262 0.2551946989528796
6 0.170116164921466 0.25151341623036655 0.170116164921466 0.2613301701570681 0.18361420157068065 0.26214823298429324 0.1807509816753927 0.25396760471204194
6 0.23965150523560214 0.22124509162303668 0.2421056937172775 0.23228893979057594 0.24783213350785344 0.23106184554973827 0.24783213350785344 0.2220631544502618
6 0.241696662303665 0.241696662303665 0.23801537958115188 0.2519224476439791 0.24660503926701574 0.2527405104712042 0.24660503926701574 0.24333278795811522
6 0.21756380890052357 0.241696662303665 0.21551865183246077 0.25314954188481675 0.2220631544502618 0.25314954188481675 0.22697153141361262 0.2449689136125655
6 0.1459833115183246 0.3488628926701571 0.14148396596858642 0.35090804973821993 0.14230202879581152 0.35908867801047123 0.14843750000000003 0.36195189790575916 0.15416393979057594 0.35990674083769636 0.15539103403141363 0.3521351439790576 0.1508916884816754 0.3504990183246074
6 0.17993291884816756 0.34927192408376967 0.17338841623036652 0.3504990183246074 0.17502454188481678 0.35867964659685864 0.18116001308900526 0.36236092931937175 0.18729548429319373 0.3582706151832461 0.1864774214659686 0.35090804973821993
6 0.188931609947644 0.36195189790575916 0.1852503272251309 0.3693144633507853 0.18852257853403143 0.3754499345549739 0.1971122382198953 0.37381380890052357 0.1995664267015707 0.36726930628272253 0.19424901832460734 0.36481511780104714
6 0.179523887434555 0.3689054319371728 0.17175229057591626 0.37054155759162305 0.17175229057591626 0.3770860602094241 0.1791148560209424 0.37913121727748694 0.18279613874345552 0.3750409031413613
6 0.09485438481675396 0.3525441753926702 0.08953697643979061 0.35622545811518325 0.09444535340314139 0.3627699607329843 0.10098985602094243 0.35949770942408377
6 0.13984784031413616 0.12675883507853405 0.1320762434554974 0.12757689790575918 0.13003108638743457 0.1345304319371728 0.141892997382199 0.1345304319371728 0.15048265706806285 0.13166721204188483 0.14761943717277487 0.12716786649214662
6 0.17420647905759162 0.1864774214659686 0.1652077879581152 0.19383998691099477 0.16234456806282724 0.1995664267015707 0.16684391361256545 0.2024296465968587 0.17543357329842935 0.19752126963350786 0.179523887434555 0.1934309554973822 0.17870582460732987 0.188931609947644
6 0.24046956806282727 0.141892997382199 0.22615346858638746 0.1382117146596859 0.22615346858638746 0.14230202879581152 0.23106184554973827 0.15375490837696337 0.24292375654450266 0.1488465314136126
6 0.22901668848167542 0.17461551047120422 0.22165412303664925 0.17625163612565448 0.21838187172774873 0.1807509816753927 0.22329024869109954 0.18565935863874347 0.23106184554973827 0.18484129581151834 0.23474312827225133 0.18034195026178013
6 0.1488465314136126 0.2331070026178011 0.1521187827225131 0.24537794502617802 0.15539103403141363 0.2421056937172775 0.15498200261780107 0.23719731675392675 0.17747873036649214 0.23719731675392675 0.17584260471204188 0.23351603403141366
6 0.217154777486911 0.1958851439790576 0.217154777486911 0.1995664267015707 0.2220631544502618 0.2024296465968587 0.2245173429319372 0.20856511780104717 0.23801537958115188 0.207747054973822 0.23719731675392675 0.20365674083769636 0.23024378272251314 0.20120255235602097 0.22901668848167542 0.19465804973821993
6 0.3050965314136126 0.19465804973821993 0.3022333115183246 0.20161158376963356 0.30305137434554974 0.20979221204188486 0.3083687827225131 0.21101930628272253 0.3087778141361257 0.20488383507853408
6 0.11980530104712044 0.4253517670157068 0.10794339005235605 0.42657886125654454 0.11121564136125657 0.43189626963350786 0.12348658376963353 0.43148723821989526
6 0.13003108638743457 0.3382280759162304 0.12348658376963353 0.345181609947644 0.1251227094240838 0.3500899869109948 0.1333033376963351 0.3500899869109948 0.13984784031413616 0.3468177356020943 0.13698462041884818 0.3406822643979058
6 0.139029777486911 0.36808736910994766 0.13657558900523564 0.36481511780104714 0.13003108638743457 0.36481511780104714 0.13044011780104714 0.3693144633507853 0.13575752617801048 0.37340477748691103 0.13862074607329844 0.3770860602094241 0.14393815445026178 0.3746318717277487
6 0.40939954188481675 0.3304564790575916 0.41348985602094235 0.33741001308900526 0.42289757853403137 0.3419093586387435 0.4310782068062827 0.34395451570680635 0.4343504581151832 0.34027323298429324 0.4290330497382199 0.33413776178010474 0.42330660994764396 0.3325016361256545 0.420443390052356 0.3300474476439791
6 0.4609375 0.3693144633507853 0.4572562172774869 0.3750409031413613 0.45848331151832455 0.3840395942408377 0.4625736256544502 0.3877208769633508 0.4654368455497382 0.38240346858638746 0.4654368455497382 0.37626799738219896
6 0.5255644633507853 0.34027323298429324 0.5312909031413613 0.33986420157068065 0.5357902486910995 0.34559064136125656 0.5272005890052356 0.3496809554973822
6 0.5439708769633508 0.32963841623036655 0.5431528141361256 0.3410912958115183 0.5439708769633508 0.35090804973821993 0.548470222513089 0.34436354712041883 0.5529695680628273 0.3382280759162304 0.5525605366492147 0.33168357329842935
6 0.29487074607329844 0.0351357984293194 0.32350294502617805 0.036362892670157104 0.314095222513089 0.04004417539267019 0.3087778141361257 0.04617964659685867 0.30427846858638746 0.0482248036649215 0.3026423429319372 0.041271269633507884
6 0.2862810863874346 0.11203370418848171 0.27973658376963356 0.11244273560209425 0.27850948952879584 0.12185045811518327 0.2846449607329843 0.12266852094240839 0.2911894633507854 0.1169420811518325
6 0.18279613874345552 0.2825998036649215 0.18034195026178013 0.27850948952879584 0.17052519633507854 0.27810045811518325 0.17297938481675396 0.2879172120418848 0.18974967277486912 0.2862810863874346 0.19383998691099477 0.27973658376963356 0.1877045157068063 0.2776914267015707
6 0.17584260471204188 0.22165412303664925 0.17747873036649214 0.22738056282722519 0.1807509816753927 0.22778959424083772 0.1852503272251309 0.22410831151832467 0.1852503272251309 0.22124509162303668
6 0.19424901832460734 0.21960896596858642 0.19056773560209425 0.2245173429319372 0.19997545811518325 0.22615346858638746
6 0.19997545811518325 0.21142833769633512 0.2007935209424084 0.2167457460732985 0.20611092931937178 0.21919993455497386 0.21306446335078538 0.21347349476439798 0.21224640052356025 0.21061027486910996
6 0.2118373691099477 0.20651996073298431 0.21429155759162305 0.21101930628272253 0.2236992801047121 0.21061027486910996 0.22165412303664925 0.20529286649214665
6 0.22288121727748694 0.2163367146596859 0.22656250000000006 0.22329024869109954 0.23678828534031418 0.22247218586387438 0.23392506544502623 0.217154777486911
6 0.1852503272251309 0.22697153141361262 0.1852503272251309 0.23228893979057594 0.1922038612565445 0.23228893979057594 0.19465804973821993 0.22656250000000006
6 0.1627535994764398 0.2102012434554974 0.14925556282722513 0.21061027486910996 0.1488465314136126 0.22042702879581158 0.16479875654450266 0.22329024869109954 0.17175229057591626 0.21838187172774873 0.1639806937172775 0.2163367146596859
6 0.12675883507853405 0.2102012434554974 0.11898723821989532 0.2118373691099477 0.11612401832460735 0.22001799738219902 0.12307755235602096 0.22165412303664925 0.13044011780104714 0.22042702879581158 0.1320762434554974 0.2151096204188482
6 0.4208524214659685 0.08871891361256548 0.4196253272251309 0.09935373036649217 0.42330660994764396 0.10385307591623039 0.42739692408376956 0.1001717931937173 0.42780595549738215 0.0932182591623037 0.4282149869109947 0.08830988219895292
6 0.4331233638743456 0.08258344240837699 0.43598658376963345 0.08790085078534035 0.4396678664921466 0.08749181937172779 0.4396678664921466 0.08340150523560212
6 0.451529777486911 0.07603893979057595 0.44621236910994766 0.07276668848167543 0.44130399214659677 0.07562990837696339 0.4437581806282722 0.08217441099476444 0.4482575261780105 0.08340150523560212 0.448666557591623 0.091991164921466
6 0.43026014397905754 0.10139888743455501 0.42739692408376956 0.10671629581151836 0.4286240183246073 0.11285176701570683 0.43148723821989526 0.1132607984293194 0.4343504581151832 0.10917048429319373
6 0.4339414267015707 0.13166721204188483 0.43026014397905754 0.13657558900523564 0.4335323952879581 0.14148396596858642 0.43639561518324604 0.13862074607329844
6 0.45889234293193715 0.09730857329842936 0.45889234293193715 0.10671629581151836 0.4638007198952879 0.10467113874345553 0.46420975130890046 0.09976276178010475
6 0.4625736256544502 0.11203370418848171 0.45930137434554974 0.11448789267015709 0.46175556282722513 0.12062336387434558 0.4625736256544502 0.1251227094240838 0.47034522251308897 0.12348658376963353 0.46830006544502617 0.11121564136125657 0.4662549083769633 0.10753435863874347 0.4662549083769633 0.10753435863874347
6 0.42167048429319365 0.04086223821989532 0.432714332460733 0.04086223821989532 0.43189626963350786 0.03677192408376967 0.4212614528795811 0.03595386125654453 0.4159440445026178 0.03677192408376967 0.411035667539267 0.042498363874345586 0.41348985602094235 0.0482248036649215 0.41348985602094235 0.05517833769633511 0.4188072643979058 0.05476930628272255 0.4196253272251309 0.04617964659685867
6 0.4425310863874345 0.0351357984293194 0.44007689790575916 0.03022742146596862 0.43598658376963345 0.027364201570680664 0.4331233638743456 0.031045484293193752 0.4372136780104712 0.0351357984293194 0.44007689790575916 0.04208933246073302 0.44130399214659677 0.04781577225130894 0.44457624345549734 0.045770615183246106 0.44498527486910994 0.04208933246073302 0.451529777486911 0.04086223821989532 0.45030268324607325 0.036362892670157104
6 0.44621236910994766 0.05354221204188485 0.4425310863874345 0.05722349476439794 0.4425310863874345 0.06417702879581155 0.44621236910994766 0.07031250000000003 0.4494846204188481 0.06622218586387438 0.4494846204188481 0.0600867146596859
6 0.4576652486910994 0.06376799738219899 0.4523478403141361 0.06581315445026181 0.4523478403141361 0.07153959424083774 0.45930137434554974 0.07276668848167543 0.46011943717277487 0.06785831151832464
6 0.6315035994764397 0.036362892670157104 0.6286403795811518 0.045770615183246106 0.63313972513089 0.05272414921465972 0.6441835732984293 0.05231511780104716 0.645410667539267 0.047406740837696366 0.639684227748691 0.044134489528795846 0.6380481020942408 0.03554482984293197
6 0.5942817408376964 0.091991164921466 0.5906004581151831 0.09812663612565449 0.5918275523560209 0.10917048429319373 0.5967359293193717 0.11530595549738223 0.6008262434554974 0.11080660994764399 0.6012352748691099 0.10262598167539269 0.6008262434554974 0.09444535340314139
6 0.6384571335078534 0.06131380890052359 0.6372300392670157 0.06704024869109951 0.638866164921466 0.07358475130890056 0.6417293848167539 0.07113056282722516 0.6421384162303665 0.06663121727748694
6 0.6261861910994764 0.23106184554973827 0.6188236256544501 0.23228893979057594 0.6192326570680627 0.24251472513089006 0.6270042539267016 0.24333278795811522
6 0.7869355366492147 0.30632362565445026 0.7832542539267016 0.31041393979057597 0.7857084424083769 0.31900359947643986 0.7869355366492147 0.32677519633507857 0.7926619764397905 0.32063972513089006 0.7934800392670157 0.3132771596858639 0.7930710078534031 0.3079597513089006
6 0.8135225785340314 0.31041393979057597 0.8135225785340314 0.3194126308900524 0.8163857984293192 0.3239119764397906 0.8217032068062826 0.3214577879581152 0.8233393324607329 0.31532231675392675 0.8217032068062826 0.31041393979057597
6 0.8331560863874344 0.3239119764397906 0.8274296465968586 0.3239119764397906 0.827020615183246 0.33372873036649214 0.8331560863874344 0.3345467931937173
6 0.7861174738219895 0.3390461387434555 0.777118782722513 0.338637107329843 0.7746645942408377 0.34722676701570687 0.7873445680628272 0.3488628926701571
6 0.8397005890052356 0.3525441753926702 0.8405186518324607 0.3660422120418848 0.848699280104712 0.3644060863874346 0.849517342931937 0.35745255235602097 0.8446089659685864 0.3529532068062827
6 0.832747054973822 0.3615428664921466 0.8278386780104711 0.3611338350785341 0.827020615183246 0.3713596204188482 0.8307018979057592 0.37626799738219896 0.8343831806282722 0.37381380890052357
6 0.8503354057591622 0.37626799738219896 0.836428337696335 0.3754499345549739 0.8356102748691099 0.3840395942408377 0.8499263743455497 0.38444862565445026
6 0.8425638089005234 0.39753763089005234 0.8429728403141361 0.411035667539267 0.8466541230366491 0.4114446989528796 0.8470631544502618 0.4069453534031413 0.8658785994764397 0.4065363219895287 0.8650605366492146 0.3971285994764398
6 0.8621973167539266 0.38281250000000006 0.8634244109947643 0.39058409685863876 0.8691508507853403 0.392220222513089 0.8707869764397905 0.4065363219895287 0.8777405104712042 0.4057182591623037 0.8752863219895287 0.3819944371727749
6 0.8006756756756757 0.36599099099099097 0.802927927927928 0.37415540540540543 0.8155968468468469 0.38147522522522526 0.826295045045045 0.3887950450450451 0.825168918918919 0.3721846846846847 0.8127815315315315 0.3696509009009009 0.8096846846846848 0.3657094594594595
6 0.8037725225225225 0.3859797297297297 0.804617117117117 0.39611486486486486 0.807713963963964 0.39836711711711714 0.8105292792792793 0.40596846846846846 0.8164414414414415 0.40737612612612617 0.8178490990990991 0.4124436936936937 0.8268581081081081 0.41469594594594594 0.8279842342342343 0.42201576576576577 0.8353040540540541 0.4239864864864865 0.8350225225225225 0.4177927927927928 0.8431869369369369 0.4177927927927928 0.8426238738738739 0.4070945945945946 0.8372747747747749 0.40625 0.8375563063063064 0.39386261261261263 0.8260135135135135 0.3935810810810811 0.8234797297297298 0.3899211711711712 0.8091216216216216 0.3893581081081081 0.8085585585585585 0.3854166666666667
6 0.8375563063063064 0.2730855855855856 0.8344594594594594 0.27449324324324326 0.8353040540540541 0.28350225225225223 0.8476914414414415 0.28378378378378377 0.8547297297297298 0.2820945945945946 0.8538851351351351 0.27899774774774777
6 0.8547297297297298 0.2846283783783784 0.8558558558558559 0.29363738738738737 0.865427927927928 0.29420045045045046 0.8648648648648649 0.2989864864864865 0.870777027027027 0.2998310810810811 0.8724662162162163 0.3088400900900901 0.8871058558558559 0.3091216216216216 0.8823198198198199 0.30236486486486486 0.8758445945945945 0.29757882882882886 0.8727477477477479 0.2922297297297297 0.8648648648648649 0.28941441441441446 0.8614864864864865 0.2846283783783784
6 0.8150337837837839 0.16582207207207206 0.8147522522522523 0.17652027027027029 0.8237612612612614 0.17567567567567569 0.8231981981981983 0.1661036036036036
6 0.7837837837837838 0.17032657657657657 0.7851914414414415 0.17877252252252254 0.7922297297297297 0.178490990990991 0.7913851351351352 0.16920045045045046
6 0.7747747747747747 0.18074324324324326 0.7759009009009009 0.19087837837837837 0.7840653153153154 0.1900337837837838 0.7835022522522522 0.18074324324324326
6 0.7927927927927928 0.1810247747747748 0.793918918918919 0.19059684684684686 0.7998310810810811 0.18947072072072074 0.7992680180180181 0.17989864864864866
6 0.7843468468468469 0.19087837837837837 0.7849099099099099 0.200731981981982 0.7925112612612613 0.200731981981982 0.7919481981981982 0.1900337837837838
6 0.7657657657657657 0.22128378378378377 0.7677364864864865 0.2328265765765766 0.7728040540540541 0.23170045045045046 0.7725225225225225 0.21987612612612611
6 0.7744932432432432 0.2015765765765766 0.7753378378378379 0.205518018018018 0.7826576576576577 0.205518018018018 0.7823761261261262 0.200731981981982
6 0.8015202702702704 0.20467342342342346 0.7970157657657657 0.2069256756756757 0.798704954954955 0.2105855855855856 0.7992680180180181 0.21255630630630634 0.8026463963963965 0.2105855855855856
6 0.7190315315315315 0.17004504504504506 0.7128378378378379 0.17736486486486486 0.7193130630630631 0.18327702702702703 0.723536036036036 0.18862612612612611 0.7300112612612613 0.1875 0.7280405405405406 0.18243243243243243 0.7238175675675677 0.17539414414414417
6 0.7176238738738739 0.19481981981981983 0.7164977477477478 0.1900337837837838 0.7122747747747747 0.18975225225225226 0.7108671171171171 0.19594594594594594 0.7162162162162162 0.20101351351351351 0.7243806306306306 0.20579954954954957 0.7260698198198199 0.20298423423423423
6 0.8614864864864865 0.2536599099099099 0.861204954954955 0.26266891891891897 0.8730292792792793 0.263231981981982 0.8741554054054055 0.27055180180180183 0.8978040540540541 0.27505630630630634 0.8941441441441441 0.2609797297297297 0.8806306306306306 0.26182432432432434 0.8786599099099099 0.25760135135135137 0.8682432432432433 0.25647522522522526 0.8651463963963965 0.24549549549549549 0.839527027027027 0.2463400900900901 0.8400900900900901 0.25309684684684686
6 0.7364864864864865 0.3260135135135135 0.7252252252252253 0.32516891891891897 0.7260698198198199 0.3307995495495496 0.7378941441441442 0.32911036036036034
6 0.7533783783783784 0.32376126126126126 0.7533783783783784 0.32967342342342343 0.763795045045045 0.32967342342342343 0.7632319819819819 0.32545045045045046
6 0.7677364864864865 0.30855855855855857 0.7671734234234234 0.31953828828828834 0.7725225225225225 0.31981981981981983 0.7733671171171171 0.3096846846846847
6 0.7730855855855856 0.32376126126126126 0.771677927927928 0.32882882882882886 0.776463963963964 0.32967342342342343 0.7801238738738739 0.32713963963963966 0.7773085585585586 0.325731981981982
6 0.7680180180180181 0.28941441441441446 0.7708333333333334 0.2927927927927928 0.7908220720720721 0.2933558558558559 0.7933558558558559 0.28885135135135137 0.7868806306306306 0.28800675675675674 0.7778716216216217 0.28856981981981983
6 0.777027027027027 0.2730855855855856 0.7753378378378379 0.2775900900900901 0.7795608108108109 0.2823761261261261 0.7832207207207207 0.28125 0.7820945945945946 0.2775900900900901
6 0.8150337837837839 0.26998873873873874 0.8158783783783784 0.27899774774774777 0.8212274774774775 0.28322072072072074 0.8246058558558559 0.27899774774774777 0.8237612612612614 0.2694256756756757
6 0.8234797297297298 0.2851914414414415 0.8226351351351351 0.29645270270270274 0.8285472972972974 0.30011261261261263 0.8350225225225225 0.29786036036036034 0.8350225225225225 0.29420045045045046 0.8268581081081081 0.29420045045045046 0.8271396396396395 0.2908220720720721 0.8333333333333334 0.28800675675675674 0.8330518018018018 0.28378378378378377
6 0.802927927927928 0.33417792792792794 0.8099662162162163 0.34572072072072074 0.8192567567567568 0.3451576576576577 0.8198198198198199 0.3355855855855856
6 0.8032094594594594 0.3499436936936937 0.802927927927928 0.3572635135135135 0.8096846846846848 0.3597972972972973 0.8127815315315315 0.36542792792792794 0.8246058558558559 0.3657094594594595 0.8229166666666666 0.35670045045045046 0.8133445945945945 0.3572635135135135 0.8085585585585585 0.35641891891891897 0.8074324324324325 0.35022522522522526
6 0.7871621621621622 0.35106981981981983 0.7868806306306306 0.35951576576576577 0.7981418918918919 0.35923423423423423 0.798704954954955 0.35050675675675674
6 0.6877815315315315 0.11486486486486487 0.6872184684684685 0.12218468468468469 0.6914414414414415 0.12387387387387387 0.6908783783783784 0.13992117117117117 0.6996058558558559 0.13963963963963963 0.6984797297297297 0.125 0.6931306306306306 0.12246621621621623 0.6939752252252253 0.11373873873873874
6 0.7376126126126127 0.12922297297297297 0.7381756756756757 0.13851351351351351 0.7516891891891893 0.13879504504504506 0.75 0.12950450450450451
6 0.722972972972973 0.21424549549549549 0.7226914414414415 0.2240990990990991 0.7164977477477478 0.2286036036036036 0.7170608108108109 0.23845720720720723 0.7212837837837838 0.236768018018018 0.7207207207207207 0.23141891891891894 0.7246621621621622 0.22635135135135137 0.7274774774774775 0.22438063063063063 0.726632882882883 0.21396396396396397
6 0.7294481981981982 0.20579954954954957 0.7302927927927928 0.21030405405405408 0.7367680180180181 0.20945945945945948 0.7370495495495495 0.20608108108108109
6 0.7057995495495495 0.20636261261261263 0.7057995495495495 0.21227477477477477 0.7105855855855856 0.21227477477477477 0.7125563063063063 0.20720720720720723
6 0.8386824324324325 0.299268018018018 0.8384009009009009 0.30940315315315314 0.8454391891891893 0.30686936936936937 0.8434684684684685 0.30011261261261263
6 0.848536036036036 0.2947635135135135 0.8488175675675675 0.3006756756756757 0.8538851351351351 0.2989864864864865 0.852759009009009 0.2911036036036036
6 0.8524774774774775 0.307713963963964 0.8462837837837839 0.31109234234234234 0.8476914414414415 0.31447072072072074 0.8536036036036035 0.3136261261261261 0.8555743243243243 0.31052927927927926
6 0.8578265765765766 0.3186936936936937 0.8589527027027029 0.32911036036036034 0.8662725225225225 0.32882882882882886 0.865427927927928 0.32545045045045046 0.8609234234234234 0.32516891891891897 0.862331081081081 0.31953828828828834
6 0.8764076576576576 0.35022522522522526 0.8766891891891893 0.3586711711711712 0.8834459459459459 0.36007882882882886 0.8842905405405406 0.35106981981981983
6 0.8645833333333334 0.3355855855855856 0.8651463963963965 0.34346846846846846 0.8688063063063064 0.3454391891891892 0.8688063063063064 0.35050675675675674 0.8769707207207208 0.34853603603603606 0.8758445945945945 0.34121621621621623 0.8719031531531531 0.33755630630630634
6 0.8882319819819819 0.3293918918918919 0.888795045045045 0.33474099099099097 0.8958333333333334 0.3344594594594595 0.8961148648648649 0.32967342342342343
6 0.8916103603603605 0.3533220720720721 0.8961148648648649 0.36373873873873874 0.893581081081081 0.36542792792792794 0.8921734234234234 0.36120495495495497 0.8862612612612614 0.3606418918918919 0.8851351351351351 0.37190315315315314 0.8916103603603605 0.37359234234234234 0.8963963963963965 0.36824324324324326 0.8997747747747749 0.36542792792792794 0.9000563063063064 0.370213963963964 0.9076576576576576 0.3704954954954955 0.9082207207207208 0.3668355855855856 0.9135698198198199 0.36599099099099097 0.9163851351351351 0.3575450450450451 0.9146959459459459 0.35219594594594594 0.9113175675675675 0.3471283783783784 0.9079391891891893 0.3400900900900901 0.90625 0.3355855855855856 0.9000563063063064 0.3344594594594595 0.8994932432432433 0.3443130630630631 0.9000563063063064 0.35106981981981983 0.9037162162162163 0.35304054054054057 0.901463963963964 0.35501126126126126 0.8969594594594594 0.3536036036036036 0.8955518018018018 0.34938063063063063
6 0.8158783783783784 0.4287725225225225 0.8175675675675675 0.43806306306306303 0.8330518018018018 0.43778153153153154 0.8333333333333334 0.42623873873873874
6 0.8375563063063064 0.42454954954954954 0.8381193693693694 0.43412162162162166 0.8493806306306306 0.4321509009009009 0.847972972972973 0.4228603603603604
6 0.8510698198198199 0.4132882882882883 0.8507882882882883 0.42229729729729726 0.8651463963963965 0.42201576576576577 0.8640202702702704 0.41216216216216217
6 0.8668355855855856 0.42314189189189194 0.8673986486486486 0.4315878378378379 0.8741554054054055 0.43102477477477474 0.8795045045045045 0.42370495495495497
6 0.8488175675675675 0.4383445945945946 0.8502252252252254 0.4453828828828829 0.8581081081081081 0.4431306306306307 0.8569819819819819 0.43721846846846846
6 0.865990990990991 0.4493243243243243 0.8586711711711711 0.44735360360360366 0.8600788288288289 0.45579954954954954
6 0.8645833333333334 0.45354729729729726 0.8637387387387389 0.45889639639639646 0.8665540540540541 0.4614301801801802 0.8696509009009009 0.4572072072072072 0.8682432432432433 0.45326576576576577
6 0.7992680180180181 0.46677927927927926 0.7958896396396397 0.47128378378378377 0.7961711711711712 0.4791666666666667 0.8020833333333334 0.47775900900900903 0.8020833333333334 0.4701576576576577
6 0.7989864864864865 0.4270833333333333 0.7925112612612613 0.4270833333333333 0.7925112612612613 0.4391891891891892 0.8001126126126126 0.4375
6 0.7761824324324325 0.40737612612612617 0.7775900900900902 0.41159909909909914 0.785472972972973 0.41047297297297297 0.7868806306306306 0.40681306306306303
6 0.7849099099099099 0.41216216216216217 0.7846283783783784 0.41891891891891897 0.790259009009009 0.4172297297297297 0.8020833333333334 0.4183558558558559 0.8023648648648649 0.4118806306306307
6 0.7415540540540541 0.45185810810810817 0.740990990990991 0.4625563063063063 0.7463400900900902 0.46227477477477474 0.7469031531531531 0.4541103603603604
6 0.7736486486486487 0.45439189189189194 0.7744932432432432 0.4631193693693694 0.8051801801801803 0.4634009009009009 0.7998310810810811 0.4541103603603604 0.7882882882882882 0.45129504504504503 0.7868806306306306 0.4586148648648649 0.7804054054054055 0.4577702702702703 0.7798423423423424 0.45270270270270274
6 0.7728040540540541 0.43721846846846846 0.7733671171171171 0.4431306306306307 0.7865990990990992 0.4414414414414415 0.7849099099099099 0.4301801801801802 0.7781531531531531 0.43074324324324326 0.7789977477477478 0.43693693693693697
6 0.8355855855855856 0.4389076576576577 0.8353040540540541 0.44650900900900903 0.838963963963964 0.4462274774774775 0.838963963963964 0.4383445945945946
6 0.7682995495495495 0.15061936936936937 0.7680180180180181 0.15934684684684686 0.7719594594594594 0.1579391891891892 0.7733671171171171 0.14836711711711711
6 0.7283220720720721 0.16976351351351351 0.7291666666666667 0.17539414414414417 0.7373310810810811 0.17539414414414417 0.7373310810810811 0.17032657657657657
6 0.7370495495495495 0.16244369369369369 0.7378941441441442 0.169481981981982 0.7497184684684685 0.16976351351351351 0.7488738738738739 0.16356981981981983
6 0.6923746518105849 0.3098015320334262 0.6932451253481895 0.32634052924791085 0.7010793871866295 0.32459958217270196 0.7028203342618384 0.3163300835654596 0.6975974930362117 0.3080605849582173
6 0.7041260445682451 0.2958739554317549 0.7063022284122563 0.3067548746518106 0.7123955431754875 0.3050139275766017 0.7097841225626741 0.2950034818941504
6 0.7167479108635098 0.2945682451253482 0.7154422005571031 0.30283774373259054 0.7219707520891365 0.3032729805013928 0.7271935933147632 0.2954387186629527
6 0.7889972144846797 0.3746518105849582 0.7911733983286908 0.38596796657381616 0.7985724233983287 0.383791782729805 0.7977019498607243 0.37682799442896936
6 0.8142409470752089 0.4529944289693593 0.8068419220055711 0.46300487465181056 0.8220752089136492 0.4651810584958217 0.8242513927576601 0.4560410863509749
6 0.8037952646239555 0.488683844011142 0.8042305013927576 0.49651810584958217 0.8125 0.4947771587743732 0.8181580779944289 0.49216573816155995
6 0.8120647632311979 0.4973885793871866 0.8064066852367688 0.5013057103064067 0.8111942896935933 0.5052228412256268 0.8164171309192201 0.5030466573816156
6 0.8194637883008357 0.49651810584958217 0.8225104456824512 0.5043523676880223 0.8290389972144847 0.5034818941504178 0.8264275766016713 0.4956476323119777
6 0.8085828690807799 0.5100104456824512 0.8064066852367688 0.5195856545961003 0.8146761838440112 0.5187151810584958 0.8177228412256268 0.5087047353760445
6 0.8212047353760445 0.5104456824512534 0.819899025069638 0.5187151810584958 0.8286037604456824 0.5195856545961003 0.8312151810584959 0.5091399721448469
6 0.80466573816156 0.5274199164345404 0.8068419220055711 0.5330779944289693 0.8120647632311979 0.5348189415041783 0.8151114206128135 0.530466573816156 0.8142409470752089 0.5256789693593314
6 0.8246866295264624 0.5248084958217271 0.8255571030640668 0.5339484679665738 0.8299094707520892 0.5291608635097493 0.8338266016713092 0.5261142061281336
6 0.8368732590529249 0.5613683844011141 0.8342618384401115 0.5670264623955432 0.8403551532033425 0.5718140668523677 0.8425313370473537 0.5683321727019499
6 0.8355675487465181 0.5413474930362117 0.835132311977716 0.5517931754874652 0.8420961002785516 0.5517931754874652 0.8399199164345404 0.5396065459610028
6 0.8377437325905293 0.5147980501392758 0.8425313370473537 0.5248084958217271 0.8512360724233984 0.5226323119777159 0.8486246518105849 0.5104456824512534
6 0.8655988857938718 0.4956476323119777 0.8669045961002786 0.5021761838440112 0.8712569637883009 0.4969533426183844
6 0.8364380222841226 0.5300313370473537 0.8312151810584959 0.5378655988857939 0.8355675487465181 0.5374303621169917 0.8434018105849581 0.5330779944289693
6 0.8586350974930361 0.4647458217270195 0.8595055710306406 0.47432103064066855 0.8642931754874652 0.47301532033426186 0.869516016713092 0.46866295264623953 0.8703864902506965 0.4608286908077995
6 0.8782207520891365 0.4677924791086351 0.8769150417827298 0.4795438718662953 0.8864902506963789 0.4799791086350975 0.8869254874651811 0.4651810584958217
6 0.8303447075208913 0.48084958217270196 0.835132311977716 0.4882486072423398 0.8508008356545961 0.4869428969359332 0.8499303621169917 0.47867339832869077
6 0.858199860724234 0.4912952646239554 0.8551532033426185 0.5004352367688022 0.8651636490250697 0.5 0.8642931754874652 0.49042479108635095
6 0.8346970752089137 0.49434192200557103 0.8312151810584959 0.5004352367688022 0.8360027855153204 0.5047876044568246 0.8412256267409471 0.5026114206128134
6 0.8255571030640668 0.45778203342618384 0.8251218662952647 0.4651810584958217 0.8381789693593316 0.4621344011142061 0.8364380222841226 0.45778203342618384
6 0.755483983286908 0.3389623955431755 0.7567896935933148 0.3498433147632312 0.7659296657381616 0.3498433147632312 0.7646239554317549 0.3411385793871866
5 0.9047736220472441 0.08046259842519683 0.8654035433070867 0.13090551181102358 0.8703248031496063 0.171505905511811 0.9121555118110237 0.17027559055118108 0.9318405511811022 0.1961122047244094 0.9318405511811022 0.2760826771653543 0.9650590551181104 0.28592519685039364 0.9564468503937007 0.17519685039370075 0.9527559055118111 0.15797244094488186
7 0.29576771653543305 0.0004921259842519399 0.25393700787401574 0.06077755905511808 0.19734251968503935 0.13213582677165353 0.1456692913385827 0.15305118110236218 0.0903051181102362 0.12352362204724406 0.044783464566929165 0.07800196850393697 0.022637795275590556 0.030019685039370053 0.035846456692913406 0.0
7 0.7214566929133859 0.0 0.7362204724409449 0.05954724409448815 0.7743602362204725 0.10506889763779523 0.8075787401574803 0.11614173228346454 0.8494094488188978 0.10137795275590548 0.8838582677165355 0.06938976377952752 0.8924704724409448 0.03740157480314958 0.8838582677165355 0.0017224409448818618
