13 0.28190559440559443 0.537041083916084 0.2748033216783217 0.541958041958042 0.27207167832167833 0.5506993006993007 0.28135926573426573 0.5561625874125874 0.28682255244755245 0.5528846153846154 0.28518356643356646 0.5463286713286714
13 0.24038461538461536 0.6178977272727273 0.232736013986014 0.6189903846153847 0.23000437062937062 0.6260926573426573 0.232736013986014 0.6331949300699301 0.24311625874125875 0.6293706293706294 0.24366258741258742 0.625
13 0.2764423076923077 0.6042395104895105 0.26988636363636365 0.6118881118881119 0.2715253496503497 0.621722027972028 0.2786276223776224 0.623361013986014 0.2824519230769231 0.6146197552447552
13 0.42121940559440557 0.556708916083916 0.4141171328671329 0.5550699300699301 0.4081075174825175 0.5616258741258742 0.41083916083916083 0.5698208041958043 0.4179414335664336 0.5709134615384616 0.423951048951049 0.5649038461538461
13 0.352583135391924 0.4672654394299287 0.34627375296912116 0.4691211401425178 0.3455314726840855 0.47431710213776723 0.3529542755344418 0.476915083135392 0.35740795724465557 0.4724614014251782
13 0.49621437054631834 0.7222387173396674 0.48990498812351546 0.7233521377672208 0.4861935866983373 0.7289192399049881 0.4917606888361045 0.7337440617577198 0.4984412114014252 0.7318883610451307 0.5006680522565321 0.7270635391923991
13 0.36371733966745845 0.6847535629453682 0.35889251781472686 0.6802998812351544 0.3544388361045131 0.6780730403800475 0.35332541567695963 0.6843824228028503 0.3555522565320665 0.6903206650831354 0.3629750593824228 0.691062945368171 0.36594418052256533 0.6888361045130641
0 0.24038461538461536 0.6178977272727273 0.232736013986014 0.6189903846153847 0.23000437062937062 0.6260926573426573 0.232736013986014 0.6331949300699301 0.24311625874125875 0.6293706293706294 0.24366258741258742 0.625
0 0.2764423076923077 0.6042395104895105 0.26988636363636365 0.6118881118881119 0.2715253496503497 0.621722027972028 0.2786276223776224 0.623361013986014 0.2824519230769231 0.6146197552447552
0 0.28190559440559443 0.537041083916084 0.2748033216783217 0.541958041958042 0.27207167832167833 0.5506993006993007 0.28135926573426573 0.5561625874125874 0.28682255244755245 0.5528846153846154 0.28518356643356646 0.5463286713286714
0 0.352583135391924 0.4672654394299287 0.34627375296912116 0.4691211401425178 0.3455314726840855 0.47431710213776723 0.3529542755344418 0.476915083135392 0.35740795724465557 0.4724614014251782
0 0.42121940559440557 0.556708916083916 0.4141171328671329 0.5550699300699301 0.4081075174825175 0.5616258741258742 0.41083916083916083 0.5698208041958043 0.4179414335664336 0.5709134615384616 0.423951048951049 0.5649038461538461
0 0.36371733966745845 0.6847535629453682 0.35889251781472686 0.6802998812351544 0.3544388361045131 0.6780730403800475 0.35332541567695963 0.6843824228028503 0.3555522565320665 0.6903206650831354 0.3629750593824228 0.691062945368171 0.36594418052256533 0.6888361045130641
0 0.49621437054631834 0.7222387173396674 0.48990498812351546 0.7233521377672208 0.4861935866983373 0.7289192399049881 0.4917606888361045 0.7337440617577198 0.4984412114014252 0.7318883610451307 0.5006680522565321 0.7270635391923991
2 0.5155383548983364 0.5187153419593346 0.5112060998151571 0.5178488909426987 0.5077402957486137 0.5221811460258781 0.5086067467652495 0.526224584103512 0.5132278188539742 0.5279574861367837 0.516115988909427 0.5256469500924215
2 0.5357555452865064 0.49532116451016633 0.532289741219963 0.49503234750462105 0.5325785582255083 0.5002310536044362 0.5377772643253235 0.49907578558225507
2 0.5712800369685767 0.466728280961183 0.5678142329020333 0.46586182994454706 0.565503696857671 0.46817236598890943 0.5678142329020333 0.47163817005545283 0.5724353049907578 0.4704829020332717 0.5738793900184842 0.46817236598890943
2 0.6073821626617375 0.470771719038817 0.6018946395563771 0.4690388170055453 0.6010281885397413 0.4742375231053605 0.6076709796672828 0.4742375231053605
2 0.5198706099815157 0.4831908502772643 0.5155383548983364 0.4817467652495379 0.5155383548983364 0.4855013863216266 0.520159426987061 0.48607902033271716
2 0.5975623844731978 0.4777033271719039 0.5943853974121996 0.4791474121996303 0.5932301293900185 0.4823243992606285 0.5946742144177449 0.484923752310536 0.5981400184842883 0.48434611829944546 0.5990064695009242 0.4814579482439926
2 0.5325785582255083 0.4866566543438077 0.5299792051756007 0.4866566543438077 0.5294015711645101 0.49156654343807765 0.5325785582255083 0.4909889094269871
2 0.5285351201478743 0.5028304066543438 0.526224584103512 0.5065850277264325 0.5308456561922366 0.5074514787430684
2 0.5112060998151571 0.5016751386321626 0.5120725508317929 0.5048521256931607 0.5164048059149723 0.5045633086876155 0.516115988909427 0.5013863216266173
2 0.586815308988764 0.4520716292134831 0.586815308988764 0.45777738764044945 0.5942766853932584 0.45733848314606745 0.5942766853932584 0.4533883426966292
2 0.48762289325842695 0.4450491573033708 0.48762289325842695 0.45075491573033705 0.4937675561797753 0.4511938202247191 0.4928897471910112 0.4463658707865169
2 0.4827949438202247 0.4595330056179775 0.4832338483146067 0.4665554775280899 0.48762289325842695 0.4665554775280899 0.48806179775280895 0.4608497191011236
2 0.6034936797752809 0.3884304775280899 0.5999824438202247 0.39369733146067415 0.6034936797752809 0.39896418539325845 0.606566011235955 0.3950140449438202
2 0.5933988764044944 0.41081460674157305 0.5925210674157303 0.41871488764044945 0.5982268258426966 0.4200316011235955 0.5982268258426966 0.41125351123595505
