13 0.36711448598130847 0.5357768691588786 0.3408294392523365 0.5379672897196262 0.3408294392523365 0.5489193925233644 0.3547021028037384 0.5613317757009345 0.36857476635514025 0.5686331775700935 0.376606308411215 0.5598714953271028 0.37295560747663553 0.5481892523364487
0 0.36711448598130847 0.5357768691588786 0.3408294392523365 0.5379672897196262 0.3408294392523365 0.5489193925233644 0.3547021028037384 0.5613317757009345 0.36857476635514025 0.5686331775700935 0.37660630841121506 0.5598714953271028 0.37295560747663553 0.5481892523364487
13 0.30594405594405594 0.3135926573426574 0.2999344405594406 0.317416958041958 0.3010270979020979 0.3272508741258741 0.30976835664335667 0.3316215034965035 0.3168706293706294 0.33052884615384615 0.3179632867132867 0.3223339160839161 0.3152316433566434 0.317416958041958
0 0.30594405594405594 0.3135926573426574 0.2999344405594406 0.317416958041958 0.3010270979020979 0.3272508741258741 0.30976835664335667 0.3316215034965035 0.3168706293706294 0.33052884615384615 0.3179632867132867 0.3223339160839161 0.3152316433566434 0.317416958041958
1 0.6195367132867133 0.5954982517482518 0.6113417832167832 0.6026005244755245 0.6113417832167832 0.6091564685314685 0.6255463286713286 0.6091564685314685 0.625 0.6047858391608392
1 0.5244755244755245 0.5517919580419581 0.5299388111888113 0.546875 0.5375874125874126 0.556708916083916 0.5343094405594406 0.5616258741258742
1 0.585118006993007 0.6009615384615385 0.5933129370629371 0.5982298951048952 0.5987762237762239 0.6069711538461539 0.591673951048951 0.6107954545454546
1 0.7659527972027973 0.4387019230769231 0.7588505244755245 0.43597027972027974 0.7539335664335665 0.4414335664335664 0.7555725524475525 0.4496284965034965 0.7610358391608392 0.4490821678321678 0.7610358391608392 0.46164772727272724 0.7654064685314685 0.47148164335664344 0.7741477272727273 0.46929632867132864 0.7774256993006994 0.4611013986013986 0.7741477272727273 0.4392482517482518
14 0.34801136363636365 0.4561844405594406 0.3611232517482518 0.45181381118881114 0.3693181818181818 0.45836975524475526 0.36494755244755245 0.467111013986014 0.35565996503496505 0.4643793706293707
14 0.5146416083916084 0.5124562937062938 0.5004370629370629 0.5113636363636365 0.49934440559440557 0.5250218531468531 0.508631993006993 0.5326704545454546 0.5211975524475525 0.5310314685314685 0.5277534965034965 0.5233828671328672 0.5244755244755245 0.5157342657342657
14 0.2371066433566434 0.1737325174825175 0.23000437062937062 0.18247377622377622 0.2245410839160839 0.18793706293706294 0.22290209790209792 0.2015952797202797 0.23656031468531472 0.20378059440559443 0.24256993006993008 0.1966783216783217 0.2381993006993007 0.19176136363636365 0.24857954545454547 0.17810314685314685
9 0.2371066433566434 0.1737325174825175 0.23000437062937062 0.18247377622377622 0.2245410839160839 0.18793706293706294 0.22290209790209792 0.2015952797202797 0.23656031468531472 0.20378059440559443 0.24256993006993008 0.1966783216783217 0.2381993006993007 0.19176136363636365 0.24857954545454547 0.17810314685314685
9 0.34801136363636365 0.4561844405594406 0.3611232517482518 0.45181381118881114 0.3693181818181818 0.45836975524475526 0.36494755244755245 0.467111013986014 0.35565996503496505 0.4643793706293707
9 0.5146416083916084 0.5124562937062938 0.5004370629370629 0.5113636363636365 0.49934440559440557 0.5250218531468531 0.508631993006993 0.5326704545454546 0.5211975524475525 0.5310314685314685 0.5277534965034965 0.5233828671328672 0.5244755244755245 0.5157342657342657
