13 0.5330470500373413 0.818910932883073 0.5246452576549664 0.8245391867173208 0.5204443614637789 0.8343886309272548 0.5241784914115011 0.8470522020543125 0.5335138162808065 0.8491627972421556 0.5391150112023898 0.8407204164907837 0.5386482449589246 0.8315745040101308
13 0.5503174010455564 0.15125932179541296 0.5461165048543689 0.15688757562966088 0.5470500373412994 0.16814408329815672 0.5512509335324869 0.17447586886168567 0.5573188946975354 0.1702546784859997 0.5591859596713965 0.15970170254678484 0.5554518297236744 0.15266638525397494
14 0.41448842419716203 0.6359926832700155 0.40888722927557875 0.6465456592092302 0.40888722927557875 0.6592092303362882 0.41495519044062734 0.671169269734065 0.4219566840926064 0.668355142816941 0.4242905153099328 0.6549880399606022 0.4210231516056758 0.6465456592092302 0.42055638536221057 0.6381032784578584
14 0.46209858103061985 0.590263120866751 0.45182972367438384 0.6001125650766849 0.45556385362210605 0.6057408189109329 0.46629947722180726 0.6064443506402138
14 0.4508961911874533 0.7042352610102716 0.44016056758775207 0.6929787533417757 0.4382935026138909 0.7119741100323624
14 0.3556758775205377 0.6092584775573379 0.3570761762509335 0.6205149852258337 0.3645444361463779 0.6177008583087097 0.3640776699029126 0.6092584775573379
14 0.4466952949962658 0.6500633178556352 0.44156086631814784 0.6641339524412551 0.44762882748319643 0.6599127620655691 0.44949589245705746 0.6690586745462219 0.4588312173263629 0.666244547629098 0.4532300224047796 0.6465456592092302
14 0.4065533980582524 0.5867454622203461 0.39395070948469 0.5768960180104122 0.3925504107542942 0.588856057408189 0.39908513816280805 0.593780779513156 0.39861837191934274 0.6015196285352469 0.3916168782673637 0.6022231602645279 0.39395070948469 0.6113690727451807 0.40328603435399546 0.6099620092866188 0.4084204630321135 0.6050372871816518
14 0.4331590739357729 0.7330800619107921 0.4275578790141897 0.7401153792036019 0.42382374906646747 0.7485577599549739 0.4289581777445855 0.7485577599549739 0.43642643764002986 0.7450401013085689 0.43735997012696043 0.7380047840157591 0.43735997012696043 0.7380047840157591
14 0.4527632561613144 0.7358941888279161 0.4448282300224048 0.7365977205571971 0.44389469753547417 0.7450401013085689 0.4504294249439881 0.7499648234135359 0.45649738610903656 0.7478542282256929 0.4578976848394324 0.740818910932883
2 0.5953928031575411 0.5723530156319221 0.5961800890157877 0.5834282640339219 0.6030032331205912 0.5826371748623506 0.6024783758817601 0.5794728181760648 0.5990668038293584 0.579077273590279 0.5980170893516964 0.5723530156319221
2 0.6394808112193483 0.5644421239162078 0.6358068105475311 0.560091133472565 0.6352819533087 0.5699797481172078
2 0.6158622354719516 0.609138662109993 0.6135003778972119 0.6154673754825645 0.6163870927107826 0.6178406429972787 0.6182240930466912 0.6134896525536359
2 0.5715117987907289 0.6142807417252073 0.57203665602956 0.6241693563698499 0.5767603711790392 0.62140054426935 0.5770227997984547 0.6126985633820644
0 0.5330470500373413 0.818910932883073 0.5246452576549664 0.8245391867173208 0.5204443614637789 0.8343886309272548 0.5241784914115011 0.8470522020543125 0.5335138162808065 0.8491627972421556 0.5391150112023898 0.8407204164907837 0.5386482449589246 0.8315745040101308
9 0.4065533980582524 0.5867454622203461 0.39395070948469 0.5768960180104122 0.3925504107542942 0.588856057408189 0.39908513816280805 0.593780779513156 0.39861837191934274 0.6015196285352469 0.3916168782673637 0.6022231602645279 0.39395070948469 0.6113690727451807 0.40328603435399546 0.6099620092866188 0.4084204630321135 0.6050372871816518
9 0.46209858103061985 0.590263120866751 0.45182972367438384 0.6001125650766849 0.45556385362210605 0.6057408189109329 0.46629947722180726 0.6064443506402138
9 0.41448842419716203 0.6359926832700155 0.40888722927557875 0.6465456592092302 0.40888722927557875 0.6592092303362882 0.41495519044062734 0.671169269734065 0.4219566840926064 0.668355142816941 0.4242905153099328 0.6549880399606022 0.4210231516056758 0.6465456592092302 0.42055638536221057 0.6381032784578584
9 0.4466952949962658 0.6500633178556352 0.44156086631814784 0.6641339524412551 0.44762882748319643 0.6599127620655691 0.44949589245705746 0.6690586745462219 0.4588312173263629 0.666244547629098 0.4532300224047796 0.6465456592092302
9 0.4508961911874533 0.7042352610102716 0.44016056758775207 0.6929787533417757 0.4382935026138909 0.7119741100323624
9 0.4527632561613144 0.7358941888279161 0.4448282300224048 0.7365977205571971 0.44389469753547417 0.7450401013085689 0.4504294249439881 0.7499648234135359 0.45649738610903656 0.7478542282256929 0.4578976848394324 0.740818910932883
9 0.4331590739357729 0.7330800619107921 0.4275578790141897 0.7401153792036019 0.42382374906646747 0.7485577599549739 0.4289581777445855 0.7485577599549739 0.43642643764002986 0.7450401013085689 0.43735997012696043 0.7380047840157591 0.43735997012696043 0.7380047840157591
9 0.3556758775205377 0.6092584775573379 0.3570761762509335 0.6205149852258337 0.3645444361463779 0.6177008583087097 0.3640776699029126 0.6092584775573379
0 0.5503174010455564 0.15125932179541296 0.5461165048543689 0.15688757562966088 0.5470500373412994 0.16814408329815672 0.5512509335324869 0.17447586886168567 0.5573188946975354 0.1702546784859997 0.5591859596713965 0.15970170254678484 0.5554518297236744 0.15266638525397494
