14 0.690246757925072 0.6587265850144093 0.69069704610951 0.6627791786743515 0.6861941642651297 0.66773234870317 0.6861941642651297 0.6749369596541787 0.6933987752161384 0.6767381123919308 0.6920479106628241 0.6713346541786743 0.6920479106628241 0.6713346541786743 0.6961005043227665 0.6650306195965417
14 0.6870947406340058 0.6218029538904899 0.6875450288184438 0.6303584293948126 0.6848432997118155 0.6371127521613833 0.6888958933717579 0.6389139048991355 0.6929484870317003 0.6326098703170029 0.6929484870317003 0.6236041066282421
14 0.6713346541786743 0.6510716858789625 0.6735860951008645 0.6609780259365994 0.6830421469740633 0.6569254322766571 0.6794398414985591 0.6524225504322766
14 0.6762878242074928 0.6006394092219021 0.6735860951008645 0.6060428674351586 0.6749369596541787 0.6136977665706052 0.6740363832853026 0.6200018011527377 0.6794398414985591 0.6209023775216138 0.6807907060518732 0.6136977665706052 0.6830421469740633 0.6105457492795389 0.6821415706051873 0.6024405619596542
15 0.4511437319884726 0.32731448126801155 0.44483969740634005 0.32956592219020175 0.4416876801152737 0.3354196685878963 0.444389409221902 0.3399225504322767 0.4520443083573487 0.33722082132564846 0.45609690201729103 0.33406880403458217 0.4547460374639769 0.3300162103746398
18 0.4930205331412104 0.5965868155619597 0.48716678674351577 0.6001891210374639 0.4876170749279539 0.6069434438040345 0.49437139769452443 0.6064931556195965 0.49797370317002876 0.601539985590778
18 0.5249909942363112 0.5758735590778098 0.5200378242074928 0.5772244236311239 0.5177863832853026 0.5821775936599424 0.522289265129683 0.5862301873198847 0.5290435878962536 0.5848793227665705 0.5303944524495676 0.5812770172910662
18 0.3718930115273776 0.7586905619596542 0.36739012968299717 0.7600414265129682 0.36693984149855907 0.7654448847262247 0.3714427233429395 0.7690471902017291 0.377296469740634 0.7658951729106628
18 0.40270303326810175 0.6993028375733854 0.399339530332681 0.7014432485322896 0.39811643835616434 0.7066413894324853 0.40117416829745595 0.7090875733855185 0.40514921722113495 0.7072529354207436 0.40576076320939336 0.704195205479452
18 0.3623409980430528 0.702360567514677 0.35836594911937375 0.7035836594911937 0.3580601761252446 0.7084760273972602 0.3623409980430528 0.7090875733855185 0.3644814090019569 0.7069471624266145
18 0.38038160469667315 0.650073385518591 0.37548923679060664 0.6506849315068493 0.3733488258317025 0.6534368884540117 0.37610078277886494 0.6564946183953033 0.38099315068493145 0.6558830724070449 0.3837451076320939 0.6531311154598826
18 0.4825097847358121 0.738747553816047 0.47792318982387477 0.7399706457925636 0.47608855185909976 0.7442514677103718 0.4794520547945205 0.7473091976516634 0.4849559686888454 0.7457803326810175
18 0.4711961839530332 0.7479207436399217 0.46660958904109584 0.74853228962818 0.46599804305283754 0.7528131115459882 0.4705846379647749 0.7552592954990215 0.4751712328767123 0.7540362035225049 0.4742539138943248 0.7500611545988257
15 0.42899951076320936 0.7414995107632094 0.4280821917808219 0.7479207436399217 0.42318982387475534 0.752507338551859 0.4241071428571428 0.7592343444227005 0.43205724070450097 0.7598458904109588 0.43939579256360073 0.7567881604696673 0.4409246575342466 0.7497553816046966 0.437866927592955 0.7442514677103718
14 0.10426859099804305 0.5669031311154599 0.10793786692759295 0.5938111545988258 0.11068982387475537 0.5892245596868884 0.11649951076320939 0.586472602739726 0.12414383561643835 0.584332191780822 0.12108610567514677 0.5626223091976517
18 0.461105675146771 0.9295499021526418 0.457130626223092 0.9323018590998042 0.4568248532289628 0.9368884540117417 0.461105675146771 0.9381115459882583 0.46446917808219174 0.935971135029354 0.4647749510763209 0.9332191780821917
18 0.49932729941291576 0.6124633072407045 0.4956580234833659 0.6136863992172211 0.49596379647749506 0.617355675146771 0.49993884540117417 0.6179672211350293 0.5033023483365949 0.6152152641878669
18 0.49810420743639916 0.6194960861056751 0.49535225048923676 0.6216364970645791 0.49749266144814086 0.6243884540117416 0.5008561643835616 0.6240826810176124 0.5020792563600782 0.62133072407045
18 0.3782411937377691 0.2562377690802348 0.37457191780821913 0.2580724070450098 0.3748776908023483 0.26265900195694714 0.38038160469667315 0.26479941291585124 0.38405088062622306 0.2617416829745597 0.38252201565557725 0.2580724070450098
18 0.44704011741682975 0.2761130136986301 0.4427592954990215 0.27917074363992167 0.4421477495107632 0.28436888454011744 0.44642857142857145 0.28620352250489234 0.4500978473581213 0.2837573385518591 0.45040362035225046 0.2800880626223092
18 0.517062133072407 0.42441291585127205 0.5112524461839529 0.42624755381604695 0.5109466731898238 0.4299168297455968 0.5152274951076321 0.4311399217221135 0.5192025440313112 0.43022260273972596 0.5201198630136986 0.42747064579256355
18 0.5277641878669276 0.42318982387475534 0.5253180039138943 0.4222725048923679 0.5240949119373777 0.4253302348336595 0.524706457925636 0.4280821917808219 0.5283757338551859 0.4280821917808219 0.5305161448140899 0.42563600782778865 0.5308219178082191 0.42563600782778865
18 0.5075831702544031 0.48893101761252444 0.5045254403131115 0.4886252446183953 0.5033023483365949 0.4913772015655577 0.5045254403131115 0.49412915851272016 0.5078889432485323 0.4944349315068493 0.5097235812133072 0.49168297455968685
18 0.5011619373776908 0.49107142857142855 0.49810420743639916 0.4913772015655577 0.49810420743639916 0.49535225048923676 0.5008561643835616 0.4971868884540117 0.5036081213307241 0.4956580234833659
2 0.5351027397260274 0.6182729941291585 0.5311276908023483 0.6191903131115459 0.5317392367906066 0.6225538160469667 0.5375489236790607 0.6216364970645791
2 0.574853228962818 0.6161325831702544 0.5794398238747553 0.617355675146771 0.5818860078277887 0.6142979452054794 0.5794398238747553 0.6118517612524461
2 0.5494740704500978 0.6210249510763208 0.5448874755381604 0.6234711350293541 0.5500856164383562 0.6253057729941291
2 0.569043542074364 0.6170499021526419 0.5659858121330724 0.6188845401174168 0.5656800391389433 0.623165362035225 0.5693493150684932 0.6237769080234833 0.5717954990215264 0.6210249510763208
2 0.5846379647749511 0.6311154598825832 0.5818860078277887 0.6338674168297456 0.5831090998043053 0.6366193737769079 0.5873899217221135 0.6357020547945205
2 0.5760763209393346 0.630809686888454 0.576993639921722 0.634784735812133 0.5806629158512719 0.6311154598825832
2 0.5583414872798433 0.6277519569471623 0.5620107632093932 0.6311154598825832 0.5626223091976517 0.6268346379647749
2 0.5562010763209393 0.6240826810176124 0.5617049902152641 0.625 0.5601761252446184 0.6219422700587084
2 0.6314212328767124 0.5818860078277887 0.6320327788649707 0.5846379647749511 0.6375366927592955 0.5834148727984344 0.6363136007827788 0.5809686888454012
2 0.6369251467710371 0.5904476516634051 0.6357020547945205 0.5950342465753424 0.6396771037181995 0.594116927592955
2 0.630809686888454 0.6069593933463796 0.6332558708414873 0.6100171232876712 0.6369251467710371 0.607876712328767 0.6338674168297456 0.6048189823874754
18 0.5314334637964775 0.7005259295499021 0.5256237769080234 0.7017490215264187 0.5234833659491194 0.7072529354207436 0.5256237769080234 0.7103106653620352 0.5311276908023483 0.7106164383561644 0.5338796477495107 0.7081702544031311 0.5347969667318982 0.7045009784735812
9 0.6762878242074928 0.6006394092219021 0.6735860951008645 0.6060428674351586 0.6749369596541787 0.6136977665706052 0.6740363832853026 0.6200018011527377 0.6794398414985591 0.6209023775216138 0.6807907060518732 0.6136977665706052 0.6830421469740633 0.6105457492795389 0.6821415706051873 0.6024405619596542
9 0.6713346541786743 0.6510716858789625 0.6735860951008645 0.6609780259365994 0.6830421469740633 0.6569254322766571 0.6794398414985591 0.6524225504322766
9 0.690246757925072 0.6587265850144093 0.69069704610951 0.6627791786743515 0.6861941642651297 0.66773234870317 0.6861941642651297 0.6749369596541787 0.6933987752161384 0.6767381123919308 0.6920479106628241 0.6713346541786743 0.6920479106628241 0.6713346541786743 0.6961005043227665 0.6650306195965417
9 0.6870947406340058 0.6218029538904899 0.6875450288184438 0.6303584293948126 0.6848432997118155 0.6371127521613833 0.6888958933717579 0.6389139048991355 0.6929484870317003 0.6326098703170029 0.6929484870317003 0.6236041066282421
0 0.42899951076320936 0.7414995107632094 0.4280821917808219 0.7479207436399217 0.42318982387475534 0.752507338551859 0.4241071428571428 0.7592343444227005 0.43205724070450097 0.7598458904109588 0.43939579256360073 0.7567881604696673 0.4409246575342466 0.7497553816046966 0.437866927592955 0.7442514677103718
0 0.4511437319884726 0.32731448126801155 0.44483969740634005 0.32956592219020175 0.4416876801152737 0.3354196685878963 0.444389409221902 0.3399225504322767 0.4520443083573487 0.33722082132564846 0.45609690201729103 0.33406880403458217 0.4547460374639769 0.3300162103746398
