6 0.5080818965517242 0.648504849137931 0.5084186422413793 0.652209051724138 0.5101023706896551 0.658270474137931 0.517510775862069 0.6579337284482759 0.515490301724138 0.6528825431034483
6 0.5178475215517242 0.6609644396551724 0.5131330818965518 0.6666891163793104 0.5181842672413793 0.6724137931034483 0.5239089439655172 0.6720770474137931 0.5228987068965518 0.666015625
6 0.5239089439655172 0.65625 0.5242456896551724 0.6602909482758621 0.5289601293103449 0.6606276939655172 0.5296336206896551 0.6575969827586208
6 0.5360317887931034 0.6835264008620691 0.5323275862068966 0.6889143318965518 0.5353582974137931 0.6983432112068966 0.5373787715517242 0.691271551724138 0.5420932112068966 0.6882408405172413 0.541082974137931 0.6835264008620691
6 0.5043776939655172 0.6808324353448276 0.4983162715517242 0.6825161637931034 0.49898976293103453 0.689251077586207 0.5047144396551724 0.6949757543103449 0.5138065732758621 0.7007004310344829 0.5181842672413793 0.7003636853448276 0.521551724137931 0.6966594827586208 0.515490301724138 0.6943022629310345 0.5121228448275862 0.6899245689655172 0.5087553879310345 0.691271551724138 0.5023572198275862 0.689251077586207
6 0.44039601293103453 0.6279633620689655 0.44140625 0.6353717672413793 0.44578394396551724 0.6370554956896551 0.4484779094827586 0.6330145474137931 0.44645743534482757 0.6296470905172413
6 0.45016163793103453 0.6673626077586208 0.45016163793103453 0.6747710129310345 0.45453933189655177 0.6798221982758621 0.4592537715517241 0.6771282327586208 0.45891702586206895 0.6710668103448276 0.4552128232758621 0.668036099137931
6 0.521551724137931 0.6373922413793104 0.5255926724137931 0.6421066810344829 0.531317349137931 0.6417699353448276 0.5333378232758621 0.638739224137931 0.5299703663793104 0.6363820043103449 0.5259294181034483 0.6336880387931034
6 0.507745150862069 0.6700565732758621 0.5067349137931034 0.6747710129310345 0.5124595905172413 0.681505926724138 0.5144800646551724 0.6764547413793104 0.513469827586207 0.671740301724138
6 0.47609105603448276 0.7124865301724138 0.4771012931034483 0.7202316810344829 0.4885506465517242 0.7202316810344829 0.486193426724138 0.7175377155172413 0.48417295258620696 0.7138335129310345
6 0.5262661637931034 0.648504849137931 0.527276400862069 0.6525457974137931 0.5343480603448276 0.652209051724138 0.5336745689655172 0.6491783405172413
6 0.45655980603448276 0.7424568965517242 0.46060075431034486 0.749865301724138 0.46430495689655177 0.744140625
6 0.5279498922413793 0.699016702586207 0.5282866379310345 0.7104660560344829 0.5303071120689655 0.7165274784482759 0.5333378232758621 0.7155172413793104 0.533001077586207 0.7060883620689655 0.5319908405172413 0.701037176724138
6 0.5454606681034483 0.6161772629310345 0.5404094827586208 0.6141567887931034 0.5383890086206897 0.6168507543103449 0.550848599137931 0.6256061422413793 0.5532058189655172 0.6235856681034483 0.5501751077586208 0.6077586206896551 0.5471443965517242 0.6077586206896551
6 0.52671875 0.67390625 0.5276562499999999 0.6690625 0.5315624999999999 0.6682812499999999 0.53609375 0.67109375 0.5375 0.6754687500000001 0.53390625 0.676875 0.5328125 0.67375 0.53125 0.67234375 0.53046875 0.67453125
6 0.5310937499999999 0.66109375 0.531875 0.665 0.5375 0.6653125 0.5375 0.66109375
6 0.5759375 0.63578125 0.5795312499999999 0.64171875 0.58203125 0.6403125000000001 0.5790625 0.63484375
6 0.5745312499999999 0.615 0.57640625 0.6203125 0.57984375 0.6196875000000001 0.57875 0.6159375
6 0.49093749999999997 0.6909375 0.48828125 0.6925 0.48828125 0.6965625 0.49781250000000005 0.69640625 0.49765625 0.6934375 0.50046875 0.69296875 0.4996875 0.6910937500000001
6 0.48765625 0.6853125 0.4875 0.68828125 0.49312500000000004 0.68859375 0.49312500000000004 0.6859375
6 0.49171875 0.72828125 0.49109375 0.73171875 0.49375 0.73390625 0.49640625 0.7318749999999999 0.495625 0.72921875 0.49328125 0.7278125
6 0.48687500000000006 0.7240624999999999 0.48375 0.7253125 0.48484375 0.729375 0.4884375 0.729375 0.490625 0.7264062499999999 0.49046874999999995 0.724375
6 0.48343749999999996 0.73328125 0.484375 0.7357812499999999 0.4859375 0.73625 0.48765625 0.7381249999999999 0.489375 0.7371875 0.488125 0.7342187499999999 0.48765625 0.73234375
6 0.53046875 0.57140625 0.5271874999999999 0.58203125 0.53734375 0.58125 0.53296875 0.5784374999999999 0.5340625 0.5721875
6 0.501875 0.6546875 0.501875 0.6575 0.50484375 0.658125 0.505625 0.6553125
6 0.45578124999999997 0.6548437500000001 0.45765625 0.66125 0.4625 0.6621875 0.46218750000000003 0.6553125
6 0.4990369799691833 0.7462923728813559 0.49711093990755006 0.7503852080123267 0.5002407550077042 0.7525520030816641 0.5021667950693375 0.7515889830508474 0.5021667950693375 0.7489406779661016
6 0.536113251155624 0.7511074730354391 0.5337057010785824 0.7547187981510015 0.5365947611710323 0.7564040832049306 0.5380392912172572 0.755441063174114
12 0.375096450617284 0.677951388888889 0.3828125000000001 0.6625192901234568 0.3828125000000001 0.6422646604938272 0.375096450617284 0.6200810185185186 0.3625578703703704 0.6027199074074074 0.34423225308641986 0.5863233024691359 0.3278356481481482 0.5631751543209877 0.31336805555555564 0.5535300925925927 0.291184413580247 0.5458140432098766 0.26514274691358036 0.529417438271605 0.2757523148148149 0.48890817901234573 0.28539737654320996 0.46190200617283955 0.29407793209876554 0.4329668209876544 0.2979359567901235 0.41560570987654327 0.2989004629629631 0.4049961419753087 0.32590663580246926 0.4049961419753087 0.3278356481481482 0.43007330246913583 0.32880015432098775 0.4628665123456791 0.32590663580246926 0.48794367283950624 0.33265817901234573 0.5091628086419754 0.3529128086419754 0.51977237654321 0.3770254629629631 0.5159143518518519 0.4049961419753087 0.5361689814814816 0.40981867283950624 0.5544945987654322 0.40788966049382724 0.5728202160493827 0.3943865740740741 0.5911458333333334 0.3924575617283951 0.603684413580247 0.39920910493827166 0.6210455246913581 0.3953510802469137 0.6519097222222223 0.39149305555555564 0.6683063271604939
12 0.23813657407407418 0.5747492283950618 0.21884645061728403 0.6065779320987655 0.2159529320987655 0.6277970679012347 0.23042052469135813 0.6519097222222223 0.25163966049382724 0.6557677469135803 0.2718942901234569 0.6519097222222223 0.29407793209876554 0.6538387345679013 0.3172260802469137 0.6586612654320988 0.33748070987654327 0.6644483024691359 0.3423032407407408 0.6586612654320988 0.32590663580246926 0.6451581790123457 0.3095100308641976 0.6432291666666667 0.28732638888888895 0.6355131172839507 0.2825038580246914 0.6220100308641976 0.2718942901234569 0.6007908950617284 0.2641782407407408 0.5892168209876544 0.25260416666666674 0.5815007716049383
16 0.6730054909560723 0.5983123385012921 0.6734092377260982 0.6120397286821706 0.6766392118863049 0.6281895994832041 0.6721979974160207 0.6423207364341085 0.6734092377260982 0.6520106589147286 0.6851178940568475 0.6447432170542635 0.6923853359173127 0.631015826873385 0.6988452842377261 0.6172884366925064 0.6988452842377261 0.5999273255813954 0.6984415374677002 0.5950823643410852
16 0.8345041989664083 0.6540293927648578 0.8272367571059431 0.6697755167958657 0.825218023255814 0.6851178940568475 0.8312742248062015 0.681080426356589 0.842579134366925 0.6625080749354005 0.8559027777777777 0.6475694444444444 0.8591327519379846 0.6342458010335917 0.8534802971576226 0.6193071705426356 0.8490390826873385 0.6390907622739018 0.842579134366925 0.6491844315245479
16 0.7428536821705427 0.8361191860465116 0.7388162144702842 0.8288517441860466 0.7315487726098191 0.8296592377260982 0.7263000645994832 0.8369266795865633 0.7254925710594315 0.8458091085271319 0.7299337855297158 0.8498465762273902 0.7396237080103358 0.8450016149870802
16 0.6059835271317829 0.8179505813953488 0.5991198320413437 0.8143168604651162 0.5861999354005168 0.8183543281653746 0.5817587209302325 0.8260255167958656 0.5870074289405685 0.8369266795865633 0.5946786175710594 0.8417716408268733 0.5966973514211886 0.8316779715762272 0.5975048449612403 0.8256217700258398
16 0.3152858527131783 0.6919815891472868 0.326187015503876 0.6903666020671835 0.343951873385013 0.6935965762273901 0.3613129844961241 0.6871366279069767 0.37100290697674426 0.6814841731266149 0.37140665374677007 0.666141795865633 0.37302164082687345 0.6556443798449612 0.37059916020671835 0.6443394702842377 0.3653504521963825 0.6338420542635659 0.35606427648578814 0.6225371447028424 0.3516230620155039 0.6096172480620156 0.3657541989664083 0.6055797803617571 0.3758478682170543 0.6112322351421189 0.3819040697674419 0.6241521317829457 0.38432655038759694 0.6398982558139534 0.3859415374677003 0.6552406330749354 0.3823078165374677 0.6693717700258397 0.3932089793281654 0.6814841731266149 0.38109657622739024 0.6944040697674418 0.36494670542635665 0.7008640180878553 0.35121931524547806 0.7044977390180878 0.3378956718346254 0.7028827519379844 0.33062822997416025 0.7004602713178294 0.32134205426356593 0.6988452842377261
16 0.7234738372093024 0.7856508397932817 0.726703811369509 0.8022044573643411 0.7372012273901809 0.8009932170542635 0.7424499354005168 0.7880733204134367
16 0.5510739664082688 0.08999515503875972 0.5421915374677002 0.08959140826873388 0.5288678940568475 0.09645510335917315 0.5228116925064599 0.10574127906976746 0.5357315891472868 0.11421996124031011 0.5490552325581396 0.11664244186046516 0.5539001937984496 0.11139373385012923 0.5514777131782946 0.10210755813953491
0 0.51734375 0.5432812499999999 0.5142187500000001 0.5454687500000001 0.51484375 0.5484375 0.51796875 0.5506249999999999 0.5220312500000001 0.54921875 0.5231250000000001 0.5470312500000001 0.521875 0.54515625
0 0.2940625 0.9090624999999999 0.29109375000000004 0.91171875 0.29312499999999997 0.9153125 0.29640625 0.9145312499999999 0.2975 0.9115624999999999
0 0.299375 0.9003125000000001 0.2965625 0.90171875 0.29734375 0.9060937499999999 0.2996875 0.9060937499999999 0.30046875 0.9037499999999999
0 0.30578125 0.9025000000000001 0.30343749999999997 0.90453125 0.30343749999999997 0.9082812499999999 0.30578125 0.9106249999999999 0.30843750000000003 0.90921875 0.30953125 0.9059375 0.30859375 0.9037499999999999
0 0.311875 0.891875 0.30874999999999997 0.8934374999999999 0.30859375 0.8973437499999999 0.31171875 0.8989062499999999 0.3134375 0.896875 0.313125 0.89359375
0 0.31625000000000003 0.89421875 0.3140625 0.89515625 0.31390625 0.8989062499999999 0.31656249999999997 0.9004687499999999 0.3196875 0.8985937500000001 0.31953125 0.89578125
0 0.315625 0.9034375000000001 0.31421875 0.9053125 0.3146875 0.9084375 0.31671875 0.9115624999999999 0.31984375 0.91234375 0.321875 0.91109375 0.32328125 0.9067187499999999 0.32203125 0.90453125 0.319375 0.903125
0 0.3696875 0.95375 0.36796875 0.95828125 0.37 0.9625 0.37484375000000003 0.9646874999999999 0.3771875 0.961875 0.37687499999999996 0.9574999999999999 0.3753125 0.9553125
0 0.429375 0.8896875 0.4253125 0.8915625 0.4259375 0.8956250000000001 0.42953125 0.8975 0.434375 0.896875 0.43640625 0.8940625000000001 0.43484375000000003 0.8915625
0 0.43218750000000006 0.8396874999999999 0.42859375 0.8409375000000001 0.42874999999999996 0.8448437500000001 0.4303125 0.84828125 0.43484375000000003 0.8501562500000001 0.43859375 0.8478125000000001 0.43921875000000005 0.8439062500000001 0.43765625 0.84109375
6 0.24984375 0.55078125 0.25015624999999997 0.555625 0.25171875 0.560625 0.255 0.5639062499999999 0.25640625 0.56078125 0.25640625 0.556875 0.2553125 0.5534375 0.25265624999999997 0.55140625
6 0.41078125 0.56875 0.41296875 0.5753125 0.4171875 0.5743750000000001 0.41703124999999996 0.5696875
6 0.48671875 0.663125 0.4871875 0.666875 0.49124999999999996 0.66609375 0.49140625 0.66296875
6 0.47859375000000004 0.65140625 0.4759375 0.65703125 0.47781250000000003 0.6604687499999999 0.48328125 0.66078125 0.48515625 0.6575 0.48390625 0.65296875
6 0.464375 0.599375 0.465625 0.6015625 0.46984375 0.6014062499999999 0.46968750000000004 0.5996875
1 0.2748940677966102 0.6073767334360555 0.26430084745762716 0.611228813559322 0.26743066255778125 0.617247688751926 0.2756163328197227 0.6182107087827426 0.2823574730354392 0.6184514637904468 0.28596879815100157 0.6138771186440678 0.2840427580893683 0.6037654083204931
9 0.6885111710323575 0.6131548536209552 0.6836960708782742 0.617247688751926 0.6815292758089367 0.6242295839753467 0.6832145608628659 0.6295261941448382 0.687788906009245 0.6290446841294298 0.6911594761171032 0.6249518489984591 0.6945300462249614 0.6198959938366718 0.6933262711864406 0.6155624036979969
9 0.7135496918335902 0.7246244221879815 0.7128274268104776 0.7308840523882896 0.7122093023255813 0.7373425387596899 0.7200500770416024 0.7366621725731896 0.7195685670261941 0.725346687211094
9 0.7304025423728813 0.7901097842835131 0.726791217257319 0.7920358243451464 0.7275134822804314 0.797573189522342 0.733050847457627 0.7985362095531586 0.7376251926040062 0.7958879044684128 0.7371436825885979 0.7922765793528506 0.7344953775038521 0.7903505392912172
0 0.7328003875968992 0.8342417635658915 0.7291666666666666 0.8375726744186046 0.7291666666666666 0.8424176356589147 0.731891957364341 0.8451429263565892 0.7364341085271318 0.8415092054263565 0.7370397286821706 0.836361434108527
