18 0.5783208020050126 0.17406497011760175 0.571693657219973 0.18551185656448818 0.5777183342972816 0.1939464044727203 0.5867553499132446 0.19334393676498945 0.589767688451899 0.18551185656448818 0.5855504144977829 0.17888471177944865
13 0.3234769616348564 0.6343502988239831 0.31684981684981683 0.6427848467322151 0.31865721997300944 0.6548342008868324 0.32889917100443417 0.6602564102564104 0.338538654328128 0.6506169269327164 0.3367312512049354 0.6415799113167535
18 0.8138856757277809 0.5753084634663582 0.8090659340659341 0.5813331405436668 0.8078609986504723 0.5903701561596298 0.8150906111432428 0.5945874301137459 0.8199103528050896 0.5885627530364372 0.8193078850973587 0.5831405436668594
2 0.6838849135360763 0.538536076326774 0.6853756708407871 0.5485986881335718 0.6891025641025641 0.5403995229576625
2 0.6969290399522958 0.5277280858676208 0.6969290399522958 0.5396541443053071 0.7017740011926059 0.5396541443053071 0.7077370304114491 0.5422629695885509 0.7092277877161598 0.538536076326774 0.7032647584973166 0.5322003577817531
2 0.7017740011926059 0.5243738819320215 0.7047555158020274 0.5288461538461539 0.7077370304114491 0.5254919499105546
2 0.7028920691711389 0.5057394156231365 0.7055008944543828 0.5139385807990459 0.7081097197376267 0.5068574836016697
2 0.680530709600477 0.4789057841383423 0.6827668455575432 0.4874776386404293 0.6868664281454979 0.48114192009540846
2 0.6898479427549196 0.4960494931425164 0.6905933214072749 0.5005217650566488 0.6935748360166964 0.49716756112104943
2 0.7703488372093024 0.5355545617173524 0.7729576624925462 0.5415175909361956 0.7796660703637447 0.5407722122838401 0.7778026237328562 0.5374180083482408
2 0.7215265354800238 0.5325730471079309 0.7211538461538461 0.5381633870005963 0.7252534287418009 0.5377906976744187
2 0.7778026237328562 0.5642516398330352 0.7766845557543232 0.5709600477042337 0.7807841383422779 0.5705873583780561 0.7811568276684556 0.5672331544424568
16 0.33020274299344066 0.6328264758497316 0.33318425760286224 0.6209004174120453 0.326103160405486 0.616428145497913 0.3171586165772212 0.6220184853905784 0.30895945140131187 0.6317084078711985 0.3085867620751342 0.6454979129397734 0.31454979129397737 0.6592874180083482 0.3182766845557543 0.6678592725104353 0.3279666070363744 0.6794126416219439 0.3372838401908169 0.6835122242098985 0.34511031604054854 0.6723315444245677 0.34660107334525936 0.661896243291592 0.3391472868217055 0.6555605247465712 0.33243887895050683 0.6488521168753727
16 0.7688662048851623 0.2505012759752096 0.7705751002551952 0.2721472839956252 0.7865247903755014 0.2692991250455706 0.7836766314254467 0.256197593875319
16 0.7268356643356644 0.14685314685314685 0.7355769230769231 0.21153846153846154 0.7740384615384616 0.21153846153846154 0.7705419580419581 0.19493006993006995
16 0.6612762237762239 0.17307692307692307 0.6402972027972028 0.17307692307692307 0.6263111888111889 0.18181818181818182 0.6315559440559441 0.1993006993006993 0.6516608391608393 0.19667832167832167 0.6717657342657344 0.1896853146853147 0.6717657342657344 0.1791958041958042
16 0.7111013986013988 0.18181818181818182 0.6953671328671329 0.17657342657342656 0.6822552447552449 0.18444055944055945 0.6840034965034966 0.20192307692307693 0.6962412587412589 0.20979020979020976 0.7058566433566434 0.20629370629370627 0.7172202797202798 0.20541958041958042 0.7242132867132868 0.19842657342657344
